0 0.16071428571428573 0.37202702702702706 0.05591836734693878 0.06337837837837838
0 0.19724489795918368 0.35283783783783784 0.06598639455782312 0.06842342342342342
0 0.2230612244897959 0.3061261261261261 0.03448979591836735 0.06504504504504505
0 0.09836734693877551 0.4571171171171171 0.06979591836734694 0.06337837837837838
0 0.10465986394557823 0.5872522522522523 0.05972789115646258 0.08009009009009009
0 0.19156462585034015 0.49801801801801804 0.052142857142857144 0.09509009009009009
0 0.2677551020408163 0.4112612612612612 0.06346938775510204 0.0750900900900901
0 0.367891156462585 0.4020720720720721 0.0495578231292517 0.06004504504504504
0 0.3572108843537415 0.7532432432432432 0.04578231292517007 0.06842342342342342
0 0.37044217687074826 0.8016216216216216 0.03357142857142857 0.055045045045045045
0 0.4176530612244898 0.7549099099099099 0.04074829931972789 0.038378378378378375
0 0.6613605442176871 0.31445945945945947 0.03938775510204082 0.055045045045045045
0 0.6229591836734694 0.336981981981982 0.04064625850340136 0.046711711711711706
0 0.6500340136054422 0.382027027027027 0.04625850340136054 0.06004504504504504
0 0.7148979591836735 0.36202702702702705 0.04064625850340136 0.07342342342342342
0 0.7369727891156462 0.4112612612612612 0.05887755102040816 0.04837837837837838
0 0.8458843537414966 0.29027027027027025 0.05319727891156463 0.053378378378378374
0 0.8345578231292518 0.3970720720720721 0.04816326530612245 0.06671171171171171
0 0.9051020408163266 0.46630630630630626 0.04758503401360544 0.06842342342342342
0 0.8981632653061224 0.3712162162162162 0.03931972789115647 0.05837837837837838
0 0.9346938775510204 0.5505405405405406 0.031224489795918367 0.05671171171171171
0 0.6928571428571428 0.6806756756756758 0.044421768707482996 0.05004504504504504