0 0.39499999999999996 0.24256756756756756 0.08693877551020408 0.06252252252252252
0 0.687312925170068 0.47603603603603606 0.08098639455782312 0.12000000000000001
0 0.5301020408163265 0.37139639639639643 0.14068027210884354 0.08675675675675676
0 0.5659523809523809 0.5149549549549549 0.05163265306122449 0.07495495495495495
0 0.28183673469387754 0.2894594594594595 0.08326530612244898 0.05396396396396397
0 0.37952380952380954 0.44265765765765763 0.13023809523809524 0.09828828828828828
0 0.2778231292517007 0.5663513513513514 0.1556122448979592 0.09999999999999999
0 0.43918367346938775 0.7318468468468469 0.08258503401360545 0.11972972972972973
0 0.47428571428571425 0.5713063063063063 0.10639455782312926 0.09342342342342341
0 0.5920748299319728 0.6186036036036037 0.0636734693877551 0.06108108108108108
0 0.9375850340136054 0.4778828828828829 0.0898639455782313 0.1031981981981982
0 0.7941156462585034 0.47279279279279274 0.09979591836734694 0.11346846846846848
0 0.8001360544217687 0.6085585585585586 0.04074829931972789 0.04513513513513513
0 0.7825170068027211 0.6792342342342342 0.048775510204081635 0.05130630630630631