0 0.3974149659863946 0.12675675675675677 0.0857482993197279 0.12121621621621621
0 0.6749659863945578 0.8515315315315315 0.12578231292517006 0.19220720720720721
0 0.5999319727891156 0.7000000000000001 0.09343537414965986 0.14373873873873874
0 0.4660204081632653 0.6420720720720721 0.0782312925170068 0.1937837837837838
0 0.595578231292517 0.5642342342342342 0.1269047619047619 0.17927927927927928
0 0.4589795918367347 0.33256756756756756 0.10646258503401361 0.1896846846846847
0 0.5005442176870748 0.466981981981982 0.11401360544217688 0.18387387387387388
0 0.13227891156462585 0.7492792792792793 0.10612244897959183 0.21373873873873875
0 0.16360544217687076 0.6556756756756756 0.1256122448979592 0.24094594594594596
0 0.6042517006802721 0.3368918918918919 0.1042517006802721 0.1896846846846847
0 0.6960544217687075 0.4605405405405405 0.13765306122448978 0.13959459459459458
0 0.5432312925170069 0.7028378378378378 0.0966326530612245 0.14657657657657658
0 0.4281972789115646 0.20824324324324323 0.08687074829931972 0.12117117117117117