0 0.14360544217687074 0.4633783783783784 0.04241496598639456 0.05144144144144144
0 0.1687074829931973 0.42265765765765767 0.044421768707482996 0.048783783783783785
0 0.32319727891156463 0.8590540540540541 0.04163265306122449 0.046936936936936936
0 0.253469387755102 0.9395495495495496 0.02687074829931973 0.02400900900900901
0 0.20908163265306123 0.8787387387387388 0.03166666666666667 0.03752252252252252
0 0.1543877551020408 0.8291891891891893 0.02993197278911565 0.028513513513513514
0 0.12615646258503402 0.9046396396396397 0.061394557823129255 0.0518018018018018
0 0.39421768707482996 0.8307207207207207 0.022108843537414966 0.03153153153153153
0 0.6391496598639456 0.5947747747747747 0.04714285714285714 0.07396396396396397
0 0.7276190476190476 0.5641891891891891 0.042653061224489794 0.05405405405405406
0 0.8768707482993198 0.3048198198198198 0.0322108843537415 0.038288288288288286
0 0.45629251700680273 0.04148648648648649 0.07258503401360544 0.06342342342342343
0 0.7987755102040817 0.08202702702702704 0.03190476190476191 0.06945945945945946
0 0.9040816326530613 0.04747747747747747 0.041292517006802726 0.06045045045045045
0 0.42170068027210883 0.2441891891891892 0.03741496598639456 0.04842342342342342
0 0.34772108843537414 0.07094594594594594 0.04248299319727891 0.04355855855855856
0 0.2736054421768707 0.07112612612612612 0.050102040816326535 0.04018018018018018
0 0.34374149659863945 0.21135135135135136 0.057244897959183666 0.06905405405405406
0 0.24353741496598638 0.280990990990991 0.06938775510204082 0.061936936936936936
0 0.40003401360544216 0.323963963963964 0.04224489795918367 0.05405405405405406
0 0.579047619047619 0.8654054054054054 0.04030612244897959 0.052162162162162164
0 0.07115646258503402 0.23274774774774776 0.04210884353741497 0.04427927927927928
0 0.07952380952380952 0.2856756756756757 0.038979591836734696 0.03752252252252252
0 0.09370748299319728 0.6278378378378379 0.026904761904761904 0.02828828828828829
0 0.4722448979591837 0.9064864864864866 0.0554421768707483 0.10067567567567569
0 0.28503401360544217 0.38698198198198197 0.03914965986394558 0.05274774774774775
0 0.6249659863945578 0.23567567567567568 0.05268707482993197 0.07337837837837838
0 0.44833333333333336 0.4168018018018018 0.053639455782312925 0.04612612612612613
0 0.09442176870748299 0.0709009009009009 0.044081632653061226 0.037882882882882885
0 0.13615646258503403 0.14572072072072073 0.08554421768707482 0.06837837837837837
0 0.463469387755102 0.21860360360360362 0.05384353741496599 0.0922072072072072
0 0.4110204081632653 0.1881081081081081 0.045 0.06837837837837837
0 0.4142176870748299 0.08189189189189189 0.035408163265306124 0.06252252252252252
0 0.5023809523809524 0.08783783783783784 0.04163265306122449 0.050630630630630634
0 0.5476190476190477 0.11684684684684685 0.02806122448979592 0.03495495495495495
0 0.5679931972789116 0.1590990990990991 0.02717687074829932 0.04743243243243243
0 0.6114625850340136 0.8245945945945946 0.0796938775510204 0.13301801801801802
0 0.3165646258503401 0.9777477477477478 0.056190476190476187 0.04450450450450451
0 0.20479591836734695 0.9590540540540541 0.050748299319727894 0.06545045045045045
0 0.2776530612244898 0.4632882882882883 0.02836734693877551 0.05698198198198198
0 0.2014965986394558 0.5095495495495496 0.038129251700680274 0.04081081081081081
0 0.029591836734693875 0.03630630630630631 0.026462585034013605 0.053513513513513515
0 0.18170068027210884 0.03126126126126126 0.015306122448979591 0.02333333333333333
0 0.8532993197278912 0.37346846846846843 0.025170068027210887 0.028333333333333332
0 0.6907823129251701 0.5191891891891892 0.028299319727891157 0.04689189189189189
0 0.8400680272108844 0.7994144144144144 0.02275510204081633 0.03234234234234234