0 0.3672789115646259 0.17081081081081081 0.08727891156462585 0.13815315315315316
0 0.5639115646258503 0.13963963963963963 0.09785714285714285 0.08333333333333333
0 0.3926530612244898 0.5305855855855857 0.06149659863945578 0.0581981981981982
0 0.4818027210884354 0.5170720720720721 0.11452380952380953 0.07396396396396397
0 0.6292517006802721 0.5570720720720721 0.03295918367346939 0.0472972972972973
0 0.5077551020408163 0.6047297297297297 0.08761904761904762 0.09009009009009009
0 0.4200340136054422 0.6244594594594595 0.07938775510204081 0.08072072072072073
0 0.4293877551020408 0.7030630630630631 0.04707482993197279 0.03153153153153153
0 0.5141496598639456 0.691081081081081 0.040850340136054424 0.03752252252252252
0 0.5410884353741497 0.33765765765765765 0.04370748299319728 0.04765765765765766
0 0.556530612244898 0.44932432432432434 0.04908163265306122 0.04954954954954955
0 0.14374149659863944 0.11954954954954955 0.051190476190476196 0.06045045045045045
0 0.19775510204081634 0.14995495495495495 0.036394557823129246 0.04243243243243243
0 0.1963265306122449 0.12126126126126127 0.03448979591836735 0.03905405405405405
0 0.07853741496598639 0.09797297297297297 0.03387755102040817 0.02252252252252252
0 0.17493197278911565 0.19463963963963965 0.04554421768707483 0.054414414414414414
0 0.239421768707483 0.24513513513513513 0.052653061224489796 0.07657657657657657
0 0.18387755102040818 0.27063063063063064 0.05489795918367347 0.08256756756756756
0 0.5299319727891156 0.1826126126126126 0.05462585034013605 0.06045045045045045
0 0.26506802721088435 0.36824324324324326 0.04445578231292517 0.052567567567567565
0 0.2003061224489796 0.3547297297297297 0.05377551020408163 0.07058558558558559
0 0.11965986394557823 0.40427927927927926 0.042687074829931976 0.0945945945945946
0 0.24523809523809523 0.45400900900900903 0.03877551020408163 0.04018018018018018
0 0.17210884353741496 0.39846846846846845 0.039863945578231294 0.049189189189189186
0 0.3602040816326531 0.29072072072072075 0.05612244897959184 0.0964864864864865
0 0.40343537414965985 0.3108108108108108 0.041700680272108846 0.05481981981981982
0 0.4646598639455783 0.2654054054054054 0.046802721088435376 0.10211711711711713
0 0.5137074829931972 0.2604954954954955 0.053537414965986393 0.08031531531531531
0 0.48054421768707484 0.36747747747747744 0.04452380952380952 0.06608108108108109
0 0.41578231292517004 0.4027927927927928 0.07653061224489796 0.09157657657657657
0 0.3597619047619047 0.6002252252252253 0.03428571428571429 0.051036036036036035
0 0.14700680272108843 0.5116216216216216 0.09459183673469387 0.06905405405405406
0 0.1183673469387755 0.5743243243243243 0.08833333333333333 0.0518018018018018