0 0.07819727891156462 0.2418918918918919 0.054693877551020405 0.06671171171171171
0 0.4951020408163265 0.150990990990991 0.044489795918367346 0.05171171171171171
0 0.48251700680272114 0.34783783783783784 0.06462585034013606 0.061711711711711706
0 0.5209183673469387 0.32283783783783787 0.0633673469387755 0.0850900900900901
0 0.5606122448979591 0.3712162162162162 0.04874149659863945 0.09509009009009009
0 0.4623809523809524 0.41626126126126123 0.05962585034013606 0.06504504504504505
0 0.555578231292517 0.4938288288288288 0.05377551020408163 0.07342342342342342
0 0.5492857142857143 0.43711711711711715 0.07469387755102042 0.046711711711711706
0 0.9126530612244897 0.41373873873873873 0.06071428571428572 0.07342342342342342
0 0.8503061224489796 0.9084234234234234 0.041292517006802726 0.04171171171171171
0 0.8685714285714287 0.9826576576576577 0.007278911564625851 0.006666666666666666
0 0.4038095238095238 0.7240540540540541 0.05585034013605443 0.06671171171171171
0 0.35846938775510206 0.6898648648648649 0.043265306122448985 0.04504504504504504
0 0.8572448979591837 0.9442792792792792 0.03751700680272109 0.03337837837837838
0 0.9151700680272109 0.9342792792792792 0.014863945578231293 0.04337837837837838
0 0.3666326530612245 0.3311711711711712 0.036972789115646255 0.06842342342342342