0 0.3433333333333333 0.7908108108108108 0.05336734693877551 0.06671171171171171
0 0.4837755102040816 0.6156306306306306 0.06210884353741497 0.08342342342342342
0 0.47683673469387755 0.3136486486486486 0.06843537414965986 0.11346846846846848
0 0.569421768707483 0.22855855855855856 0.05200680272108843 0.06337837837837838
0 0.40129251700680274 0.25360360360360357 0.06843537414965986 0.07342342342342342
0 0.3483673469387755 0.48049549549549553 0.08105442176870747 0.10675675675675675
0 0.4447278911564626 0.4738288288288288 0.049523809523809526 0.07342342342342342
0 0.4151360544217687 0.6522972972972974 0.04829931972789116 0.18018018018018017
0 0.41639455782312923 0.9626126126126126 0.03064625850340136 0.03337837837837838
0 0.3414625850340136 0.9450900900900902 0.0495578231292517 0.03504504504504505
0 0.4623809523809524 0.8191441441441442 0.05204081632653061 0.10342342342342342
0 0.5278571428571428 0.48882882882882883 0.05959183673469388 0.09342342342342341
0 0.6179251700680272 0.3778828828828829 0.04319727891156462 0.09842342342342343
0 0.37482993197278913 0.3503603603603604 0.060884353741496595 0.08009009009009009
0 0.5058163265306123 0.19103603603603603 0.053299319727891155 0.08842342342342342
0 0.32632653061224487 0.6898648648648649 0.07224489795918367 0.07175675675675676
0 0.3483673469387755 0.6122972972972973 0.08105442176870747 0.07342342342342342