0 0.3672789115646259 0.7252252252252253 0.0504421768707483 0.08333333333333333
0 0.4163265306122449 0.37648648648648647 0.09751700680272109 0.11409909909909909
0 0.573265306122449 0.6139189189189189 0.06272108843537415 0.10472972972972973
0 0.62 0.5746846846846847 0.06486394557823129 0.0750900900900901
0 0.6101020408163266 0.4512162162162162 0.0336734693877551 0.05932432432432432
0 0.5332653061224489 0.41630630630630633 0.10180272108843537 0.16364864864864864
0 0.8675170068027211 0.2868018018018018 0.09707482993197279 0.13288288288288289
0 0.7949659863945578 0.1672072072072072 0.18639455782312925 0.16027027027027027
0 0.7709863945578231 0.40220720720720726 0.0982312925170068 0.2818918918918919
0 0.6917687074829931 0.8744594594594595 0.07295918367346939 0.08522522522522523
0 0.24482993197278913 0.6764414414414414 0.05493197278911564 0.060810810810810814
0 0.30122448979591837 0.6891891891891891 0.042006802721088435 0.07882882882882883
0 0.35993197278911565 0.48085585585585583 0.11506802721088434 0.11261261261261261
0 0.2001360544217687 0.36545045045045044 0.1392857142857143 0.15202702702702703
0 0.10489795918367346 0.10846846846846846 0.06901360544217687 0.10662162162162163
0 0.17520408163265305 0.22202702702702704 0.06027210884353741 0.08671171171171171