0 0.7543877551020408 0.27324324324324323 0.1259183673469388 0.23405405405405405
0 0.24081632653061225 0.6771171171171171 0.1526530612244898 0.21522522522522522
0 0.39149659863945574 0.5827477477477477 0.1602721088435374 0.200990990990991
0 0.02986394557823129 0.8819819819819821 0.059761904761904766 0.23603603603603604
0 0.2089455782312925 0.35833333333333334 0.0932312925170068 0.14680180180180183
0 0.049863945578231296 0.1968018018018018 0.09972789115646259 0.16693693693693695
0 0.06064625850340136 0.3011261261261261 0.12129251700680271 0.16112612612612615
0 0.4552040816326531 0.24324324324324326 0.15166666666666667 0.15689189189189187
0 0.29105442176870744 0.2582432432432432 0.12568027210884355 0.14684684684684685
0 0.6091156462585035 0.2460810810810811 0.11394557823129252 0.17689189189189192
0 0.8651020408163266 0.6242342342342343 0.12275510204081634 0.1895045045045045
0 0.9504761904761905 0.75 0.09908163265306122 0.218018018018018
0 0.951530612244898 0.2796846846846847 0.0969047619047619 0.17828828828828827
0 0.7554761904761905 0.08815315315315315 0.12159863945578231 0.13554054054054054
0 0.5464285714285715 0.033063063063063065 0.16690476190476192 0.06612612612612613
0 0.2710544217687075 0.5241441441441441 0.12241496598639456 0.14382882882882883
0 0.6512585034013605 0.4398198198198198 0.135578231292517 0.14675675675675676