0 0.2690136054421769 0.27193693693693693 0.08863945578231291 0.16018018018018018
0 0.4875510204081633 0.06923423423423423 0.07724489795918367 0.08842342342342342
0 0.5807482993197279 0.09342342342342341 0.06714285714285714 0.10675675675675675
0 0.3974829931972789 0.19936936936936936 0.09112244897959183 0.14846846846846848
0 0.4995238095238096 0.28693693693693695 0.07517006802721089 0.13346846846846847
0 0.5958843537414966 0.2486036036036036 0.06710884353741496 0.06004504504504504
0 0.6544557823129251 0.321981981981982 0.0651360544217687 0.09675675675675675
0 0.594625850340136 0.43292792792792795 0.06962585034013605 0.07842342342342343
0 0.45795918367346933 0.46630630630630626 0.12636054421768708 0.12846846846846846
0 0.3458503401360544 0.47130630630630627 0.08105442176870747 0.07842342342342343
0 0.24193877551020407 0.44126126126126125 0.12517006802721087 0.12513513513513513
0 0.10149659863945579 0.3111261261261261 0.10380952380952381 0.17851351351351352
0 0.19221088435374148 0.24274774774774774 0.038299319727891155 0.10842342342342343
0 0.12227891156462586 0.5572072072072072 0.0572108843537415 0.11346846846846848
0 0.2885374149659864 0.5997747747747748 0.06972789115646258 0.09175675675675676
0 0.20918367346938777 0.6564864864864866 0.047108843537414964 0.06842342342342342
0 0.2917006802721089 0.7365765765765766 0.0558843537414966 0.07175675675675676
0 0.2904421768707483 0.8383333333333334 0.028163265306122447 0.025045045045045043
0 0.3615986394557823 0.9292792792792793 0.08231292517006802 0.11009009009009009
0 0.516530612244898 0.9704504504504504 0.0545578231292517 0.059054054054054055
0 0.4390476190476191 0.7899549549549549 0.09363945578231293 0.15513513513513513
0 0.367891156462585 0.7257207207207208 0.07727891156462585 0.09342342342342341
0 0.37860544217687075 0.5997747747747748 0.060884353741496595 0.055045045045045045
0 0.46741496598639454 0.6698198198198198 0.06465986394557824 0.07842342342342343
0 0.6147619047619048 0.6064414414414414 0.0973469387755102 0.13180180180180182
0 0.5455102040816326 0.7081981981981982 0.061326530612244905 0.13513513513513514
0 0.5240816326530613 0.8842342342342343 0.05959183673469388 0.07675675675675675
0 0.587687074829932 0.8283333333333333 0.06261904761904762 0.11175675675675675
0 0.6991496598639456 0.83 0.06707482993197278 0.06842342342342342
0 0.7098639455782313 0.5997747747747748 0.07336734693877552 0.13180180180180182
0 0.6708163265306123 0.482972972972973 0.05826530612244898 0.08842342342342342
0 0.7678231292517007 0.19684684684684686 0.06329931972789116 0.09342342342342341
0 0.849047619047619 0.19184684684684686 0.05193877551020408 0.07675675675675675
0 0.9296598639455782 0.1568018018018018 0.05442176870748299 0.08675675675675676
0 0.9227551020408163 0.24355855855855857 0.052653061224489796 0.11009009009009009
0 0.922721088435374 0.4721171171171171 0.04561224489795918 0.07675675675675675
0 0.7747278911564626 0.4495945945945946 0.07462585034013607 0.09175675675675676
0 0.7948979591836735 0.5822522522522522 0.06394557823129252 0.11009009009009009
0 0.8011904761904762 0.7307207207207207 0.0846938775510204 0.07675675675675675
0 0.7986734693877551 0.8391891891891893 0.06394557823129252 0.08342342342342342
0 0.6695578231292517 0.94009009009009 0.07591836734693877 0.09509009009009009
0 0.7495578231292517 0.9309459459459459 0.056360544217687075 0.08675675675675676
0 0.6015306122448979 0.9384234234234234 0.05326530612244898 0.061711711711711706
0 0.9233673469387756 0.7474324324324325 0.04938775510204081 0.05671171171171171
0 0.9718707482993197 0.6965315315315315 0.03299319727891156 0.05837837837837838
0 0.8024489795918367 0.3203153153153153 0.10482993197278911 0.09675675675675675
0 0.2992517006802721 0.12427927927927927 0.08863945578231291 0.09842342342342343