0 0.2748299319727891 0.7407207207207207 0.14510204081632652 0.13653153153153152
0 0.17761904761904762 0.2782882882882883 0.11911564625850342 0.17545045045045046
0 0.3985034013605442 0.13531531531531532 0.10952380952380954 0.13265765765765766
0 0.7317006802721089 0.14603603603603604 0.08918367346938776 0.10261261261261262
0 0.7964965986394558 0.2354054054054054 0.1073469387755102 0.16117117117117116
0 0.4551700680272109 0.5205855855855855 0.17452380952380953 0.15954954954954956
0 0.1986734693877551 0.6521171171171172 0.11091836734693877 0.15373873873873875
0 0.554047619047619 0.7822072072072073 0.0966326530612245 0.10504504504504504
0 0.05445578231292517 0.49342342342342344 0.10343537414965986 0.09666666666666666
0 0.9121088435374151 0.6978378378378378 0.11952380952380953 0.12797297297297297
0 0.787891156462585 0.6863963963963964 0.11081632653061224 0.14513513513513512
0 0.3682312925170068 0.9334684684684684 0.10217687074829931 0.13306306306306306
0 0.0846938775510204 0.05882882882882883 0.1401360544217687 0.1176126126126126
0 0.6436734693877552 0.7307207207207207 0.0858843537414966 0.12797297297297297
0 0.39204081632653065 0.26612612612612613 0.11816326530612245 0.11684684684684685
0 0.8910204081632652 0.22252252252252253 0.0867687074829932 0.22409909909909909
0 0.8780272108843536 0.41481981981981986 0.08680272108843537 0.09099099099099099
0 0.3337074829931973 0.5005405405405405 0.13758503401360545 0.16527027027027025
0 0.3974149659863946 0.7507207207207207 0.08921768707482994 0.19085585585585585
0 0.24510204081632653 0.041666666666666664 0.08282312925170068 0.08328828828828828
0 0.0885374149659864 0.7171171171171171 0.10717687074829932 0.19229729729729728
0 0.7279251700680271 0.8665315315315315 0.10537414965986394 0.07927927927927929
0 0.16789115646258504 0.446981981981982 0.0845578231292517 0.100990990990991
0 0.24942176870748298 0.9009009009009009 0.06986394557823129 0.1351801801801802
0 0.6198979591836735 0.5220720720720721 0.06534013605442177 0.15207207207207207
0 0.2348639455782313 0.16608108108108108 0.08241496598639456 0.10833333333333334
0 0.44870748299319724 0.6085135135135136 0.0686734693877551 0.08945945945945946
0 0.5443197278911565 0.897972972972973 0.07503401360544218 0.11072072072072071
0 0.9769047619047618 0.486981981981982 0.04615646258503402 0.15815315315315315