0 0.2696938775510204 0.03842342342342342 0.11775510204081632 0.07684684684684684
0 0.5187074829931972 0.7618018018018018 0.22768707482993197 0.16162162162162164
0 0.9268367346938776 0.6915765765765766 0.07948979591836736 0.12189189189189188
0 0.8177891156462586 0.5895495495495495 0.06554421768707483 0.10333333333333333
0 0.38170068027210885 0.5378828828828829 0.08170068027210885 0.11130630630630631
0 0.09064625850340136 0.5153603603603604 0.07180272108843537 0.08216216216216216
0 0.27969387755102043 0.6968918918918919 0.037721088435374146 0.0795045045045045
0 0.3517006802721089 0.13247747747747748 0.07833333333333334 0.0795045045045045
0 0.28469387755102044 0.1655855855855856 0.07574829931972789 0.08216216216216216
0 0.6887755102040817 0.23315315315315313 0.075578231292517 0.08477477477477477
0 0.5737414965986395 0.5657207207207208 0.06561224489795918 0.12454954954954954
0 0.5307482993197279 0.6902702702702703 0.05962585034013606 0.09274774774774774
0 0.16568027210884353 0.5868918918918918 0.09425170068027211 0.10864864864864865
0 0.774795918367347 0.1854954954954955 0.05554421768707483 0.11657657657657657
0 0.36170068027210883 0.05297297297297297 0.0663265306122449 0.07418918918918918
0 0.19068027210884356 0.16693693693693695 0.04377551020408163 0.10067567567567569
0 0.48571428571428577 0.22653153153153152 0.06166666666666666 0.11923423423423422
0 0.38571428571428573 0.22256756756756754 0.06571428571428571 0.1272072072072072
0 0.9178231292517006 0.2835135135135135 0.04948979591836735 0.11130630630630631
0 0.6607823129251701 0.5842792792792794 0.06360544217687075 0.08216216216216216
0 0.4337414965986394 0.06490990990990991 0.06636054421768708 0.07153153153153154
0 0.1586734693877551 0.7273423423423423 0.06023809523809524 0.10864864864864865
0 0.23568027210884357 0.8134684684684684 0.05826530612244898 0.0795045045045045