0 0.5527551020408163 0.7273423423423423 0.07163265306122449 0.11391891891891892
0 0.44870748299319724 0.5829279279279279 0.08768707482993197 0.12189189189189188
0 0.6227551020408163 0.6889189189189189 0.07962585034013606 0.10067567567567569
0 0.7557823129251701 0.7101351351351352 0.1335714285714286 0.1272072072072072
0 0.6367687074829932 0.839954954954955 0.12761904761904763 0.18018018018018017
0 0.7928231292517007 0.8942792792792793 0.18850340136054422 0.10864864864864865
0 0.6387755102040816 0.41072072072072074 0.13244897959183674 0.13247747747747748
0 0.3337074829931973 0.26495495495495497 0.10173469387755102 0.23315315315315313
0 0.22166666666666668 0.2861711711711712 0.0857482993197279 0.16427927927927927
0 0.44972789115646256 0.3338738738738739 0.17037414965986394 0.10067567567567569
0 0.1336734693877551 0.07815315315315316 0.13023809523809524 0.10864864864864865
0 0.10363945578231293 0.306036036036036 0.10581632653061224 0.12981981981981983
0 0.32071428571428573 0.4266216216216216 0.11231292517006804 0.08477477477477477
0 0.28469387755102044 0.5763063063063063 0.08775510204081632 0.13513513513513514
0 0.5397278911564626 0.49418918918918914 0.16965986394557825 0.16693693693693695