0 0.3076530612244898 0.260990990990991 0.05142857142857143 0.05842342342342342
0 0.15136054421768708 0.17270270270270272 0.04496598639455782 0.05797297297297297
0 0.7718707482993198 0.5186486486486487 0.055272108843537414 0.0413963963963964
0 0.4228231292517007 0.5385135135135135 0.04363945578231292 0.060630630630630636
0 0.5869727891156462 0.8086486486486487 0.04421768707482993 0.06450450450450451
0 0.7690816326530613 0.8908108108108108 0.0435374149659864 0.07725225225225224
0 0.657482993197279 0.8572072072072072 0.0367687074829932 0.05918918918918919
0 0.7440476190476191 0.816036036036036 0.036734693877551024 0.030090090090090088
0 0.8485374149659863 0.5227477477477477 0.023095238095238096 0.08234234234234235
0 0.8936734693877552 0.5550900900900901 0.026802721088435375 0.05698198198198198
0 0.7122108843537415 0.20387387387387387 0.04108843537414966 0.05472972972972973
0 0.29527210884353744 0.49756756756756754 0.05142857142857143 0.060630630630630636
0 0.28741496598639454 0.2087837837837838 0.03255102040816327 0.0318018018018018