0 0.19282312925170067 0.5138288288288287 0.07231292517006803 0.08342342342342342
0 0.296734693877551 0.5096846846846848 0.05085034013605442 0.05837837837837838
0 0.37670068027210885 0.49635135135135133 0.052074829931972794 0.05837837837837838
0 0.5429931972789115 0.6664864864864866 0.06210884353741497 0.08175675675675675
0 0.5826530612244898 0.5246846846846847 0.13136054421768706 0.09842342342342343
0 0.38931972789115643 0.3954054054054054 0.07979591836734694 0.06337837837837838
0 0.2602040816326531 0.23274774774774776 0.08108843537414966 0.09509009009009009
0 0.29105442176870744 0.37454954954954955 0.0823469387755102 0.07175675675675676
0 0.47431972789115645 0.5180180180180181 0.06591836734693877 0.11846846846846847
0 0.5587414965986395 0.45378378378378376 0.0877891156462585 0.07675675675675675
0 0.9674489795918367 0.4513063063063063 0.05693877551020408 0.06504504504504505
0 0.7847959183673469 0.3186486486486486 0.05445578231292517 0.06337837837837838
0 0.34020408163265303 0.2068918918918919 0.042006802721088435 0.07342342342342342