0 0.751156462585034 0.41549549549549547 0.09568027210884353 0.14103603603603604
0 0.6544897959183673 0.7057207207207207 0.07724489795918367 0.11513513513513512
0 0.5151700680272109 0.8972522522522522 0.07503401360544218 0.10927927927927929
0 0.5799659863945578 0.8572522522522522 0.0577891156462585 0.08927927927927928
0 0.545374149659864 0.9692342342342342 0.14530612244897959 0.06157657657657658
0 0.3768707482993197 0.25324324324324327 0.10003401360544217 0.17117117117117117
0 0.824047619047619 0.5756306306306307 0.07520408163265306 0.10378378378378378
0 0.3974149659863946 0.887972972972973 0.1224829931972789 0.10211711711711713
0 0.303469387755102 0.7786036036036036 0.06411564625850341 0.10364864864864866
0 0.5319047619047619 0.4755405405405405 0.07394557823129251 0.10382882882882884
0 0.6755442176870748 0.44626126126126126 0.07619047619047618 0.10243243243243243
0 0.7181972789115646 0.13675675675675675 0.08163265306122448 0.11261261261261261
0 0.4001360544217687 0.5213063063063064 0.08251700680272109 0.12954954954954956