0 0.3156122448979592 0.038378378378378375 0.07350340136054422 0.05671171171171171
0 0.26336734693877556 0.10761261261261261 0.05210884353741497 0.061711711711711706
0 0.14119047619047617 0.2786036036036036 0.08993197278911565 0.10675675675675675
0 0.2602040816326531 0.38954954954954957 0.0961904761904762 0.10509009009009009
0 0.4957482993197279 0.1877027027027027 0.11377551020408164 0.12180180180180179
0 0.48690476190476195 0.44711711711711716 0.1565986394557823 0.11009009009009009
0 0.33639455782312927 0.5955855855855856 0.18057823129251702 0.09675675675675675
0 0.1392857142857143 0.7615765765765765 0.09374149659863945 0.12180180180180179
0 0.03159863945578231 0.9462612612612612 0.05472789115646259 0.10743243243243245
0 0.16636054421768706 0.972972972972973 0.08238095238095237 0.05405405405405406
0 0.30051020408163265 0.8324774774774775 0.1364965986394558 0.12346846846846847
0 0.46867346938775506 0.7908108108108108 0.09989795918367347 0.09342342342342341
0 0.5215646258503401 0.9134234234234234 0.10493197278911565 0.09509009009009009
0 0.5177891156462585 0.5947747747747747 0.07972789115646259 0.09842342342342343
0 0.6191836734693877 0.5813963963963964 0.05829931972789116 0.13513513513513514
0 0.6475170068027211 0.20855855855855854 0.11748299319727891 0.1635135135135135
0 0.6512925170068027 0.39788288288288287 0.0822108843537415 0.09509009009009009
0 0.7886054421768707 0.2418918918918919 0.07210884353741497 0.10342342342342342
0 0.8622789115646258 0.07842342342342343 0.138843537414966 0.15346846846846848
0 0.9732653061224489 0.21522522522522522 0.053469387755102044 0.08342342342342342
0 0.8792857142857142 0.2610810810810811 0.06452380952380952 0.07175675675675676
0 0.7552040816326531 0.5213513513513514 0.07840136054421769 0.09509009009009009
0 0.7060884353741497 0.7465765765765766 0.07843537414965986 0.15513513513513513
0 0.7627891156462585 0.8575225225225226 0.03748299319727891 0.09675675675675675
0 0.7955102040816326 0.6806756756756758 0.04312925170068027 0.06671171171171171
0 0.8553401360544217 0.5997747747747748 0.06452380952380952 0.10175675675675676
0 0.8358163265306122 0.7198648648648649 0.04758503401360544 0.0850900900900901
0 0.8887414965986395 0.8116666666666666 0.053163265306122455 0.06842342342342342
0 0.9491836734693878 0.9304504504504505 0.09095238095238095 0.13914414414414414
0 0.9517006802721089 0.7148648648648648 0.0858843537414966 0.10509009009009009
0 0.9631972789115647 0.5747297297297298 0.07360544217687075 0.11175675675675675
0 0.9669727891156463 0.42459459459459464 0.06605442176870749 0.11846846846846847
0 0.060578231292517 0.42292792792792794 0.06982993197278912 0.04837837837837838
0 0.1525170068027211 0.6089639639639639 0.08489795918367347 0.09009009009009009
0 0.37608843537414965 0.2911261261261261 0.08357142857142857 0.10842342342342343
0 0.6103401360544217 0.03504504504504505 0.15149659863945578 0.0700900900900901
0 0.15945578231292518 0.038378378378378375 0.08261904761904762 0.07675675675675675
0 0.6116326530612245 0.7557657657657658 0.05829931972789116 0.046711711711711706