0 0.6663605442176871 0.18963963963963965 0.11183673469387756 0.14405405405405405
0 0.2721428571428572 0.31761261261261264 0.09431972789115646 0.09963963963963965
0 0.3401700680272109 0.263963963963964 0.08789115646258504 0.09824324324324324
0 0.3957823129251701 0.15752252252252252 0.12054421768707482 0.08608108108108108
0 0.8267687074829931 0.762882882882883 0.08275510204081632 0.12364864864864865
0 0.8316326530612245 0.4734234234234234 0.07520408163265306 0.110990990990991
0 0.626938775510204 0.4734234234234234 0.12802721088435373 0.08238738738738738
0 0.477891156462585 0.5048648648648648 0.10414965986394559 0.1281081081081081
0 0.49085034013605444 0.3747747747747748 0.11714285714285713 0.1339189189189189
0 0.11659863945578232 0.6099099099099099 0.09207482993197279 0.1580630630630631
0 0.2742857142857143 0.9344594594594594 0.08785714285714286 0.09783783783783784
0 0.3023809523809524 0.8529279279279279 0.051156462585034014 0.14076576576576577
0 0.15333333333333332 0.9570720720720721 0.10506802721088436 0.08585585585585585
0 0.494625850340136 0.9563513513513514 0.15061224489795919 0.0872972972972973
0 0.6982312925170068 0.32261261261261265 0.09996598639455782 0.10108108108108109
0 0.8057142857142857 0.20891891891891892 0.09680272108843538 0.1997747747747748
0 0.7263265306122448 0.9463513513513514 0.13238095238095238 0.10734234234234233
0 0.28833333333333333 0.17463963963963966 0.08571428571428572 0.09117117117117117
0 0.1673469387755102 0.24824324324324323 0.08285714285714285 0.21833333333333332
0 0.7619727891156463 0.7607657657657657 0.08272108843537415 0.13653153153153152
0 0.6361224489795919 0.775045045045045 0.08374149659863946 0.1308108108108108
0 0.4622448979591837 0.6678378378378378 0.09659863945578231 0.10513513513513513
0 0.3504081632653061 0.96490990990991 0.07302721088435374 0.07013513513513514
0 0.21649659863945578 0.8565315315315316 0.07595238095238095 0.10788288288288288
0 0.9018367346938775 0.5405855855855856 0.07306122448979592 0.21387387387387385