0 0.4107142857142857 0.10594594594594595 0.0495578231292517 0.061711711711711706
0 0.2595918367346939 0.04837837837837838 0.05462585034013605 0.06004504504504504
0 0.10275510204081632 0.14346846846846847 0.0660204081632653 0.06671171171171171
0 0.15819727891156463 0.2410810810810811 0.06350340136054422 0.07175675675675676
0 0.2765986394557823 0.1977027027027027 0.06598639455782312 0.07175675675675676
0 0.37231292517006803 0.17184684684684684 0.06595238095238096 0.09009009009009009
0 0.37421768707482994 0.23774774774774776 0.04363945578231292 0.05837837837837838
0 0.3603401360544218 0.311981981981982 0.0495578231292517 0.06004504504504504
0 0.2690136054421769 0.336981981981982 0.0735374149659864 0.06671171171171171
0 0.2904421768707483 0.2702702702702703 0.0735374149659864 0.06004504504504504
0 0.1367687074829932 0.321981981981982 0.03727891156462585 0.05004504504504504
0 0.2343877551020408 0.4020720720720721 0.08738095238095238 0.10342342342342342
0 0.16136054421768706 0.46797297297297297 0.10404761904761904 0.11846846846846847
0 0.13741496598639455 0.382027027027027 0.095 0.046711711711711706
0 0.1588095238095238 0.5505405405405406 0.038537414965986394 0.10009009009009008
0 0.328843537414966 0.4563063063063063 0.05462585034013605 0.05837837837837838
0 0.3956122448979592 0.46545045045045047 0.0486734693877551 0.09675675675675675
0 0.35595238095238096 0.5839189189189189 0.05244897959183673 0.11346846846846848
0 0.29989795918367346 0.684009009009009 0.07224489795918367 0.09009009009009009
0 0.2476190476190476 0.6406306306306306 0.0332312925170068 0.0700900900900901
0 0.11034013605442176 0.6798648648648649 0.08006802721088435 0.05837837837837838
0 0.18843537414965986 0.8250000000000001 0.029727891156462585 0.06504504504504505
0 0.1525170068027211 0.8733783783783783 0.06224489795918368 0.05837837837837838
0 0.14687074829931973 0.9392792792792793 0.07003401360544217 0.0700900900900901
0 0.2331292517006803 0.9250900900900901 0.08139455782312925 0.061711711711711706
0 0.35027210884353743 0.8216666666666667 0.03357142857142857 0.11513513513513512
0 0.2954761904761905 0.8074774774774774 0.06846938775510204 0.07675675675675675
0 0.3641156462585034 0.6890090090090091 0.05622448979591837 0.040045045045045045
0 0.2904421768707483 0.5405405405405406 0.05840136054421769 0.07675675675675675
0 0.19976190476190475 0.150990990990991 0.0735374149659864 0.05171171171171171
0 0.7879591836734694 0.06590090090090091 0.06268707482993197 0.0850900900900901
0 0.7010544217687076 0.03418918918918919 0.04751700680272109 0.06504504504504505
0 0.8943877551020408 0.08090090090090091 0.06197278911564626 0.04171171171171171
0 0.7715986394557823 0.20018018018018016 0.10360544217687075 0.06671171171171171
0 0.8717346938775511 0.19184684684684686 0.05136054421768707 0.13680180180180182
0 0.6897278911564626 0.22608108108108108 0.07340136054421768 0.08842342342342342
0 0.6305102040816327 0.2927927927927928 0.05758503401360544 0.10175675675675676
0 0.5952380952380952 0.3762162162162162 0.05326530612244898 0.061711711711711706
0 0.5643877551020409 0.44626126126126126 0.061326530612244905 0.13513513513513514
0 0.5625170068027211 0.5530630630630631 0.03741496598639456 0.11846846846846847
0 0.6512925170068027 0.45045045045045046 0.06207482993197279 0.06337837837837838
0 0.6292517006802721 0.5180180180180181 0.039965986394557826 0.06842342342342342
0 0.7545918367346939 0.3937387387387387 0.0645578231292517 0.08342342342342342
0 0.7602721088435375 0.43878378378378374 0.052585034013605446 0.10009009009009008
0 0.8465306122448979 0.36036036036036034 0.049421768707482994 0.06671171171171171
0 0.8295238095238096 0.43292792792792795 0.04255102040816326 0.08175675675675675
0 0.8074829931972789 0.4863063063063063 0.013571428571428573 0.11175675675675675
0 0.7211904761904762 0.5872522522522523 0.053231292517006805 0.0700900900900901
0 0.5599999999999999 0.6431531531531531 0.05251700680272109 0.05837837837837838
0 0.6903401360544218 0.7474324324324325 0.1376190476190476 0.08342342342342342
0 0.5889455782312926 0.7582432432432433 0.03489795918367347 0.06504504504504505
0 0.78921768707483 0.6965315315315315 0.05823129251700681 0.061711711711711706
0 0.8119047619047619 0.6448198198198198 0.0979591836734694 0.055045045045045045
0 0.8943877551020408 0.43292792792792795 0.021666666666666667 0.13180180180180182
0 0.6790136054421768 0.12261261261261261 0.05448979591836735 0.055045045045045045
0 0.924625850340136 0.6806756756756758 0.036258503401360546 0.11009009009009009
0 0.7634013605442177 0.9417567567567567 0.07210884353741497 0.0750900900900901
0 0.6412244897959184 0.8608558558558559 0.10670068027210884 0.0700900900900901
0 0.7010544217687076 0.8191441441441442 0.10547619047619049 0.06671171171171171
0 0.6689455782312925 0.6431531531531531 0.08472789115646258 0.06504504504504505
0 0.8547278911564625 0.5663963963963964 0.04758503401360544 0.05837837837837838
0 0.7092517006802721 0.47630630630630627 0.026768707482993197 0.09175675675675676
0 0.37166666666666665 0.9718018018018019 0.034455782312925176 0.04171171171171171
0 0.4151360544217687 0.9601351351351352 0.0071428571428571435 0.04504504504504504
0 0.0763265306122449 0.9384234234234234 0.03833333333333333 0.04171171171171171