0 0.5535034013605442 0.13387387387387387 0.14091836734693877 0.11833333333333333
0 0.5329931972789115 0.22896396396396396 0.1841156462585034 0.11684684684684685
0 0.7085034013605442 0.6177927927927929 0.09023809523809524 0.18522522522522522
0 0.5518707482993197 0.827927927927928 0.09448979591836736 0.13364864864864864
0 0.5054421768707483 0.3854954954954955 0.07935374149659863 0.10675675675675675
0 0.5367687074829932 0.466981981981982 0.0836734693877551 0.100990990990991
0 0.3634013605442177 0.3733333333333333 0.09547619047619048 0.14252252252252254
0 0.26564625850340134 0.5448648648648649 0.09 0.11666666666666665
0 0.36935374149659866 0.6599549549549549 0.08142857142857143 0.20662162162162162
0 0.2710544217687075 0.6599549549549549 0.10513605442176871 0.14945945945945946
0 0.4665646258503401 0.4627027027027027 0.09013605442176871 0.1495945945945946
0 0.4330612244897959 0.17175675675675678 0.08578231292517007 0.13405405405405407
0 0.6156122448979592 0.7028378378378378 0.09020408163265306 0.11797297297297298
0 0.6091156462585035 0.5220270270270271 0.06860544217687076 0.13382882882882882