0 0.4056802721088435 0.4254054054054054 0.06465986394557824 0.07342342342342342
0 0.5007823129251701 0.4270720720720721 0.06510204081632653 0.09675675675675675
0 0.4371768707482993 0.5313513513513514 0.0722108843537415 0.05171171171171171
0 0.5253401360544218 0.5363513513513514 0.061326530612244905 0.12180180180180179
0 0.44346938775510203 0.6106306306306306 0.0696938775510204 0.07675675675675675
0 0.5045578231292517 0.6398198198198198 0.047448979591836735 0.13513513513513514
0 0.45544217687074834 0.7040540540540541 0.05078231292517007 0.05671171171171171
0 0.5870748299319728 0.6406306306306306 0.07217687074829932 0.08675675675675676
0 0.5751020408163265 0.5513963963963964 0.06261904761904762 0.061711711711711706
0 0.42962585034013606 0.48882882882882883 0.06717687074829932 0.046711711711711706
0 0.9126530612244897 0.5021621621621621 0.053163265306122455 0.04337837837837838
0 0.12040816326530612 0.633963963963964 0.06350340136054422 0.046711711711711706
0 0.09585034013605442 0.45963963963963966 0.04965986394557823 0.0750900900900901
0 0.5026870748299319 0.7340540540540541 0.058809523809523805 0.09009009009009009
0 0.5543197278911565 0.7007207207207208 0.0386734693877551 0.09675675675675675