0 0.2543197278911564 0.11027027027027027 0.07153061224489796 0.0681981981981982
0 0.3470748299319728 0.1833783783783784 0.0591156462585034 0.07927927927927929
0 0.23639455782312926 0.21225225225225225 0.04802721088435374 0.06743243243243244
0 0.3868027210884354 0.2941891891891892 0.06129251700680272 0.08387387387387388
0 0.293265306122449 0.31342342342342344 0.09996598639455782 0.065
0 0.25523809523809526 0.4748198198198198 0.05482993197278912 0.07657657657657657
0 0.2841496598639456 0.5807207207207207 0.053877551020408164 0.07130630630630631
0 0.3524829931972789 0.8055855855855856 0.03595238095238095 0.05423423423423423
0 0.5557482993197278 0.9077927927927928 0.025068027210884355 0.1317117117117117
0 0.7964285714285715 0.08036036036036036 0.05806122448979592 0.06572072072072072
0 0.8460544217687075 0.08833333333333333 0.030510204081632655 0.03662162162162162
0 0.8058843537414966 0.18049549549549548 0.08619047619047619 0.08175675675675675
0 0.7261224489795918 0.22986486486486488 0.06272108843537415 0.061711711711711706
0 0.8125170068027211 0.27166666666666667 0.05309523809523809 0.06337837837837838
0 0.7112585034013605 0.29193693693693695 0.08251700680272109 0.058873873873873876
0 0.6741496598639456 0.37342342342342344 0.08251700680272109 0.049909909909909914
0 0.655 0.4928378378378378 0.08129251700680272 0.07986486486486487
0 0.7876190476190477 0.4277027027027027 0.08061224489795918 0.07247747747747747
0 0.7635034013605442 0.5247747747747747 0.06948979591836735 0.06184684684684685
0 0.7004421768707483 0.6059009009009009 0.09180272108843537 0.07666666666666666
0 0.3600680272108844 0.4809459459459459 0.08510204081632652 0.09707207207207208
0 0.36081632653061224 0.5989189189189189 0.046462585034013605 0.05454954954954955
0 0.32544217687074833 0.6794144144144145 0.09006802721088436 0.06400900900900901
0 0.7421768707482993 0.7187387387387387 0.0824829931972789 0.07711711711711712
0 0.7276530612244898 0.8275225225225226 0.07200680272108845 0.06941441441441441