0 0.8192176870748299 0.3726126126126126 0.08921768707482994 0.14963963963963964
0 0.559421768707483 0.5327477477477477 0.057755102040816325 0.15527027027027027
0 0.7408843537414965 0.5527477477477477 0.11187074829931973 0.10094594594594594
0 0.5815646258503401 0.6456756756756757 0.08911564625850339 0.15234234234234234
0 0.5696938775510204 0.35833333333333334 0.08908163265306122 0.10391891891891893
0 0.4843877551020408 0.3433333333333333 0.0869047619047619 0.10819819819819819
0 0.6253401360544217 0.4477027027027027 0.07724489795918367 0.09099099099099099
0 0.6814625850340136 0.4855405405405406 0.0869047619047619 0.11238738738738738
0 0.49085034013605444 0.537027027027027 0.0869047619047619 0.12382882882882883
0 0.6874149659863945 0.28833333333333333 0.10741496598639455 0.09045045045045044
0 0.7484693877551021 0.3768918918918919 0.0686734693877551 0.13536036036036037
0 0.6426190476190476 0.5455855855855856 0.09238095238095238 0.10378378378378378
0 0.5291836734693878 0.6527927927927928 0.06421768707482993 0.1751801801801802