0 0.2444557823129252 0.030045045045045043 0.057176870748299316 0.06004504504504504
0 0.21612244897959185 0.165990990990991 0.05241496598639456 0.061711711711711706
0 0.25326530612244896 0.13680180180180182 0.049591836734693875 0.06671171171171171
0 0.28289115646258506 0.2177027027027027 0.03479591836734694 0.06504504504504505
0 0.27721088435374147 0.3153153153153153 0.049591836734693875 0.06671171171171171
0 0.3351700680272109 0.3662162162162162 0.034455782312925176 0.0750900900900901
0 0.3918367346938776 0.3954054054054054 0.02435374149659864 0.07675675675675675
0 0.408843537414966 0.34783783783783784 0.05333333333333333 0.04837837837837838
0 0.4132312925170068 0.08923423423423422 0.0495578231292517 0.061711711711711706
0 0.4334013605442177 0.4738288288288288 0.04115646258503401 0.09009009009009009
0 0.30554421768707485 0.5296846846846847 0.08108843537414966 0.0850900900900901
0 0.37482993197278913 0.5013513513513513 0.03571428571428571 0.04837837837837838
0 0.3975170068027211 0.5463963963963964 0.04238095238095239 0.061711711711711706
0 0.239421768707483 0.6406306306306306 0.044557823129251696 0.046711711711711706
0 0.21928571428571428 0.7081981981981982 0.03602040816326531 0.06842342342342342
0 0.21676870748299318 0.7824324324324324 0.020918367346938777 0.06671171171171171
0 0.24068027210884355 0.8633783783783783 0.049591836734693875 0.04837837837837838
0 0.2658843537414966 0.7724324324324324 0.03605442176870748 0.09342342342342341
0 0.3357823129251701 0.8667117117117117 0.038231292517006805 0.061711711711711706
0 0.3874149659863946 0.9284234234234234 0.03231292517006803 0.05837837837837838
0 0.3622448979591837 0.7891441441441441 0.04074829931972789 0.05671171171171171
0 0.39435374149659863 0.8525225225225225 0.03357142857142857 0.06337837837837838
0 0.4157482993197279 0.6906756756756758 0.047040816326530614 0.053378378378378374
0 0.30176870748299317 0.9359459459459459 0.05085034013605442 0.05671171171171171
0 0.35846938775510206 0.9568018018018017 0.03231292517006803 0.061711711711711706
0 0.23187074829931972 0.9384234234234234 0.03448979591836735 0.038378378378378375
0 0.2935714285714286 0.6281081081081081 0.04707482993197279 0.05171171171171171
0 0.39687074829931973 0.2118918918918919 0.03193877551020408 0.05004504504504504
0 0.44346938775510203 0.2118918918918919 0.02435374149659864 0.06671171171171171
0 0.30744897959183676 0.0559009009009009 0.029421768707482993 0.031711711711711714
0 0.34020408163265303 0.039189189189189184 0.01935374149659864 0.025045045045045043
0 0.3553061224489796 0.12513513513513513 0.03948979591836734 0.04337837837837838
0 0.7029591836734693 0.06590090090090091 0.0419047619047619 0.06842342342342342
0 0.6166666666666667 0.038378378378378375 0.045714285714285714 0.05004504504504504
0 0.5347959183673469 0.07675675675675675 0.033129251700680276 0.06337837837837838
0 0.6053401360544217 0.09342342342342341 0.04319727891156462 0.053378378378378374
0 0.5549319727891157 0.1543243243243243 0.05326530612244898 0.05171171171171171
0 0.5631292517006803 0.22608108108108108 0.05200680272108843 0.06504504504504505
0 0.6135034013605443 0.16184684684684686 0.041938775510204085 0.05004504504504504
0 0.6897278911564626 0.20603603603603604 0.05826530612244898 0.0750900900900901
0 0.7086054421768708 0.30779279279279276 0.06833333333333333 0.061711711711711706
0 0.6021768707482993 0.3612162162162162 0.058843537414965986 0.0750900900900901
0 0.6387074829931972 0.2811261261261261 0.04948979591836735 0.061711711711711706
0 0.5448639455782313 0.3386936936936937 0.033129251700680276 0.08009009009009009
0 0.5561904761904762 0.45797297297297296 0.03564625850340136 0.055045045045045045
0 0.731904761904762 0.3920720720720721 0.03619047619047619 0.06337837837837838
0 0.7564965986394557 0.34202702702702703 0.03748299319727891 0.07675675675675675
0 0.7451360544217687 0.15513513513513513 0.03748299319727891 0.05671171171171171
0 0.7722108843537415 0.18518018018018018 0.013537414965986394 0.07675675675675675
0 0.7841836734693878 0.06671171171171171 0.05319727891156463 0.06671171171171171
0 0.7463945578231292 0.006666666666666666 0.020476190476190474 0.013333333333333332
0 0.6607482993197279 0.44626126126126126 0.048197278911564626 0.055045045045045045
0 0.6147619047619048 0.43045045045045044 0.003435374149659864 0.053378378378378374
0 0.5436054421768707 0.5422072072072073 0.03816326530612245 0.046711711711711706
0 0.6154081632653061 0.5171621621621622 0.04319727891156462 0.040045045045045045
0 0.7545918367346939 0.4788288288288288 0.03683673469387755 0.06337837837837838
0 0.7463945578231292 0.5413963963963964 0.032448979591836735 0.05837837837837838
0 0.6229591836734694 0.6381531531531531 0.050748299319727894 0.06842342342342342
0 0.6809183673469388 0.6472972972972972 0.04751700680272109 0.08342342342342342
0 0.5662925170068027 0.6247747747747747 0.045714285714285714 0.06504504504504505
0 0.6128911564625851 0.7140540540540541 0.0482312925170068 0.06004504504504504
0 0.6758843537414966 0.7499099099099099 0.0626530612244898 0.0750900900900901
0 0.6525510204081633 0.8983783783783784 0.05452380952380953 0.06842342342342342
0 0.6173129251700681 0.8091441441441442 0.0386734693877551 0.07342342342342342
0 0.6273809523809524 0.9721171171171171 0.04445578231292517 0.05572072072072072
0 0.7684353741496598 0.9209009009009009 0.03935374149659864 0.040045045045045045
0 0.78921768707483 0.9701351351351352 0.047551020408163266 0.04171171171171171
0 0.6979251700680272 0.9417567567567567 0.028639455782312924 0.04837837837837838
0 0.7211904761904762 0.8675225225225225 0.03306122448979592 0.06004504504504504
0 0.7482993197278912 0.6089639639639639 0.04187074829931973 0.06004504504504504
0 0.6947619047619047 0.5355405405405406 0.048197278911564626 0.05004504504504504
0 0.7558503401360545 0.6956756756756757 0.049421768707482994 0.053378378378378374
0 0.7646598639455783 0.7782882882882883 0.056360544217687075 0.061711711711711706
0 0.8043197278911565 0.8825675675675676 0.040612244897959185 0.0700900900900901
0 0.7123809523809523 0.8141441441441442 0.043163265306122446 0.02
0 0.6657823129251701 0.8233333333333334 0.02486394557823129 0.055045045045045045