0 0.4806802721088435 0.42171171171171173 0.03510204081632653 0.05427927927927928
0 0.4677551020408164 0.5037387387387388 0.0419047619047619 0.0704954954954955
0 0.46707482993197275 0.3505405405405405 0.04598639455782313 0.05243243243243244
0 0.7914965986394558 0.36585585585585584 0.028231292517006804 0.0722972972972973
0 0.4765646258503402 0.5875225225225226 0.05414965986394558 0.06513513513513514
0 0.5595578231292516 0.6064414414414414 0.07588435374149659 0.08135135135135134
0 0.5486734693877551 0.5091441441441441 0.07591836734693877 0.06689189189189189
0 0.5588775510204081 0.4298198198198198 0.07452380952380952 0.0704954954954955
0 0.5486734693877551 0.35324324324324324 0.06231292517006803 0.047027027027027025
0 0.6935714285714285 0.5460810810810811 0.0663265306122449 0.061531531531531534
0 0.6513945578231293 0.43882882882882884 0.03370748299319728 0.052477477477477476
0 0.619421768707483 0.5136486486486487 0.0377891156462585 0.05067567567567568
0 0.6153401360544217 0.36495495495495495 0.029625850340136057 0.04522522522522522