0 0.08615646258503401 0.437027027027027 0.035238095238095235 0.0632882882882883
0 0.13037414965986394 0.47040540540540543 0.025680272108843535 0.06148648648648649
0 0.1820748299319728 0.5172522522522522 0.042006802721088435 0.05067567567567568
0 0.14465986394557823 0.5640990990990992 0.062414965986394566 0.06513513513513514
0 0.016598639455782313 0.6100450450450451 0.03316326530612245 0.07054054054054054
0 0.1711904761904762 0.28297297297297297 0.028401360544217685 0.061441441441441445
0 0.5119387755102041 0.7749549549549549 0.05414965986394558 0.12288288288288289
0 0.9771768707482994 0.647882882882883 0.03496598639455782 0.05612612612612613
0 0.7622448979591837 0.5433783783783783 0.05408163265306123 0.09936936936936937
0 0.8520408163265306 0.8812612612612613 0.045884353741496596 0.050810810810810805
0 0.9350340136054421 0.4758108108108108 0.03496598639455782 0.05427927927927928
0 0.9010204081632652 0.5631981981981982 0.051326530612244896 0.06693693693693693
0 0.3779591836734694 0.6992342342342341 0.06370748299319728 0.13364864864864864
0 0.2629931972789115 0.6713063063063063 0.05965986394557823 0.04891891891891892
0 0.35551020408163264 0.455045045045045 0.05418367346938775 0.0632882882882883
0 0.19840136054421767 0.39288288288288287 0.047448979591836735 0.043423423423423424
0 0.3514285714285714 0.5595945945945946 0.0460204081632653 0.034504504504504506
0 0.44530612244897955 0.592027027027027 0.03241496598639455 0.038108108108108114
0 0.6527551020408163 0.6722072072072072 0.04187074829931973 0.0831981981981982
0 0.27183673469387754 0.519954954954955 0.0827891156462585 0.03806306306306306
0 0.21948979591836734 0.5947297297297297 0.027040816326530614 0.0327027027027027
0 0.3160544217687075 0.5983333333333334 0.032448979591836735 0.0327027027027027
0 0.11676870748299319 0.6406756756756756 0.08010204081632653 0.034504504504504506
0 0.03921768707482993 0.49923423423423424 0.03387755102040817 0.08671171171171171
0 0.2997278911564626 0.41 0.037891156462585035 0.11373873873873874
0 0.5357482993197279 0.4686036036036036 0.1072108843537415 0.0686936936936937
0 0.7670068027210885 0.7298648648648649 0.028231292517006804 0.06878378378378378
0 0.8391156462585033 0.5659009009009008 0.06085034013605442 0.10837837837837837
0 0.8717687074829933 0.6722072072072072 0.10710884353741496 0.054324324324324325
0 0.9594897959183672 0.5866216216216216 0.04312925170068027 0.05252252252252252