0 0.33693877551020407 0.26184684684684684 0.07061224489795918 0.11112612612612613
0 0.4281972789115646 0.3712162162162162 0.06527210884353742 0.08387387387387388
0 0.20517006802721088 0.7378828828828828 0.07054421768707482 0.1250900900900901
0 0.3493537414965986 0.4805405405405406 0.07602040816326532 0.09954954954954956
0 0.3023809523809524 0.6942792792792792 0.10731292517006803 0.10369369369369369
0 0.34285714285714286 0.7622072072072072 0.0989795918367347 0.07216216216216216
0 0.23 0.2582432432432432 0.05758503401360544 0.13256756756756757
0 0.4724829931972789 0.2611261261261261 0.05448979591836735 0.08968468468468468
0 0.593469387755102 0.33400900900900904 0.06965986394557823 0.14968468468468468
0 0.5886054421768708 0.4648198198198198 0.06642857142857143 0.10243243243243243
0 0.6409863945578231 0.6542342342342343 0.09129251700680271 0.14373873873873874
0 0.7954421768707484 0.6063513513513514 0.06761904761904762 0.13662162162162161
0 0.8510544217687075 0.48770270270270266 0.0708843537414966 0.17103603603603604
0 0.8229931972789116 0.28040540540540543 0.07302721088435374 0.1396846846846847
0 0.8429591836734694 0.6578378378378378 0.06547619047619048 0.13373873873873873
0 0.7327891156462585 0.6628378378378379 0.07622448979591837 0.10657657657657657
0 0.7436054421768707 0.3125675675675676 0.061122448979591834 0.10680180180180181
0 0.6755442176870748 0.29184684684684686 0.06755102040816326 0.1511261261261261
0 0.22676870748299321 0.40621621621621623 0.10078231292517006 0.08243243243243244
0 0.44979591836734695 0.4698198198198198 0.09119047619047618 0.0781081081081081
0 0.4136394557823129 0.5513063063063063 0.09010204081632653 0.12094594594594595
0 0.3007482993197279 0.40477477477477475 0.08894557823129251 0.09387387387387387
0 0.4746598639455783 0.15891891891891893 0.06744897959183672 0.08833333333333333
0 0.7770748299319729 0.20824324324324323 0.05680272108843537 0.08684684684684685
0 0.7128231292517007 0.5398648648648648 0.07945578231292517 0.09806306306306306
0 0.7830272108843538 0.41265765765765766 0.0773469387755102 0.08387387387387388
0 0.6361224489795919 0.5255855855855857 0.07510204081632653 0.12382882882882883
0 0.7311564625850341 0.7743243243243243 0.0686734693877551 0.08364864864864865
0 0.42551020408163265 0.942027027027027 0.08578231292517007 0.1159009009009009
0 0.3736734693877551 0.6113513513513513 0.09656462585034013 0.1009009009009009
0 0.20785714285714285 0.5120270270270271 0.06945578231292518 0.13099099099099099
0 0.7181972789115646 0.431981981981982 0.09673469387755103 0.06527027027027027
0 0.8181292517006803 0.8343693693693693 0.05683673469387755 0.0836036036036036