0 0.4592176870748299 0.6431531531531531 0.05836734693877551 0.061711711711711706
0 0.4629931972789116 0.7057207207207207 0.04996598639455782 0.0700900900900901
0 0.47683673469387755 0.5613963963963964 0.06591836734693877 0.05171171171171171
0 0.41955782312925166 0.4671171171171171 0.0495578231292517 0.05004504504504504
0 0.5253401360544218 0.4863063063063063 0.061326530612244905 0.06842342342342342
0 0.44095238095238093 0.37954954954954956 0.06717687074829932 0.05171171171171171
0 0.5423469387755102 0.36036036036036034 0.06761904761904762 0.08009009009009009
0 0.46741496598639454 0.3403603603603604 0.10496598639455783 0.06337837837837838
0 0.5933673469387755 0.4746396396396397 0.051258503401360546 0.10842342342342343
0 0.5587074829931973 0.7574324324324324 0.07091836734693878 0.05004504504504504
0 0.41955782312925166 0.5188738738738738 0.05962585034013606 0.05004504504504504
0 0.3345238095238095 0.5180180180180181 0.07602040816326532 0.0750900900900901
0 0.38363945578231295 0.5689189189189189 0.044897959183673466 0.05671171171171171
0 0.4006462585034014 0.6906756756756758 0.06465986394557824 0.07675675675675675
0 0.25642857142857145 0.6372972972972972 0.0710204081632653 0.06004504504504504
0 0.5140136054421769 0.42292792792792794 0.07721088435374149 0.05171171171171171
0 0.4220408163265306 0.4079279279279279 0.10244897959183674 0.06842342342342342
0 0.4692857142857143 0.492972972972973 0.03738095238095238 0.07175675675675676
0 0.6796258503401361 0.7240540540540541 0.048197278911564626 0.02337837837837838