0 0.26731292517006805 0.3486486486486487 0.06037414965986394 0.05355855855855856
0 0.2926530612244898 0.4363063063063063 0.03687074829931973 0.08148648648648649
0 0.2537074829931973 0.45351351351351354 0.033197278911564626 0.06675675675675675
0 0.286156462585034 0.5311261261261261 0.04244897959183674 0.029504504504504505
0 0.2900340136054422 0.6806756756756758 0.04707482993197279 0.07463963963963964
0 0.11394557823129252 0.5504054054054054 0.03816326530612245 0.05981981981981982
0 0.055204081632653064 0.5311261261261261 0.04438775510204082 0.0622972972972973
0 0.08180272108843538 0.6210360360360361 0.03571428571428571 0.04963963963963964
0 0.7783673469387755 0.4260810810810811 0.03734693877551021 0.052792792792792795
0 0.986530612244898 0.455990990990991 0.026972789115646257 0.07166666666666667
0 0.7548639455782313 0.5036936936936937 0.027448979591836734 0.08112612612612613
0 0.7707823129251701 0.4170720720720721 0.037653061224489796 0.03477477477477477
0 0.7761904761904761 0.32594594594594595 0.02683673469387755 0.0859009009009009
0 0.9726190476190476 0.5448648648648649 0.05479591836734694 0.07743243243243243
0 0.9570408163265306 0.47274774774774775 0.03605442176870748 0.04792792792792793
0 0.9411224489795919 0.7007207207207208 0.038231292517006805 0.05747747747747747
0 0.9853401360544217 0.6892342342342342 0.02153061224489796 0.06729729729729729
0 0.9244217687074829 0.634954954954955 0.041938775510204085 0.04472972972972973
0 0.1360544217687075 0.6669369369369369 0.048367346938775514 0.02671171171171171
0 0.07408163265306122 0.7767117117117117 0.03880952380952381 0.06612612612612613