0 0.2904421768707483 0.3586936936936937 0.10374149659863946 0.07675675675675675
0 0.11472789115646258 0.35283783783783784 0.06476190476190476 0.04837837837837838
0 0.3389455782312925 0.46045045045045047 0.07476190476190477 0.07675675675675675
0 0.15377551020408164 0.48463963963963963 0.08238095238095237 0.0750900900900901
0 0.3660204081632653 0.5705855855855856 0.05244897959183673 0.08342342342342342
0 0.2816326530612245 0.5622072072072072 0.06850340136054422 0.06671171171171171
0 0.3080952380952381 0.6556756756756756 0.08517006802721089 0.07342342342342342
0 0.36853741496598635 0.6281081081081081 0.06758503401360545 0.07842342342342343
0 0.44095238095238093 0.5455405405405406 0.07976190476190476 0.09009009009009009
0 0.44285714285714284 0.6406306306306306 0.07768707482993198 0.1168018018018018
0 0.38302721088435376 0.5013513513513513 0.052074829931972794 0.05837837837837838
0 0.45670068027210886 0.4613063063063063 0.0810204081632653 0.10175675675675676
0 0.5203061224489796 0.4004054054054054 0.07972789115646259 0.10342342342342342
0 0.6475170068027211 0.3061261261261261 0.0796938775510204 0.11513513513513512
0 0.5322789115646259 0.4954954954954955 0.060068027210884355 0.08342342342342342
0 0.4875510204081633 0.5513963963963964 0.04870748299319728 0.09509009009009009
0 0.5052040816326531 0.6431531531531531 0.04874149659863945 0.09509009009009009
0 0.6437414965986394 0.503018018018018 0.07465986394557823 0.07175675675675676
0 0.5511904761904762 0.6156306306306306 0.07268707482993197 0.11009009009009009
0 0.7155442176870749 0.21103603603603605 0.044421768707482996 0.06842342342342342
0 0.796156462585034 0.16765765765765767 0.07462585034013607 0.09175675675675676
0 0.720578231292517 0.04337837837837838 0.0419047619047619 0.05671171171171171
0 0.13047619047619047 0.5680630630630631 0.06350340136054422 0.04837837837837838
0 0.08261904761904762 0.5447297297297298 0.06350340136054422 0.05837837837837838
0 0.2230612244897959 0.674009009009009 0.057176870748299316 0.06337837837837838
0 0.2954761904761905 0.7666216216216216 0.05085034013605442 0.055045045045045045
0 0.3874149659863946 0.8191441441441442 0.05333333333333333 0.040045045045045045
0 0.461734693877551 0.7807657657657658 0.06340136054421769 0.0700900900900901