0 0.6317687074829932 0.3545045045045045 0.07340136054421768 0.09842342342342343
0 0.4352721088435374 0.2344144144144144 0.06340136054421769 0.07175675675675676
0 0.27911564625850344 0.12346846846846847 0.05085034013605442 0.053378378378378374
0 0.3628571428571429 0.2352252252252252 0.04615646258503402 0.07342342342342342
0 0.2677551020408163 0.21936936936936938 0.06346938775510204 0.05171171171171171
0 0.1833673469387755 0.1543243243243243 0.05340136054421769 0.05171171171171171
0 0.18714285714285717 0.25860360360360357 0.05340136054421769 0.06004504504504504
0 0.2879251700680272 0.160990990990991 0.04989795918367347 0.04504504504504504
0 0.3868027210884354 0.170990990990991 0.05877551020408164 0.021666666666666664
0 0.3408163265306123 0.07175675675675676 0.06091836734693878 0.07675675675675675
0 0.5127551020408163 0.21936936936936938 0.05707482993197279 0.08175675675675675
0 0.594625850340136 0.21022522522522524 0.06962585034013605 0.05004504504504504
0 0.3219387755102041 0.4204054054054054 0.0936734693877551 0.06671171171171171
0 0.35404761904761906 0.5997747747747748 0.07891156462585033 0.10509009009009009
0 0.525986394557823 0.5989189189189189 0.10619047619047618 0.07342342342342342
0 0.44979591836734695 0.7999549549549549 0.04115646258503401 0.10842342342342343
0 0.4491496598639456 0.7131981981981983 0.0810204081632653 0.07175675675675676
0 0.3200340136054422 0.7265765765765766 0.09493197278911565 0.06842342342342342
0 0.27721088435374147 0.6055855855855856 0.06976190476190476 0.10009009009009008
0 0.2463605442176871 0.6998648648648649 0.0710204081632653 0.0850900900900901
0 0.3622448979591837 0.809954954954955 0.10374149659863946 0.05171171171171171
0 0.3861904761904762 0.7482432432432433 0.08017006802721088 0.031711711711711714
0 0.43969387755102046 0.955945945945946 0.06465986394557824 0.06004504504504504
0 0.3609863945578231 0.8959009009009008 0.07602040816326532 0.08675675675675676
0 0.3615986394557823 0.9721171171171171 0.09489795918367347 0.05572072072072072
0 0.27343537414965985 0.8567117117117117 0.06724489795918367 0.07175675675675676
0 0.28224489795918367 0.9743243243243244 0.04707482993197279 0.040045045045045045
0 0.6021768707482993 0.6181081081081081 0.05955782312925171 0.09509009009009009
0 0.6651360544217687 0.5104954954954954 0.07465986394557823 0.10675675675675675
0 0.74578231292517 0.6389639639639639 0.051972789115646255 0.07675675675675675
0 0.7722108843537415 0.5547297297297298 0.05193877551020408 0.10842342342342343
0 0.7741156462585034 0.4395945945945946 0.03306122448979592 0.05837837837837838
0 0.731904761904762 0.41292792792792793 0.04693877551020408 0.0750900900900901
0 0.7948979591836735 0.22436936936936938 0.06200680272108844 0.13180180180180182
0 0.5820068027210885 0.08675675675675676 0.06714285714285714 0.09009009009009009
0 0.49071428571428577 0.10842342342342343 0.09360544217687075 0.09342342342342341
0 0.5089795918367347 0.9317567567567567 0.049523809523809526 0.06504504504504505
0 0.5927210884353741 0.7607657657657657 0.07846938775510204 0.1168018018018018
0 0.5580952380952381 0.9676126126126127 0.05377551020408163 0.04337837837837838
0 0.4648979591836735 0.3361711711711711 0.049523809523809526 0.05171171171171171
0 0.5272448979591836 0.43292792792792795 0.11122448979591838 0.10842342342342343
0 0.44411564625850336 0.4721171171171171 0.08857142857142856 0.12346846846846847
0 0.32510204081632654 0.5021621621621621 0.10408163265306122 0.05671171171171171
0 0.24887755102040818 0.4337837837837838 0.03826530612244898 0.15013513513513513
0 0.6557142857142857 0.18851351351351353 0.06333333333333334 0.07675675675675675