0 0.3351360544217687 0.306981981981982 0.07727891156462585 0.10009009009009008
0 0.25642857142857145 0.3837387387387387 0.06598639455782312 0.12346846846846847
0 0.4082312925170068 0.4337837837837838 0.05877551020408164 0.14346846846846847
0 0.48000000000000004 0.5113513513513513 0.07472789115646258 0.11513513513513512
0 0.7621428571428571 0.36036036036036034 0.05700680272108844 0.09009009009009009
0 0.8074829931972789 0.30779279279279276 0.07965986394557824 0.11846846846846847
0 0.7136394557823129 0.37536036036036036 0.09102040816326532 0.10342342342342342
0 0.8024489795918367 0.4821621621621622 0.05891156462585034 0.11346846846846848
0 0.6947619047619047 0.4671171171171171 0.1464285714285714 0.12680180180180178
0 0.6651700680272109 0.5813963963963964 0.06642857142857143 0.1418018018018018
0 0.6670408163265307 0.7198648648648649 0.09102040816326532 0.10842342342342343
0 0.7193197278911564 0.6181081081081081 0.07649659863945578 0.1518018018018018
0 0.8030612244897959 0.7349099099099099 0.05319727891156463 0.07842342342342343
0 0.8339455782312926 0.7966216216216216 0.053877551020408164 0.10509009009009009
0 0.8383333333333334 0.9117567567567567 0.06578231292517006 0.09175675675675676
0 0.8824489795918368 0.8875675675675675 0.03248299319727892 0.09009009009009009
0 0.35088435374149657 0.7357207207207208 0.13901360544217686 0.10009009009009008
0 0.3118707482993197 0.8541891891891892 0.05244897959183673 0.09342342342342341
0 0.2324829931972789 0.6064414414414414 0.04078231292517007 0.04837837837837838
0 0.26840136054421765 0.6923423423423423 0.06472789115646259 0.0700900900900901
0 0.436530612244898 0.6506306306306306 0.0810204081632653 0.09675675675675675
0 0.27721088435374147 0.28193693693693694 0.07479591836734693 0.06671171171171171
0 0.33139455782312927 0.4379279279279279 0.06629251700680272 0.11175675675675675
0 0.8553401360544217 0.17265765765765764 0.04435374149659864 0.09509009009009009
0 0.8647959183673469 0.11094594594594594 0.05823129251700681 0.04837837837837838