0 0.1965986394557823 0.3253153153153153 0.07482993197278912 0.06337837837837838
0 0.2935714285714286 0.306981981981982 0.05462585034013605 0.06004504504504504
0 0.11411564625850339 0.014189189189189188 0.02214285714285714 0.028378378378378376
0 0.07945578231292517 0.21522522522522522 0.054693877551020405 0.06337837837837838
0 0.06812925170068028 0.44878378378378375 0.054693877551020405 0.04337837837837838
0 0.16826530612244897 0.46630630630630626 0.05489795918367347 0.07842342342342343
0 0.29105442176870744 0.46630630630630626 0.06972789115646258 0.05171171171171171
0 0.3641156462585034 0.40959459459459463 0.05965986394557823 0.08175675675675675
0 0.2992517006802721 0.3887387387387387 0.05085034013605442 0.06004504504504504
0 0.40255102040816326 0.23689189189189191 0.060884353741496595 0.046711711711711706
0 0.42394557823129253 0.3328378378378378 0.060884353741496595 0.06842342342342342
0 0.4655102040816327 0.2894594594594595 0.057517006802721087 0.06842342342342342
0 0.38112244897959185 0.3236486486486486 0.050816326530612244 0.06337837837837838
0 0.5253401360544218 0.25360360360360357 0.04370748299319728 0.09675675675675675
0 0.46425170068027216 0.20018018018018016 0.05078231292517007 0.05671171171171171
0 0.5102380952380952 0.14265765765765767 0.03108843537414966 0.07842342342342343
0 0.6147619047619048 0.2911261261261261 0.06207482993197279 0.06842342342342342
0 0.5700680272108843 0.3904054054054054 0.05755102040816327 0.09009009009009009
0 0.6298979591836734 0.37036036036036035 0.05955782312925171 0.04337837837837838
0 0.6525510204081633 0.4445945945945946 0.03870748299319728 0.061711711711711706
0 0.461734693877551 0.42126126126126123 0.07095238095238095 0.0850900900900901
0 0.42459183673469386 0.43126126126126124 0.06884353741496597 0.14513513513513512
0 0.5095918367346939 0.44126126126126125 0.029829931972789114 0.08842342342342342
0 0.5719727891156462 0.538018018018018 0.11676870748299319 0.13513513513513514
0 0.4510204081632653 0.5605405405405405 0.06465986394557824 0.05671171171171171
0 0.38112244897959185 0.623963963963964 0.04829931972789116 0.11009009009009009
0 0.3666326530612245 0.5063513513513513 0.028537414965986396 0.09509009009009009
0 0.43088435374149664 0.6606756756756756 0.0663265306122449 0.06337837837837838
0 0.49132653061224485 0.6114414414414415 0.05204081632653061 0.10175675675675676
0 0.5562244897959183 0.6389639639639639 0.04748299319727892 0.04337837837837838
0 0.4006462585034014 0.7599099099099098 0.06717687074829932 0.08842342342342342
0 0.4629931972789116 0.7365765765765766 0.08775510204081632 0.0850900900900901
0 0.5385714285714286 0.7757657657657657 0.05755102040816327 0.09675675675675675
0 0.5681632653061224 0.7115315315315316 0.11248299319727892 0.07175675675675676
0 0.6431292517006804 0.6865315315315316 0.06010204081632654 0.08175675675675675
0 0.6588435374149659 0.6122972972972973 0.06710884353741496 0.10009009009009008
0 0.7111224489795918 0.5881081081081081 0.07020408163265306 0.08842342342342342
0 0.7155442176870749 0.513018018018018 0.044421768707482996 0.06504504504504505
0 0.7042176870748299 0.45963963963963966 0.03687074829931973 0.04171171171171171
0 0.7747619047619048 0.5580630630630631 0.0664625850340136 0.08842342342342342
0 0.7426190476190476 0.6998648648648649 0.08091836734693877 0.10509009009009009
0 0.6922448979591838 0.7615765765765765 0.09034013605442176 0.10509009009009009
0 0.6046938775510204 0.7807657657657658 0.10993197278911565 0.10342342342342342
0 0.25833333333333336 0.6748198198198199 0.06724489795918367 0.08842342342342342
0 0.216734693877551 0.7482432432432433 0.08489795918367347 0.0850900900900901
0 0.30241496598639456 0.8416666666666667 0.05622448979591837 0.10175675675675676
0 0.2727891156462585 0.9262612612612613 0.08863945578231291 0.1474774774774775
0 0.45227891156462585 0.845 0.08731292517006803 0.07175675675675676
0 0.40003401360544216 0.8967117117117117 0.07261904761904762 0.13513513513513514
0 0.3622448979591837 0.9495945945945946 0.08860544217687075 0.10076576576576576
0 0.46993197278911564 0.9426126126126125 0.11673469387755102 0.08342342342342342
0 0.5587074829931973 0.9250900900900901 0.06085034013605442 0.08175675675675675
0 0.5285034013605442 0.865045045045045 0.09108843537414966 0.07175675675675676
0 0.5996598639455782 0.8867117117117117 0.08401360544217687 0.10509009009009009
0 0.6519387755102041 0.8274774774774775 0.12125850340136055 0.10342342342342342
0 0.6197959183673469 0.9646396396396396 0.06710884353741496 0.07072072072072072
0 0.649421768707483 0.9034234234234234 0.0651360544217687 0.05837837837837838
0 0.8918707482993197 0.809954954954955 0.05693877551020408 0.06504504504504505
0 0.8956462585034013 0.8892342342342342 0.05136054421768707 0.05671171171171171
0 0.8408503401360544 0.739054054054054 0.06326530612244899 0.07675675675675675
0 0.8408503401360544 0.6631531531531532 0.08846938775510205 0.10509009009009009