0 0.5470408163265307 0.07887387387387389 0.14741496598639456 0.13126126126126125
0 0.757108843537415 0.13495495495495496 0.12268707482993198 0.12693693693693694
0 0.6647619047619048 0.11783783783783784 0.08482993197278912 0.08977477477477477
0 0.866734693877551 0.07635135135135135 0.11085034013605444 0.14414414414414414
0 0.4552040816326531 0.19216216216216214 0.11710884353741496 0.11977477477477477
0 0.4125170068027211 0.08572072072072072 0.12159863945578231 0.1331981981981982
0 0.2926190476190476 0.085 0.12816326530612246 0.16608108108108108
0 0.6469387755102041 0.35441441441441446 0.08156462585034013 0.12680180180180178
0 0.8435034013605442 0.34725225225225226 0.13136054421768706 0.1354054054054054
0 0.6577210884353741 0.22144144144144143 0.12479591836734694 0.14121621621621622
0 0.5524149659863945 0.20432432432432432 0.11068027210884353 0.14121621621621622
0 0.3498979591836735 0.19288288288288288 0.09870748299319727 0.12405405405405405
0 0.5443197278911565 0.4072972972972973 0.0988095238095238 0.14391891891891892
0 0.8003061224489796 0.6267117117117117 0.12918367346938775 0.17666666666666667
0 0.4228231292517007 0.3358108108108108 0.09982993197278912 0.11824324324324324
0 0.9418027210884353 0.2572072072072072 0.09687074829931973 0.17833333333333334
0 0.3855442176870748 0.7739639639639639 0.08465986394557823 0.12225225225225225
0 0.5621428571428572 0.7232432432432433 0.1895238095238095 0.1265765765765766
0 0.39363945578231296 0.9083783783783783 0.10520408163265306 0.07927927927927929
0 0.8618707482993196 0.7496846846846847 0.1303061224489796 0.13657657657657657
0 0.889421768707483 0.8983333333333333 0.13139455782312925 0.12788288288288288
0 0.3401700680272109 0.33725225225225225 0.0824829931972789 0.1354054054054054
0 0.734421768707483 0.2965315315315315 0.11292517006802721 0.154009009009009
0 0.6695578231292517 0.030405405405405407 0.14200680272108843 0.06076576576576577
0 0.8823809523809525 0.36657657657657655 0.07629251700680272 0.13396396396396396
0 0.5437755102040817 0.2793693693693694 0.1441496598639456 0.10828828828828828
0 0.2284013605442177 0.43373873873873875 0.10292517006802722 0.13103603603603603
0 0.15819727891156463 0.7604054054054055 0.10289115646258504 0.14941441441441441
0 0.0717687074829932 0.9479279279279279 0.12013605442176871 0.10409909909909909
0 0.23108843537414966 0.8450900900900902 0.10619047619047618 0.1036036036036036
0 0.31261904761904763 0.8000900900900901 0.0986734693877551 0.1308108108108108
0 0.6830952380952381 0.8115315315315316 0.0945578231292517 0.11936936936936937
0 0.4865306122448979 0.8558108108108109 0.06850340136054422 0.10504504504504504
0 0.08636054421768707 0.592072072072072 0.08666666666666667 0.12378378378378378
0 0.09282312925170068 0.43554054054054053 0.09098639455782313 0.11103603603603603
0 0.4503401360544218 0.6742792792792792 0.08901360544217687 0.12234234234234234
0 0.2948299319727891 0.6692792792792793 0.09108843537414966 0.12373873873873874
0 0.2596938775510204 0.5713513513513514 0.09431972789115646 0.13382882882882882
0 0.44979591836734695 0.5141441441441441 0.07064625850340137 0.11954954954954955
0 0.5302721088435375 0.5184684684684684 0.09554421768707483 0.13671171171171173
0 0.6193877551020408 0.48770270270270266 0.08156462585034013 0.09527027027027027
0 0.6663265306122449 0.542027027027027 0.08153061224489795 0.12099099099099099
0 0.379047619047619 0.44981981981981983 0.09979591836734694 0.12247747747747749
0 0.7614285714285715 0.8308108108108108 0.10646258503401361 0.10364864864864866