0 0.875374149659864 0.3418918918918919 0.07414965986394557 0.11391891891891892
0 0.8262244897959183 0.33400900900900904 0.05142857142857143 0.12680180180180178
0 0.7295578231292518 0.04792792792792793 0.12374149659863946 0.09590090090090089
0 0.8402721088435374 0.09959459459459459 0.07952380952380952 0.11837837837837838
0 0.7727551020408163 0.18319819819819821 0.06976190476190476 0.12261261261261261
0 0.8408163265306122 0.20824324324324323 0.07629251700680272 0.13833333333333334
0 0.7052380952380952 0.6041891891891892 0.05136054421768707 0.12378378378378378
0 0.753843537414966 0.7550450450450451 0.07085034013605442 0.1308108108108108
0 0.8202721088435374 0.7464414414414414 0.07193877551020407 0.11936936936936937
0 0.8823809523809525 0.5484684684684685 0.0665986394557823 0.14382882882882883
0 0.8289115646258503 0.41549549549549547 0.08493197278911564 0.09243243243243243
0 0.32074829931972787 0.09743243243243242 0.08139455782312925 0.09977477477477477
0 0.23918367346938774 0.1453153153153153 0.09755102040816327 0.09833333333333333
0 0.1889795918367347 0.19752252252252253 0.12238095238095237 0.114009009009009
0 0.18625850340136055 0.501981981981982 0.09319727891156462 0.11094594594594594
0 0.33530612244897956 0.7042792792792792 0.060884353741496595 0.11797297297297298
0 0.5011224489795919 0.6971171171171171 0.05772108843537414 0.10653153153153153
0 0.37581632653061225 0.6721171171171172 0.05551020408163265 0.11369369369369368
0 0.5351360544217687 0.6070720720720721 0.056666666666666664 0.1409009009009009
0 0.500578231292517 0.49058558558558557 0.08472789115646258 0.110990990990991
0 0.43578231292517006 0.46126126126126127 0.0782312925170068 0.08954954954954955
0 0.4395578231292517 0.376936936936937 0.0598639455782313 0.10675675675675675
0 0.16302721088435373 0.42265765765765767 0.053231292517006805 0.12103603603603603
0 0.18139455782312924 0.32617117117117117 0.07914965986394558 0.07963963963963964
0 0.18520408163265306 0.25756756756756755 0.11911564625850342 0.08540540540540541
0 0.23054421768707484 0.41481981981981986 0.06731292517006802 0.11387387387387388
0 0.28183673469387754 0.22396396396396395 0.070578231292517 0.12972972972972974
0 0.6118027210884354 0.5170270270270271 0.05238095238095238 0.08378378378378379
0 0.6593537414965986 0.2118018018018018 0.03945578231292517 0.09112612612612613
0 0.7554761904761905 0.11747747747747747 0.06758503401360545 0.10265765765765765
0 0.8354081632653062 0.6878378378378378 0.059013605442176875 0.10225225225225225