0 0.2148639455782313 0.6231081081081081 0.08615646258503401 0.11175675675675675
0 0.17391156462585036 0.3970720720720721 0.11261904761904762 0.12013513513513514
0 0.33639455782312927 0.43292792792792795 0.09241496598639456 0.09842342342342343
0 0.2551700680272109 0.5096846846846848 0.09115646258503401 0.07842342342342343
0 0.3395918367346939 0.6389639639639639 0.12299319727891156 0.09009009009009009
0 0.39999999999999997 0.5430630630630631 0.14653061224489794 0.0750900900900901
0 0.49513605442176867 0.49635135135135133 0.10918367346938776 0.13180180180180182
0 0.4321428571428571 0.40121621621621617 0.13520408163265307 0.13513513513513514
0 0.5543197278911565 0.3636936936936937 0.14193877551020406 0.12680180180180178
0 0.5637414965986395 0.29027027027027025 0.15908163265306124 0.13013513513513514
0 0.6179251700680272 0.5230180180180181 0.07017006802721087 0.14846846846846848
0 0.7041836734693877 0.4813063063063063 0.0822108843537415 0.09175675675675676
0 0.7048299319727891 0.3628828828828829 0.11302721088435373 0.16184684684684686
0 0.805578231292517 0.37869369369369366 0.08343537414965987 0.10342342342342342
0 0.7810544217687074 0.5188738738738738 0.05887755102040816 0.10009009009009008
0 0.37986394557823133 0.8308108108108108 0.09363945578231293 0.11346846846846848
0 0.4623809523809524 0.8032882882882884 0.16459183673469388 0.08842342342342342
0 0.5706802721088435 0.7415765765765766 0.10493197278911565 0.09175675675675676
0 0.6204421768707483 0.6731531531531532 0.13064625850340134 0.09509009009009009
0 0.5070748299319728 0.6489639639639639 0.11625850340136054 0.08009009009009009
0 0.44095238095238093 0.7181981981981982 0.13268707482993197 0.09175675675675676
0 0.2986054421768708 0.7382432432432432 0.11003401360544218 0.0850900900900901
0 0.27972789115646257 0.7916216216216216 0.07636054421768708 0.09842342342342343
0 0.1260544217687075 0.7407207207207207 0.09751700680272109 0.08342342342342342
0 0.24006802721088435 0.8959009009009008 0.09523809523809523 0.0700900900900901
0 0.09585034013605442 0.5939189189189189 0.08493197278911564 0.10009009009009008
0 0.07819727891156462 0.5296846846846847 0.08241496598639456 0.09509009009009009
0 0.05806122448979592 0.3778828828828829 0.06874149659863946 0.09509009009009009
0 0.0857482993197279 0.32283783783783787 0.14034013605442175 0.05837837837837838
0 0.239421768707483 0.1701801801801802 0.05465986394557823 0.06004504504504504
0 0.2375170068027211 0.175990990990991 0.11384353741496599 0.05837837837837838
0 0.27282312925170066 0.11846846846846847 0.12044217687074829 0.05004504504504504
0 0.3949659863945578 0.0759009009009009 0.06340136054421769 0.0750900900900901
0 0.43153061224489797 0.12594594594594594 0.08523809523809524 0.10175675675675676
0 0.49071428571428577 0.09594594594594595 0.09108843537414966 0.09509009009009009
0 0.2280952380952381 0.3245045045045045 0.07731292517006803 0.07842342342342343
0 0.39122448979591834 0.2494144144144144 0.07513605442176871 0.07842342342342343
0 0.599013605442177 0.15013513513513513 0.08350340136054422 0.06671171171171171
0 0.7552380952380953 0.17851351351351352 0.09792517006802721 0.1168018018018018
0 0.6935034013605442 0.21436936936936937 0.10360544217687075 0.09509009009009009
0 0.8585034013605443 0.21936936936936938 0.10802721088435374 0.1418018018018018
0 0.8755102040816326 0.32617117117117117 0.12438775510204082 0.15513513513513513
0 0.8547278911564625 0.4154054054054054 0.08537414965986395 0.07342342342342342
0 0.8465306122448979 0.5113513513513513 0.0695578231292517 0.08175675675675675
0 0.8635374149659863 0.6005855855855856 0.12568027210884355 0.09675675675675675
0 0.731904761904762 0.6189639639639639 0.11996598639455783 0.13013513513513514
0 0.8201020408163265 0.6522972972972974 0.10928571428571429 0.046711711711711706
0 0.9718707482993197 0.6915315315315316 0.053129251700680266 0.05837837837837838
0 0.9346938775510204 0.5839189189189189 0.08163265306122448 0.13346846846846847
0 0.9518707482993198 0.492972972972973 0.09629251700680272 0.07175675675675676
0 0.955 0.40540540540540543 0.09 0.08342342342342342
0 0.9618027210884353 0.27193693693693693 0.04510204081632653 0.13346846846846847
0 0.9397278911564625 0.21855855855855857 0.06952380952380953 0.07675675675675675