0 0.38823129251700683 0.5177477477477478 0.0976530612244898 0.11382882882882883
0 0.4660204081632653 0.5177477477477478 0.08472789115646258 0.10238738738738738
0 0.6285714285714286 0.5391441441441441 0.07078231292517007 0.13094594594594594
0 0.6998639455782313 0.41549549549549547 0.09673469387755103 0.11531531531531532
0 0.24727891156462586 0.8472522522522523 0.0748639455782313 0.12648648648648647
0 0.5507823129251701 0.6871171171171171 0.0836734693877551 0.13801801801801802
0 0.26510204081632655 0.6963963963963964 0.08244897959183672 0.11369369369369368
0 0.36448979591836733 0.40693693693693694 0.06523809523809523 0.09531531531531531
0 0.41255102040816327 0.2604054054054054 0.1008843537414966 0.17689189189189192
0 0.2748299319727891 0.24896396396396397 0.09540816326530613 0.114009009009009
0 0.5167687074829932 0.8622522522522522 0.06530612244897958 0.09644144144144144
0 0.1349659863945578 0.6992792792792794 0.08346938775510204 0.1222972972972973
0 0.45251700680272106 0.644954954954955 0.09010204081632653 0.14234234234234236
0 0.759795918367347 0.5584684684684685 0.09785714285714285 0.13522522522522523
0 0.5691496598639456 0.43193693693693697 0.06642857142857143 0.09099099099099099
0 0.5621428571428572 0.5134234234234234 0.06534013605442177 0.11382882882882883
0 0.5907482993197279 0.27612612612612614 0.10098639455782313 0.09396396396396396
0 0.7365646258503402 0.16891891891891891 0.10537414965986394 0.15121621621621623
0 0.8602380952380952 0.05936936936936937 0.07197278911564627 0.11873873873873873
0 0.8397278911564626 0.16675675675675677 0.054693877551020405 0.14693693693693693
0 0.8219047619047618 0.6785585585585585 0.06656462585034013 0.10085585585585585
0 0.5075850340136054 0.17175675675675678 0.07071428571428572 0.10833333333333334
0 0.5632312925170068 0.19536036036036034 0.06316326530612244 0.1268918918918919
0 0.6517687074829932 0.16103603603603603 0.06755102040816326 0.13261261261261262
0 0.5194557823129252 0.24824324324324323 0.051258503401360546 0.09824324324324324
0 0.7673469387755102 0.2847297297297297 0.06976190476190476 0.10824324324324325
0 0.5923809523809523 0.8951351351351351 0.06102040816326531 0.11355855855855856
0 0.39636054421768707 0.7657657657657657 0.09438775510204081 0.13509009009009007
0 0.2780612244897959 0.5341441441441441 0.0867687074829932 0.11810810810810811
0 0.3234353741496599 0.7979279279279279 0.060884353741496595 0.0936036036036036
0 0.3461224489795919 0.6606756756756756 0.0824829931972789 0.13657657657657657
0 0.2980612244897959 0.9358558558558558 0.0489795918367347 0.07207207207207207
0 0.11605442176870748 0.8336486486486486 0.05860544217687075 0.08788288288288289
0 0.13819727891156464 0.9620720720720721 0.07051020408163265 0.07585585585585586
0 0.3401700680272109 0.8951351351351351 0.07061224489795918 0.11927927927927928
0 0.5081292517006802 0.9785135135135135 0.058809523809523805 0.04297297297297297
0 0.6436734693877552 0.6892792792792793 0.07078231292517007 0.09653153153153153