0 0.18013605442176872 0.26918918918918916 0.05918367346938775 0.09121621621621621
0 0.18013605442176872 0.39454954954954957 0.07156462585034014 0.06342342342342343
0 0.1176530612244898 0.5514414414414415 0.05795918367346938 0.09054054054054055
0 0.4070408163265306 0.6947747747747748 0.06775510204081633 0.06608108108108109
0 0.3166326530612245 0.5125225225225225 0.06316326530612244 0.08644144144144145
0 0.3111904761904762 0.3947297297297297 0.07397959183673469 0.07612612612612613
0 0.2283673469387755 0.42671171171171174 0.02986394557823129 0.1072972972972973
0 0.7919387755102041 0.45472972972972975 0.08928571428571429 0.09378378378378378
0 0.46517006802721084 0.18193693693693694 0.06034013605442176 0.0722972972972973
0 0.4435374149659864 0.2654954954954955 0.05414965986394558 0.05927927927927928
0 0.4225170068027211 0.3472072072072072 0.04921768707482994 0.04662162162162162
0 0.8956802721088435 0.3254954954954955 0.040102040816326526 0.044144144144144144
0 0.5985714285714285 0.2814864864864865 0.05812925170068027 0.06662162162162162
0 0.5134013605442177 0.7822522522522523 0.09493197278911565 0.19594594594594594