0 0.02969387755102041 0.22103603603603603 0.058503401360544216 0.061711711711711706
0 0.02782312925170068 0.38954954954954957 0.0345578231292517 0.04171171171171171
0 0.15693877551020408 0.4120720720720721 0.04585034013605442 0.046711711711711706
0 0.2935714285714286 0.22022522522522522 0.13523809523809524 0.09009009009009009
0 0.33200680272108846 0.04756756756756757 0.08863945578231291 0.07175675675675676
0 0.2602040816326531 0.321981981981982 0.04738095238095238 0.0700900900900901
0 0.22054421768707483 0.41873873873873874 0.047108843537414964 0.07342342342342342
0 0.3949659863945578 0.44711711711711716 0.05585034013605443 0.04337837837837838
0 0.5498979591836735 0.4513063063063063 0.05581632653061225 0.05837837837837838
0 0.5625170068027211 0.5213513513513514 0.049999999999999996 0.06842342342342342
0 0.7942517006802721 0.15346846846846848 0.08343537414965987 0.06671171171171171
0 0.6223129251700681 0.3536936936936937 0.05704081632653061 0.08342342342342342
0 0.720578231292517 0.4079279279279279 0.07397959183673469 0.10175675675675676
0 0.328843537414966 0.8667117117117117 0.04452380952380952 0.025045045045045043
0 0.4610884353741497 0.7632432432432432 0.08227891156462586 0.08175675675675675
0 0.7659183673469387 0.5605405405405405 0.041258503401360544 0.04337837837837838
0 0.6217006802721089 0.6189639639639639 0.07591836734693877 0.07342342342342342
0 0.3168707482993197 0.15765765765765766 0.12136054421768708 0.0850900900900901
0 0.473061224489796 0.03337837837837838 0.06591836734693877 0.06337837837837838
0 0.45479591836734695 0.13765765765765764 0.07472789115646258 0.05837837837837838
0 0.9353401360544218 0.06256756756756757 0.05568027210884354 0.0750900900900901
0 0.8383333333333334 0.27612612612612614 0.10105442176870749 0.12180180180180179
0 0.9764285714285714 0.2961261261261261 0.04714285714285714 0.055045045045045045
0 0.9365986394557824 0.46297297297297296 0.1035374149659864 0.07175675675675676
0 0.037891156462585035 0.5046846846846847 0.04462585034013605 0.04837837837837838
0 0.13993197278911565 0.4871621621621622 0.06979591836734694 0.06004504504504504
0 0.3483673469387755 0.46545045045045047 0.07350340136054422 0.07675675675675675
0 0.2954761904761905 0.4087387387387387 0.07098639455782313 0.09675675675675675
0 0.3729251700680272 0.3286486486486486 0.06214285714285714 0.11346846846846848
0 0.49071428571428577 0.24355855855855857 0.07346938775510205 0.09675675675675675