0 0.35656462585034016 0.031711711711711714 0.09744897959183672 0.06337837837837838
0 0.1909183673469388 0.16184684684684686 0.09119047619047618 0.06337837837837838
0 0.09772108843537415 0.19936936936936936 0.09625850340136055 0.09509009009009009
0 0.034761904761904765 0.3336486486486486 0.06102040816326531 0.08342342342342342
0 0.15693877551020408 0.301981981981982 0.0473469387755102 0.10342342342342342
0 0.09836734693877551 0.3053153153153153 0.06476190476190476 0.08342342342342342
0 0.13741496598639455 0.4204054054054054 0.05615646258503402 0.10342342342342342
0 0.07377551020408164 0.4904954954954955 0.11391156462585035 0.12013513513513514
0 0.15755102040816327 0.5238738738738739 0.08136054421768708 0.13346846846846847
0 0.22996598639455781 0.4788288288288288 0.08108843537414966 0.12346846846846847
0 0.29989795918367346 0.4020720720720721 0.08391156462585035 0.11009009009009009
0 0.27404761904761904 0.30445945945945946 0.09870748299319727 0.13513513513513514
0 0.3433673469387755 0.28445945945945944 0.0977891156462585 0.12513513513513513
0 0.30931972789115647 0.16018018018018018 0.0961904761904762 0.10009009009009008
0 0.3868027210884354 0.25360360360360357 0.09656462585034013 0.13013513513513514
0 0.47054421768707483 0.19436936936936935 0.08353741496598639 0.10509009009009009
0 0.5618707482993197 0.19103603603603603 0.056292517006802725 0.09509009009009009
0 0.5706802721088435 0.1168018018018018 0.13010204081632654 0.15346846846846848
0 0.6361904761904762 0.05171171171171171 0.10670068027210884 0.10342342342342342
0 0.6399659863945578 0.27945945945945944 0.0948299319727891 0.10842342342342343
0 0.7426190476190476 0.3403603603603604 0.08282312925170068 0.10675675675675675
0 0.5209183673469387 0.3662162162162162 0.11877551020408164 0.12513513513513513
0 0.4145238095238095 0.36702702702702705 0.06129251700680272 0.13013513513513514
0 0.32255102040816325 0.5747297297297298 0.07727891156462585 0.0750900900900901
0 0.24700680272108846 0.6723423423423422 0.07384353741496599 0.09675675675675675
0 0.21612244897959185 0.8775225225225225 0.09370748299319728 0.06671171171171171
0 0.262108843537415 0.8425225225225225 0.07384353741496599 0.08342342342342342
0 0.3660204081632653 0.8041441441441441 0.08357142857142857 0.08675675675675676
0 0.4774829931972789 0.8166666666666668 0.07724489795918367 0.08842342342342342
0 0.44411564625850336 0.5713963963963964 0.07095238095238095 0.10509009009009009
0 0.5083673469387755 0.5180180180180181 0.07265306122448979 0.16518018018018019
0 0.5939795918367347 0.5188738738738738 0.07595238095238095 0.10675675675675675
0 0.6078571428571429 0.6289639639639639 0.0651360544217687 0.12680180180180178
0 0.5593537414965986 0.7457657657657658 0.12003401360544218 0.12013513513513514
0 0.5732312925170068 0.8683783783783784 0.07897959183673468 0.09509009009009009
0 0.6915986394557824 0.9479279279279279 0.08472789115646258 0.10409909909909909
0 0.8660544217687075 0.8725225225225225 0.05568027210884354 0.08342342342342342
0 0.8301700680272108 0.8341891891891892 0.05948979591836734 0.08675675675675676
0 0.8528571428571429 0.7507657657657657 0.09670068027210885 0.13013513513513514
0 0.8755102040816326 0.6348198198198198 0.08465986394557823 0.10842342342342343
0 0.7545918367346939 0.21022522522522524 0.07462585034013607 0.1168018018018018
0 0.7678231292517007 0.03671171171171171 0.06581632653061224 0.0700900900900901
0 0.8112585034013605 0.08009009009009009 0.08156462585034013 0.11009009009009009
0 0.8710884353741497 0.040855855855855855 0.09040816326530611 0.07175675675675676
0 0.9644557823129252 0.21436936936936937 0.07108843537414966 0.13180180180180182
0 0.8207142857142857 0.20936936936936937 0.045068027210884355 0.11175675675675675
0 0.9499659863945579 0.3920720720720721 0.10006802721088436 0.10342342342342342
0 0.9573809523809524 0.47130630630630627 0.0413265306122449 0.11513513513513512
0 0.7407142857142858 0.44626126126126126 0.08976190476190476 0.07175675675675676
0 0.6531972789115646 0.7574324324324324 0.07272108843537414 0.08342342342342342
0 0.7211904761904762 0.7223873873873874 0.07336734693877552 0.14013513513513512
0 0.02795918367346939 0.6222972972972973 0.0558843537414966 0.09009009009009009
0 0.021632653061224492 0.774099099099099 0.04329931972789116 0.09675675675675675
0 0.25326530612244896 0.0759009009009009 0.08738095238095238 0.0750900900900901
0 0.19598639455782313 0.07423423423423424 0.06598639455782312 0.0750900900900901
0 0.2457482993197279 0.016666666666666666 0.1116326530612245 0.03337837837837838
0 0.6317687074829932 0.3862162162162162 0.0860204081632653 0.0850900900900901
0 0.6664285714285715 0.5222072072072073 0.06391156462585033 0.11009009009009009
0 0.7111564625850341 0.5697297297297298 0.09540816326530613 0.08842342342342342
0 0.787312925170068 0.5830630630630631 0.0872108843537415 0.13180180180180182
0 0.8540816326530613 0.4345945945945946 0.06452380952380952 0.10175675675675676
0 0.4334013605442177 0.6848648648648649 0.0722108843537415 0.06842342342342342
0 0.3527891156462585 0.6806756756756758 0.07727891156462585 0.08675675675675676
0 0.38363945578231295 0.4754954954954955 0.06340136054421769 0.08675675675675676