0 0.5156802721088436 0.29684684684684687 0.06530612244897958 0.07536036036036037
0 0.5713265306122449 0.28612612612612615 0.06642857142857143 0.09396396396396396
0 0.6080272108843537 0.27472972972972975 0.04700680272108844 0.07680180180180181
0 0.5097619047619047 0.3383333333333333 0.057755102040816325 0.06959459459459459
0 0.5529591836734694 0.3454504504504504 0.0491156462585034 0.08103603603603603
0 0.6010204081632653 0.34905405405405404 0.04806122448979592 0.08247747747747747
0 0.4854421768707483 0.39265765765765764 0.05663265306122448 0.08387387387387388
0 0.5470068027210884 0.40337837837837837 0.03938775510204082 0.08243243243243244
0 0.5356802721088436 0.1839189189189189 0.059897959183673466 0.08972972972972974
0 0.4503401360544218 0.40049549549549546 0.0598639455782313 0.08243243243243244
0 0.5853741496598639 0.7571621621621621 0.06210884353741497 0.09792792792792793
0 0.47625850340136056 0.8193693693693694 0.05122448979591837 0.06788288288288288
0 0.5356802721088436 0.8222072072072072 0.059897959183673466 0.07644144144144144
0 0.48707482993197276 0.6327927927927928 0.06853741496598639 0.07513513513513513
0 0.3871768707482993 0.6170720720720722 0.08034013605442177 0.09801801801801803
0 0.39200680272108845 0.6978378378378378 0.0663265306122449 0.09653153153153153
0 0.47302721088435373 0.7278828828828829 0.05122448979591837 0.09081081081081081
0 0.5502380952380953 0.6656756756756756 0.04802721088435374 0.08941441441441442
0 0.4357482993197279 0.7943243243243243 0.05445578231292517 0.0922072072072072
0 0.5178571428571429 0.72 0.058809523809523805 0.09225225225225225
0 0.43683673469387757 0.6227927927927928 0.05445578231292517 0.08373873873873874
0 0.4379251700680272 0.8550900900900902 0.05013605442176871 0.085
0 0.49353741496598635 0.8829729729729731 0.059897959183673466 0.10355855855855856
0 0.5777891156462586 0.7121621621621621 0.05670068027210885 0.0936936936936937
0 0.8110884353741497 0.2204054054054054 0.062210884353741495 0.08256756756756756
0 0.21972789115646257 0.6849999999999999 0.047857142857142855 0.08797297297297298
0 0.534047619047619 0.8958558558558558 0.05564625850340136 0.05653153153153154