0 0.7854421768707482 0.8900450450450451 0.07840136054421769 0.09175675675675676
0 0.8622789115646258 0.8466666666666667 0.05823129251700681 0.07842342342342343
0 0.9233673469387756 0.8717117117117118 0.05139455782312925 0.0750900900900901
0 0.8918707482993197 0.9829729729729729 0.07459183673469387 0.03405405405405405
0 0.8175510204081633 0.9721171171171171 0.06452380952380952 0.05572072072072072
0 0.9454081632653061 0.44378378378378375 0.10857142857142858 0.1568018018018018
0 0.8352040816326531 0.45463963963963966 0.09224489795918368 0.07842342342342343
0 0.6783673469387755 0.503018018018018 0.08346938775510204 0.10509009009009009
0 0.7237074829931973 0.19603603603603606 0.10612244897959183 0.12846846846846846
0 0.6576190476190477 0.24022522522522521 0.1319047619047619 0.18351351351351353
0 0.551156462585034 0.26693693693693693 0.13387755102040816 0.16684684684684684
0 0.5965306122448979 0.4028828828828829 0.12557823129251702 0.12846846846846846
0 0.796156462585034 0.08923423423423422 0.10231292517006803 0.09842342342342343
0 0.4132312925170068 0.578918918918919 0.08482993197278912 0.12013513513513514
0 0.5587414965986395 0.7215765765765766 0.049999999999999996 0.0750900900900901
0 0.3527891156462585 0.7007207207207208 0.09996598639455782 0.13346846846846847
0 0.40758503401360546 0.8008108108108108 0.10789115646258503 0.14680180180180183
0 0.315 0.7982882882882882 0.11758503401360544 0.07175675675675676
0 0.30493197278911566 0.9334234234234234 0.12517006802721087 0.11846846846846847
0 0.39122448979591834 0.9484684684684684 0.11544217687074829 0.09509009009009009
0 0.45670068027210886 0.8758558558558558 0.08605442176870748 0.08675675675675676
0 0.5643877551020409 0.9134234234234234 0.06639455782312925 0.10175675675675676
0 0.5347959183673469 0.9646396396396396 0.11122448979591838 0.07072072072072072
0 0.3168707482993197 0.4671171171171171 0.15663265306122448 0.22022522522522522
0 0.2142176870748299 0.4954954954954955 0.12772108843537414 0.23355855855855856
0 0.14748299319727892 0.5547297297297298 0.20329931972789117 0.11513513513513512
0 0.140578231292517 0.6690090090090091 0.17329931972789117 0.1635135135135135
0 0.7659183673469387 0.6498198198198197 0.04187074829931973 0.0750900900900901