0 0.08472789115646258 0.29684684684684687 0.0953061224489796 0.12112612612612612
0 0.07608843537414967 0.4727027027027027 0.08448979591836735 0.100990990990991
0 0.01962585034013605 0.5248648648648648 0.0392517006802721 0.16815315315315316
0 0.23081632653061224 0.43054054054054053 0.06945578231292518 0.10531531531531531
0 0.048367346938775514 0.04306306306306307 0.09673469387755103 0.08617117117117117
0 0.6099319727891156 0.09711711711711711 0.06319727891156462 0.06981981981981981
0 0.5791496598639456 0.5052252252252252 0.07289115646258504 0.08527027027027027
0 0.7373809523809524 0.5395495495495496 0.06326530612244899 0.07094594594594594
0 0.5872448979591837 0.3265315315315315 0.06534013605442177 0.08536036036036036
0 0.5154081632653061 0.322972972972973 0.07285714285714286 0.07536036036036037
0 0.48085034013605443 0.35157657657657654 0.06853741496598639 0.09824324324324324
0 0.3620408163265306 0.5123873873873874 0.06414965986394558 0.08527027027027027
0 0.4457482993197279 0.4845045045045045 0.05663265306122448 0.08671171171171171
0 0.48948979591836733 0.5824324324324325 0.07068027210884355 0.08522522522522523
0 0.5375510204081633 0.6124324324324325 0.06530612244897958 0.08806306306306307
0 0.6385374149659864 0.5788738738738738 0.06214285714285714 0.08094594594594594
0 0.6763605442176871 0.538108108108108 0.0664625850340136 0.09382882882882883
0 0.8075850340136055 0.08851351351351351 0.05251700680272109 0.08981981981981983
0 0.7022789115646259 0.38585585585585586 0.05568027210884354 0.08103603603603603
0 0.7627551020408163 0.46734234234234234 0.05357142857142857 0.08387387387387388
0 0.7903061224489796 0.5395495495495496 0.08272108843537415 0.09666666666666666
0 0.679047619047619 0.4659009009009009 0.07187074829931972 0.0895945945945946
0 0.6191156462585035 0.4209009009009009 0.0707482993197279 0.13108108108108107
0 0.3739455782312925 0.35225225225225226 0.07710884353741497 0.11108108108108108
0 0.5564625850340136 0.17500000000000002 0.06425170068027211 0.08833333333333333
0 0.4959863945578231 0.1828828828828829 0.06636054421768708 0.09549549549549549
0 0.5499659863945578 0.403018018018018 0.0491156462585034 0.07531531531531531
0 0.45925170068027216 0.6603153153153153 0.07282312925170067 0.10373873873873875
0 0.9344897959183673 0.38513513513513514 0.060136054421768705 0.09391891891891893
0 0.8456462585034014 0.2629279279279279 0.061156462585034016 0.09256756756756757
0 0.7689795918367347 0.35585585585585583 0.061122448979591834 0.07819819819819819
0 0.652312925170068 0.3150900900900901 0.0696938775510204 0.08824324324324324
0 0.4179251700680272 0.24364864864864866 0.058741496598639455 0.09112612612612613
0 0.36068027210884357 0.10927927927927929 0.07520408163265306 0.07743243243243243
0 0.5680612244897959 0.03135135135135135 0.03622448979591837 0.033063063063063065
0 0.6571768707482993 0.04423423423423423 0.04802721088435374 0.06166666666666666
0 0.42119047619047617 0.533108108108108 0.06523809523809523 0.0781081081081081