0 0.6793197278911565 0.13387387387387387 0.060000000000000005 0.11265765765765766
0 0.6010204081632653 0.1592792792792793 0.06102040816326531 0.13693693693693693
0 0.5335034013605442 0.14495495495495495 0.08153061224489795 0.15693693693693694
0 0.46707482993197275 0.16855855855855856 0.05448979591836735 0.1312162162162162
0 0.4325170068027211 0.19716216216216217 0.05877551020408164 0.12545045045045045
0 0.5405442176870748 0.19932432432432431 0.06316326530612244 0.084009009009009
0 0.6064285714285714 0.2779279279279279 0.05238095238095238 0.08108108108108109
0 0.5507823129251701 0.2707657657657658 0.08153061224489795 0.0954054054054054
0 0.4800680272108843 0.2729279279279279 0.08687074829931972 0.1254054054054054
0 0.45843537414965985 0.33725225225225225 0.05877551020408164 0.08819819819819819
0 0.4082312925170068 0.38229729729729733 0.08360544217687074 0.11247747747747747
0 0.5745578231292516 0.36441441441441447 0.06425170068027211 0.09963963963963965
0 0.5184013605442177 0.38229729729729733 0.05557823129251701 0.10675675675675675
0 0.6026530612244898 0.42445945945945945 0.05996598639455782 0.08243243243243244
0 0.6566326530612245 0.4272972972972973 0.07078231292517007 0.10815315315315316
0 0.5880272108843537 0.055675675675675676 0.0577891156462585 0.04882882882882883
0 0.6447619047619048 0.2972522522522522 0.05996598639455782 0.09252252252252252
0 0.6734013605442176 0.2372072072072072 0.08482993197278912 0.1268918918918919
0 0.4800340136054422 0.08067567567567567 0.0717687074829932 0.10554054054054055
0 0.4681632653061224 0.3944594594594594 0.06744897959183672 0.0895945945945946
0 0.5470068027210884 0.41873873873873874 0.06098639455782313 0.10103603603603603
0 0.7354761904761904 0.17644144144144144 0.057857142857142864 0.08833333333333333
0 0.8148639455782313 0.3093693693693694 0.06329931972789116 0.10824324324324325
0 0.7614285714285715 0.08423423423423423 0.06653061224489795 0.10409909909909909
0 0.8586054421768707 0.1886036036036036 0.06010204081632654 0.08972972972972974
0 0.7203741496598639 0.44662162162162167 0.057857142857142864 0.09099099099099099
0 0.7813945578231292 0.3987387387387387 0.05680272108843537 0.09531531531531531
0 0.8731972789115647 0.413018018018018 0.043911564625850344 0.060990990990990986
0 0.34125850340136055 0.3586936936936937 0.051156462585034014 0.08391891891891891
0 0.1198299319727891 0.5416666666666666 0.05319727891156463 0.0923873873873874
0 0.3585374149659864 0.5688288288288288 0.05765306122448979 0.0895045045045045
0 0.26078231292517007 0.5552702702702702 0.06948979591836735 0.10238738738738738
0 0.4719387755102041 0.5316666666666666 0.06204081632653061 0.0781081081081081
0 0.4227891156462585 0.5688288288288288 0.06091836734693878 0.10666666666666666
0 0.40551020408163263 0.6181531531531531 0.07819727891156462 0.08518018018018018
0 0.4120068027210884 0.6803603603603603 0.07819727891156462 0.06941441441441441
0 0.40445578231292517 0.746126126126126 0.07387755102040816 0.09225225225225225
0 0.39636054421768707 0.8125675675675675 0.09224489795918368 0.12220720720720721
0 0.2910204081632653 0.8476126126126126 0.06302721088435374 0.0636036036036036
0 0.4876190476190477 0.894054054054054 0.06527210884353742 0.085
0 0.5561904761904762 0.9154954954954956 0.08153061224489795 0.08783783783783784
0 0.6150680272108844 0.9176576576576576 0.07401360544217687 0.09783783783783784
0 0.6852721088435374 0.939099099099099 0.05244897959183673 0.09211711711711712
0 0.6965986394557824 0.8025675675675675 0.06217687074829932 0.09364864864864865
0 0.4687074829931973 0.7846846846846847 0.06418367346938776 0.10936936936936938
0 0.5470068027210884 0.7668468468468469 0.05452380952380953 0.08792792792792793
0 0.5583673469387755 0.8225675675675677 0.05993197278911565 0.09932432432432432
0 0.6231632653061224 0.8161711711711711 0.06642857142857143 0.10936936936936938
0 0.5929251700680271 0.7175225225225225 0.07721088435374149 0.10369369369369369
0 0.635578231292517 0.7003603603603603 0.07833333333333334 0.1122972972972973
0 0.5826530612244898 0.6224324324324325 0.06319727891156462 0.08518018018018018
0 0.5518707482993197 0.6038738738738739 0.0491156462585034 0.0709009009009009
0 0.5783333333333334 0.5531081081081082 0.06316326530612244 0.08094594594594594
0 0.5162244897959184 0.5238288288288289 0.0977891156462585 0.054864864864864867
0 0.7268367346938776 0.5602702702702702 0.06649659863945578 0.07806306306306306
0 0.6755442176870748 0.5395495495495496 0.06105442176870748 0.07666666666666666
0 0.6263945578231292 0.5395495495495496 0.06642857142857143 0.07666666666666666
0 0.626938775510204 0.5967117117117117 0.0696938775510204 0.10522522522522522
0 0.7517006802721088 0.7604054054054055 0.053537414965986393 0.09225225225225225
0 0.8942517006802722 0.7003603603603603 0.05795918367346938 0.08085585585585585
0 0.7881292517006803 0.6395945945945947 0.07193877551020407 0.09373873873873874
0 0.7838095238095238 0.7132432432432433 0.05897959183673469 0.08653153153153154
0 0.6957823129251701 0.6903603603603603 0.060000000000000005 0.06941441441441441
0 0.7589795918367347 0.8468918918918918 0.05030612244897959 0.07072072072072072
0 0.7957142857142857 0.799009009009009 0.061122448979591834 0.09792792792792793
0 0.46897959183673465 0.673918918918919 0.04908163265306122 0.07941441441441441