0 0.3635034013605442 0.503018018018018 0.07853741496598639 0.10842342342342343
0 0.3654081632653061 0.719054054054054 0.10914965986394559 0.11009009009009009
0 0.38363945578231295 0.6314864864864865 0.12136054421768708 0.10175675675675676
0 0.2476190476190476 0.26441441441441443 0.05591836734693878 0.07175675675675676
0 0.2854081632653061 0.3678828828828829 0.09527210884353741 0.09175675675675676
0 0.30176870748299317 0.23022522522522523 0.05840136054421769 0.08675675675675676
0 0.37357142857142855 0.2294144144144144 0.08772108843537414 0.11175675675675675
0 0.4774829931972789 0.2577477477477477 0.07976190476190476 0.07842342342342343
0 0.3848979591836735 0.33450450450450453 0.07350340136054422 0.07842342342342343
0 0.5203061224489796 0.7407207207207207 0.08982993197278911 0.12013513513513514
0 0.4592176870748299 0.8491891891891893 0.11799319727891155 0.16684684684684684
0 0.38112244897959185 0.8833783783783784 0.1364625850340136 0.13180180180180182
0 0.44095238095238093 0.9568018018018017 0.12176870748299319 0.04837837837837838
0 0.5549319727891157 0.8733783783783783 0.07846938775510204 0.12180180180180179
0 0.6248639455782313 0.8792342342342342 0.06639455782312925 0.10009009009009008
0 0.6935034013605442 0.8575225225225226 0.09102040816326532 0.12680180180180178
0 0.78921768707483 0.8141441441441442 0.05765306122448979 0.07675675675675675
0 0.7602380952380952 0.7415765765765766 0.10612244897959183 0.11175675675675675
0 0.8522108843537415 0.7799549549549549 0.050102040816326535 0.17184684684684684
0 0.8395918367346938 0.6640090090090089 0.09098639455782313 0.09342342342342341
0 0.8654081632653061 0.5931081081081081 0.06452380952380952 0.09175675675675676
0 0.9006802721088436 0.5280180180180181 0.06197278911564626 0.06842342342342342
0 0.7312925170068028 0.4104054054054054 0.08343537414965987 0.11009009009009009
0 0.6103741496598639 0.3053153153153153 0.08350340136054422 0.0700900900900901
0 0.6859523809523809 0.321981981981982 0.09034013605442176 0.040045045045045045
0 0.5498979591836735 0.3011261261261261 0.07595238095238095 0.10842342342342343
0 0.541734693877551 0.6364864864864865 0.08904761904761904 0.12513513513513513
0 0.46867346938775506 0.5905855855855856 0.08982993197278911 0.11009009009009009
0 0.6021768707482993 0.5763963963963964 0.0973469387755102 0.11175675675675675
0 0.6393537414965986 0.6581531531531533 0.1054421768707483 0.09509009009009009
0 0.5851700680272108 0.7223873873873874 0.055782312925170066 0.10009009009009008
0 0.6374489795918368 0.7415765765765766 0.10166666666666667 0.06842342342342342
0 0.9391156462585035 0.8975675675675675 0.06574829931972788 0.09009009009009009
0 0.6954081632653061 0.9634684684684685 0.05129251700680272 0.04504504504504504