0 0.39204081632653065 0.95490990990991 0.09224489795918368 0.09018018018018018
0 0.23377551020408163 0.5034234234234235 0.05649659863945578 0.07094594594594594
0 0.286156462585034 0.8336486486486486 0.06408163265306123 0.0936036036036036
0 0.26782312925170065 0.9415765765765766 0.0489795918367347 0.09783783783783784
0 0.1819387755102041 0.7822072072072073 0.049999999999999996 0.05932432432432432
0 0.15006802721088436 0.8622522522522522 0.07265306122448979 0.07927927927927929
0 0.26132653061224487 0.7550450450450451 0.06408163265306123 0.06504504504504505
0 0.15170068027210884 0.3004504504504505 0.06727891156462586 0.07108108108108108
0 0.13982993197278912 0.2596846846846847 0.08670068027210884 0.0868018018018018
0 0.2235374149659864 0.3504954954954955 0.05540816326530612 0.07675675675675675
0 0.2807823129251701 0.2911711711711712 0.057619047619047625 0.06963963963963965
0 0.2775170068027211 0.21896396396396395 0.05112244897959183 0.09112612612612613
0 0.36448979591836733 0.23324324324324325 0.06306122448979591 0.0654054054054054
0 0.3714965986394558 0.15103603603603605 0.06414965986394558 0.06972972972972973
0 0.3018367346938775 0.16247747747747748 0.05870748299319729 0.06400900900900901
0 0.5470068027210884 0.7386036036036036 0.0804421768707483 0.06648648648648649
0 0.45789115646258505 0.6163513513513514 0.05554421768707483 0.08229729729729729
0 0.23431972789115646 0.2325225225225225 0.05758503401360544 0.05540540540540541
0 0.2370408163265306 0.8222072072072072 0.05649659863945578 0.07644144144144144
0 0.22081632653061226 0.9001351351351352 0.05649659863945578 0.08355855855855857
0 0.3985034013605442 0.8894144144144144 0.057687074829931975 0.07927927927927929
0 0.33316326530612245 0.8200900900900902 0.05224489795918367 0.08932432432432431
0 0.2683333333333333 0.35405405405405405 0.04357142857142857 0.07247747747747747
0 0.6939115646258504 0.8043693693693693 0.08051020408163266 0.0922072072072072
0 0.7689795918367347 0.9642342342342343 0.05357142857142857 0.07157657657657658
0 0.43142857142857144 0.3783333333333333 0.05663265306122448 0.058153153153153156
0 0.18680272108843538 0.19180180180180179 0.05540816326530612 0.0654054054054054
0 0.5880612244897959 0.0895945945945946 0.05887755102040816 0.061216216216216215