0 0.2727891156462585 0.21103603603603605 0.04833333333333334 0.04171171171171171
0 0.5731972789115647 0.1168018018018018 0.05955782312925171 0.09009009009009009
0 0.5013945578231292 0.09427927927927927 0.08479591836734694 0.06504504504504505
0 0.5643877551020409 0.23022522522522523 0.046224489795918366 0.06671171171171171
0 0.4352721088435374 0.3403603603603604 0.06340136054421769 0.07675675675675675
0 0.5643877551020409 0.3854054054054054 0.04874149659863945 0.07675675675675675
0 0.6745918367346939 0.37954954954954956 0.06078231292517007 0.08175675675675675
0 0.7640136054421769 0.2894594594594595 0.10863945578231293 0.08842342342342342
0 0.9233673469387756 0.1168018018018018 0.05442176870748299 0.08009009009009009
0 0.5650340136054421 0.4971621621621622 0.06085034013605442 0.06671171171171171
0 0.6103741496598639 0.6114414414414415 0.05003401360544218 0.05837837837837838
0 0.6790136054421768 0.5755855855855856 0.04693877551020408 0.05671171171171171
0 0.7331632653061225 0.7148648648648648 0.0336734693877551 0.06504504504504505
0 0.7054761904761905 0.8191441441441442 0.06204081632653061 0.07675675675675675
0 0.6349319727891156 0.7999549549549549 0.06459183673469387 0.0850900900900901
0 0.5813945578231293 0.7682882882882883 0.05829931972789116 0.0850900900900901
0 0.4901020408163265 0.7757657657657657 0.06384353741496598 0.10342342342342342
0 0.48000000000000004 0.6865315315315316 0.07724489795918367 0.0750900900900901
0 0.5127551020408163 0.6022522522522522 0.11170068027210886 0.10009009009009008
0 0.5013945578231292 0.5238738738738739 0.10241496598639456 0.09342342342342341
0 0.42268707482993195 0.4813063063063063 0.05333333333333333 0.07842342342342343
0 0.3578231292517007 0.7131981981981983 0.052074829931972794 0.05837837837837838
0 0.4056802721088435 0.8008108108108108 0.08482993197278912 0.08342342342342342
0 0.452312925170068 0.9150900900900901 0.07391156462585034 0.0850900900900901
0 0.5159183673469387 0.9059009009009009 0.1457142857142857 0.10675675675675675
0 0.23374149659863946 0.45963963963963966 0.058435374149659866 0.07175675675675676
0 0.2123469387755102 0.1568018018018018 0.05340136054421769 0.07342342342342342
0 0.15758503401360544 0.040045045045045045 0.10908163265306123 0.05004504504504504
0 0.10214285714285715 0.37369369369369365 0.0572108843537415 0.053378378378378374
0 0.14496598639455782 0.6623423423423423 0.04459183673469388 0.07342342342342342
0 0.1833673469387755 0.7582432432432433 0.058435374149659866 0.09175675675675676
0 0.39435374149659863 0.6306306306306306 0.052074829931972794 0.09675675675675675
0 0.9770408163265306 0.3278378378378378 0.045884353741496596 0.05837837837837838
0 0.6676870748299321 0.1543243243243243 0.03435374149659864 0.11175675675675675
0 0.6279931972789116 0.15346846846846848 0.03561224489795919 0.04337837837837838
0 0.2520408163265306 0.24355855855855857 0.05870748299319729 0.06004504504504504