0 0.2391496598639456 0.19923423423423423 0.04302721088435374 0.07621621621621623
0 0.6099659863945579 0.2209009009009009 0.03636054421768707 0.0640990990990991
0 0.5419387755102041 0.4331081081081081 0.03374149659863945 0.04504504504504504
0 0.33200680272108846 0.43054054054054053 0.05605442176870749 0.05716216216216216
0 0.3293877551020408 0.5163063063063064 0.05085034013605442 0.04504504504504504
0 0.4726190476190476 0.5483333333333333 0.031156462585034014 0.03986486486486486
0 0.753843537414966 0.6098198198198198 0.025816326530612246 0.038108108108108114
0 0.5288775510204082 0.815990990990991 0.04945578231292517 0.05198198198198198
0 0.437312925170068 0.7943693693693693 0.03380952380952381 0.05716216216216216
0 0.4072108843537415 0.6964864864864865 0.03642857142857143 0.041576576576576575
0 0.3823809523809524 0.6054954954954954 0.025952380952380952 0.0363963963963964
0 0.39282312925170065 0.5266666666666667 0.023333333333333334 0.041576576576576575
0 0.23391156462585033 0.693018018018018 0.04302721088435374 0.041576576576576575
0 0.3719047619047619 0.7336936936936936 0.015510204081632652 0.03986486486486486
0 0.37452380952380954 0.8645045045045044 0.03380952380952381 0.038108108108108114
0 0.3967687074829932 0.8316216216216217 0.023333333333333334 0.03463963963963964
0 0.36078231292517005 0.3439189189189189 0.040374149659863946 0.060630630630630636
0 0.4948639455782313 0.5448648648648649 0.03425170068027211 0.032927927927927925
0 0.6191156462585035 0.6202252252252252 0.020646258503401363 0.04504504504504504
0 0.6321768707482993 0.20963963963963964 0.03370748299319728 0.07621621621621623