0 0.05870748299319729 0.08427927927927928 0.10503401360544218 0.08896396396396396
0 0.22731292517006801 0.11243243243243244 0.15316326530612245 0.10774774774774776
0 0.05938775510204082 0.22653153153153152 0.11493197278911564 0.13702702702702704
0 0.9060544217687074 0.04765765765765766 0.1330952380952381 0.08707207207207207
0 0.8696598639455783 0.2511261261261261 0.1651360544217687 0.13364864864864864
0 0.9587414965986395 0.43373873873873875 0.08255102040816327 0.16477477477477476
0 0.7839115646258503 0.39094594594594595 0.07588435374149659 0.09423423423423424
0 0.6973469387755102 0.6088738738738738 0.05863945578231292 0.060810810810810814
0 0.7765306122448979 0.7927927927927928 0.18585034013605442 0.17342342342342343
0 0.1992517006802721 0.3639189189189189 0.09139455782312926 0.11522522522522521
0 0.3028571428571429 0.47824324324324324 0.08595238095238095 0.12986486486486487
0 0.24091836734693878 0.6645945945945946 0.15768707482993197 0.2286036036036036
0 0.07894557823129252 0.5014864864864865 0.1483673469387755 0.2214864864864865