0 0.3433673469387755 0.08518018018018018 0.027482993197278913 0.038468468468468464
0 0.32125850340136053 0.06774774774774775 0.03578231292517007 0.03662162162162162
0 0.17537414965986395 0.1400900900900901 0.023401360544217688 0.04211711711711712
0 0.2756462585034014 0.31108108108108107 0.0419047619047619 0.059864864864864864
0 0.2577891156462585 0.22617117117117116 0.027210884353741496 0.037567567567567565
0 0.33346938775510204 0.21153153153153154 0.018775510204081632 0.03896396396396397
0 0.3786394557823129 0.2588738738738739 0.029251700680272108 0.10855855855855856
0 0.21891156462585035 0.31941441441441437 0.02931972789115646 0.040360360360360364
0 0.43959183673469393 0.3228828828828829 0.027142857142857146 0.03617117117117117
0 0.38704081632653065 0.10369369369369369 0.02717687074829932 0.032027027027027026
0 0.28197278911564627 0.6277027027027027 0.033503401360544215 0.047342342342342345
0 0.4048979591836735 0.7104954954954954 0.031360544217687074 0.040360360360360364
0 0.2625170068027211 0.739054054054054 0.028265306122448982 0.041756756756756754
0 0.13853741496598637 0.7752252252252252 0.03040816326530612 0.03896396396396397
0 0.4390476190476191 0.5031081081081081 0.03238095238095238 0.043153153153153156
0 0.3413265306122449 0.49824324324324326 0.05343537414965987 0.04454954954954955
0 0.10755102040816326 0.6047297297297297 0.025170068027210887 0.03477477477477477
0 0.13275510204081634 0.6882432432432432 0.02095238095238095 0.026441441441441442
0 0.2777551020408163 0.20459459459459461 0.022993197278911564 0.03063063063063063
0 0.3287074829931973 0.24076576576576578 0.05343537414965987 0.03063063063063063
0 0.954047619047619 0.2415315315315315 0.017619047619047618 0.05630630630630631
0 0.9327891156462585 0.3576126126126126 0.026666666666666665 0.032432432432432434
0 0.21306122448979592 0.2048198198198198 0.028231292517006804 0.040945945945945944
0 0.3715646258503401 0.29531531531531535 0.04619047619047619 0.04436936936936937
0 0.5713265306122449 0.3507657657657658 0.02860544217687075 0.04265765765765766
0 0.275578231292517 0.8619819819819821 0.037210884353741494 0.04779279279279279