0 0.6741805555555556 0.4855296610169491 0.09751388888888889 0.0423728813559322
0 0.7135416666666666 0.4590466101694915 0.10154166666666667 0.07061440677966101
0 0.7968472222222223 0.4405084745762712 0.060444444444444446 0.05826271186440678
0 0.8425694444444444 0.503177966101695 0.07727777777777778 0.1059322033898305
0 0.7899027777777778 0.5014194915254238 0.05581944444444444 0.04942796610169491
0 0.8958055555555556 0.5155296610169492 0.03563888888888889 0.0988771186440678
0 0.8714861111111112 0.5888135593220339 0.03611111111111111 0.04766949152542373
0 0.7812222222222223 0.5896822033898305 0.06161111111111111 0.0423728813559322
0 0.7152638888888889 0.5737923728813559 0.06856944444444445 0.05296610169491525
0 0.6232638888888888 0.594978813559322 0.03966666666666666 0.0565042372881356
0 0.6701388888888888 0.6620762711864406 0.07490277777777778 0.07415254237288135
0 0.7175833333333332 0.7265254237288136 0.049472222222222216 0.08298728813559322
0 0.8061111111111111 0.926906779661017 0.03961111111111111 0.05296610169491525
0 0.8292499999999999 0.7733050847457628 0.04886111111111111 0.0776906779661017
0 0.13608333333333333 0.4272669491525423 0.05372222222222222 0.08120762711864406
0 0.171375 0.4016525423728814 0.08263888888888889 0.07239406779661017
0 0.24197222222222223 0.3937076271186441 0.08633333333333333 0.0776906779661017
0 0.29347222222222225 0.4290254237288136 0.07594444444444444 0.07415254237288135
0 0.2355972222222222 0.4396186440677966 0.09534722222222224 0.0565042372881356
0 0.3426388888888889 0.4051906779661017 0.059430555555555556 0.06885593220338983
0 0.3900972222222222 0.45375 0.05398611111111111 0.08828389830508475
0 0.3333888888888889 0.4616949152542373 0.0525 0.05472457627118644
0 0.3588472222222222 0.5649788135593221 0.04008333333333333 0.03177966101694915
0 0.3414861111111111 0.6038135593220338 0.04091666666666667 0.03883474576271186
0 0.17716666666666667 0.5155296610169492 0.04791666666666667 0.0423728813559322
0 0.21536111111111111 0.4987711864406779 0.11179166666666666 0.06180084745762712
0 0.13723611111111111 0.4969915254237288 0.04677777777777778 0.04766949152542373
0 0.28479166666666667 0.5102330508474576 0.044694444444444446 0.0565042372881356
0 0.23676388888888888 0.543792372881356 0.06988888888888889 0.0423728813559322
0 0.2934583333333333 0.6947457627118644 0.04672222222222222 0.04766949152542373
0 0.2575972222222222 0.715042372881356 0.03890277777777778 0.1059322033898305
0 0.2066666666666667 0.7415254237288136 0.07915277777777778 0.0847457627118644