0 0.9146805555555556 0.6603177966101695 0.06591666666666667 0.0776906779661017
0 0.8043611111111111 0.514364406779661 0.042805555555555555 0.05885593220338983
0 0.7449583333333334 0.5955720338983052 0.05363888888888889 0.051779661016949155
0 0.7981944444444445 0.6073516949152543 0.030472222222222223 0.028241525423728812
0 0.6855694444444445 0.363707627118644 0.036680555555555557 0.06826271186440677
0 0.6894166666666667 0.271885593220339 0.03513888888888889 0.04942796610169491
0 0.6917361111111111 0.2330508474576271 0.027430555555555555 0.032966101694915255
0 0.6300138888888889 0.25542372881355935 0.021277777777777777 0.04002118644067797
0 0.4471805555555556 0.24483050847457627 0.03831944444444445 0.0565042372881356
0 0.4502638888888889 0.3072033898305085 0.053750000000000006 0.0353177966101695
0 0.482875 0.7531144067796611 0.054875 0.042923728813559325
0 0.3398333333333333 0.6538347457627119 0.03383333333333333 0.04114406779661017
0 0.40608333333333335 0.4150211864406779 0.05373611111111111 0.08586864406779661
0 0.5977777777777777 0.43112288135593224 0.03138888888888889 0.042923728813559325
0 0.7824444444444445 0.36760593220338983 0.023111111111111114 0.030402542372881355
0 0.7730694444444445 0.3944491525423729 0.02545833333333333 0.033983050847457626
0 0.7279305555555555 0.39175847457627117 0.017263888888888888 0.03220338983050847
0 0.46294444444444444 0.36224576271186437 0.029097222222222222 0.05544491525423729
0 0.5573333333333333 0.40697033898305085 0.03258333333333333 0.08406779661016948
0 0.8991111111111111 0.5778177966101695 0.03830555555555555 0.025042372881355933
0 0.8387222222222223 0.5733474576271187 0.034819444444444445 0.044724576271186436
0 0.815861111111111 0.8121610169491524 0.03365277777777778 0.028622881355932203
0 0.5971944444444445 0.7710169491525424 0.03959722222222222 0.03220338983050847
0 0.431875 0.6538347457627119 0.027930555555555556 0.033983050847457626
0 0.14344444444444446 0.41771186440677965 0.03976388888888889 0.05188559322033898
0 0.15047222222222223 0.5473940677966102 0.04445833333333333 0.039364406779661014
0 0.08422222222222223 0.43828389830508474 0.05268055555555556 0.08228813559322035
0 0.231375 0.31216101694915255 0.02801388888888889 0.030402542372881355
0 0.20441666666666666 0.3452542372881356 0.06343055555555556 0.06082627118644068
0 0.029416666666666667 0.052944915254237286 0.04633333333333333 0.035296610169491524
0 0.11122222222222222 0.18495762711864405 0.014472222222222221 0.030063559322033896
0 0.14420833333333333 0.2790677966101695 0.018736111111111113 0.02745762711864407
0 0.13006944444444446 0.30389830508474575 0.023027777777777775 0.024830508474576272
0 0.04055555555555555 0.14442796610169492 0.025777777777777774 0.037902542372881355
0 0.04097222222222222 0.2575 0.01963888888888889 0.02353813559322034
0 0.08295833333333333 0.23724576271186443 0.016194444444444445 0.019597457627118644
0 0.0932361111111111 0.27449152542372884 0.021333333333333333 0.02614406779661017
0 0.3164166666666667 0.5607627118644068 0.013527777777777777 0.02353813559322034
0 0.3005555555555556 0.6163135593220338 0.017819444444444443 0.02745762711864407
0 0.26629166666666665 0.6065042372881355 0.024694444444444446 0.033983050847457626
0 0.14120833333333332 0.7058474576271186 0.026444444444444444 0.03658898305084746
0 0.16005555555555556 0.6025847457627119 0.02301388888888889 0.03658898305084746
0 0.20245833333333335 0.6345974576271186 0.04441666666666667 0.05360169491525424
0 0.20247222222222222 0.7084533898305084 0.018722222222222223 0.031377118644067795
0 0.12108333333333335 0.4829872881355932 0.015527777777777777 0.02222457627118644
0 0.008847222222222222 0.43853813559322036 0.01376388888888889 0.02222457627118644
0 0.540875 0.3888771186440678 0.025444444444444443 0.03266949152542373
0 0.2902777777777778 0.29997881355932204 0.019541666666666666 0.03266949152542373
0 0.244875 0.2202542372881356 0.033263888888888885 0.045741525423728814
0 0.5815694444444445 0.3346186440677966 0.03656944444444444 0.031377118644067795
0 0.7388333333333333 0.2790677966101695 0.03233333333333333 0.037902542372881355
0 0.8681944444444445 0.21305084745762712 0.05627777777777778 0.02353813559322034
0 0.660875 0.22220338983050847 0.01351388888888889 0.018305084745762715
0 0.6467361111111111 0.20586864406779662 0.012666666666666666 0.030063559322033896
0 0.8442083333333333 0.45684322033898306 0.025444444444444443 0.04313559322033898
0 0.8677777777777778 0.5234957627118644 0.017722222222222223 0.035296610169491524
0 0.8206527777777778 0.35944915254237286 0.021166666666666667 0.02614406779661017
0 0.8588055555555556 0.7712076271186441 0.03234722222222222 0.041822033898305085
0 0.6797500000000001 0.7803601694915254 0.02727777777777778 0.02875
0 0.5345416666666667 0.7816525423728814 0.048916666666666664 0.033983050847457626
0 0.3786111111111111 0.671864406779661 0.03858333333333334 0.02614406779661017
0 0.3798888888888889 0.7836228813559322 0.03766666666666667 0.02745762711864407
0 0.6908888888888889 0.1803813559322034 0.036125000000000004 0.02614406779661017