0 0.5004306220095694 0.1859504132231405 0.10229665071770334 0.06886363636363636
0 0.45062200956937803 0.2281404958677686 0.11696172248803828 0.08435950413223141
0 0.3818421052631579 0.3038842975206612 0.08837320574162678 0.056818181818181816
0 0.4436363636363636 0.3116322314049587 0.05516746411483253 0.09985537190082644
0 0.5393062200956938 0.2927066115702479 0.09629186602870814 0.05853305785123967
0 0.6210526315789474 0.2565495867768595 0.13894736842105262 0.09985537190082644
0 0.7157177033492823 0.21522727272727274 0.11418660287081339 0.07231404958677685
0 0.566244019138756 0.3521074380165289 0.053205741626794256 0.060268595041322315
0 0.6609090909090909 0.34865702479338845 0.06834928229665072 0.056818181818181816
0 0.540311004784689 0.4166735537190082 0.08509569377990431 0.08952479338842975
0 0.498444976076555 0.4519628099173554 0.09430622009569378 0.0809297520661157
0 0.4047607655502392 0.43388429752066116 0.1222488038277512 0.03444214876033058
0 0.3130622009569378 0.4390495867768595 0.09437799043062202 0.04132231404958678
0 0.42770334928229664 0.5320247933884298 0.043205741626794254 0.06543388429752066
0 0.38782296650717707 0.5724793388429752 0.0804066985645933 0.0740289256198347
0 0.4805263157894737 0.5406404958677686 0.06514354066985646 0.07231404958677685
0 0.33899521531100474 0.6060537190082644 0.09038277511961723 0.05853305785123967
0 0.24629186602870815 0.6181198347107438 0.10437799043062201 0.08952479338842975
0 0.3489712918660287 0.65599173553719 0.08502392344497607 0.09985537190082644
0 0.39679425837320575 0.6155371900826446 0.07442583732057416 0.06714876033057851
0 0.35892344497607653 0.7747933884297521 0.046531100478468895 0.05165289256198347
0 0.41973684210526313 0.7196900826446281 0.09502392344497608 0.03787190082644628
0 0.26224880382775123 0.7506818181818181 0.11234449760765551 0.08952479338842975
0 0.2712200956937799 0.708512396694215 0.09296650717703349 0.0912603305785124
0 0.3001196172248804 0.8505578512396694 0.06846889952153111 0.06198347107438017
0 0.39681818181818185 0.8720661157024793 0.10497607655502393 0.0946900826446281
0 0.6509330143540669 0.7283057851239669 0.07631578947368421 0.06198347107438017
0 0.6798564593301436 0.7670454545454546 0.05722488038277512 0.06369834710743802
0 0.7326555023923444 0.40376033057851235 0.06832535885167464 0.06369834710743802
0 0.4924641148325359 0.9409504132231405 0.0863397129186603 0.039607438016528926
0 0.561244019138756 0.941797520661157 0.08311004784688995 0.03444214876033058
0 0.6529186602870813 0.9237190082644627 0.06435406698564593 0.04993801652892562
0 0.6917942583732057 0.8643181818181818 0.046411483253588515 0.05853305785123967