0 0.5214305555555556 0.22421610169491524 0.058222222222222224 0.04942796610169491
0 0.579875 0.21627118644067797 0.0795 0.09358050847457627
0 0.6435277777777777 0.24364406779661016 0.09109722222222223 0.06709745762711865
0 0.6990694444444444 0.2727754237288136 0.07261111111111111 0.11476694915254237
0 0.7540416666666666 0.3460381355932204 0.09229166666666667 0.13065677966101696
0 0.7835555555555556 0.4519703389830509 0.07263888888888889 0.14125000000000001
0 0.7436111111111111 0.2692372881355932 0.058138888888888886 0.06885593220338983
0 0.8188472222222223 0.473156779661017 0.02288888888888889 0.17302966101694917
0 0.7881666666666667 0.5985169491525424 0.06854166666666667 0.0988771186440678
0 0.7771805555555557 0.6744279661016949 0.032125 0.10947033898305085
0 0.7320416666666667 0.7229872881355932 0.058152777777777775 0.07944915254237288
0 0.6944305555555556 0.7750635593220339 0.07783333333333334 0.060021186440677964
0 0.6307916666666666 0.8209745762711864 0.06627777777777778 0.0565042372881356
0 0.5544166666666667 0.8342161016949152 0.09408333333333332 0.04061440677966102
0 0.46704166666666663 0.826271186440678 0.11841666666666667 0.06709745762711865
0 0.37677777777777777 0.8456991525423729 0.07677777777777778 0.0353177966101695
0 0.27379166666666666 0.8774788135593221 0.05136111111111111 0.028241525423728812
0 0.8217361111111111 0.5976271186440678 0.026361111111111113 0.09004237288135593
0 0.8338888888888889 0.5146610169491526 0.041402777777777774 0.12182203389830508
0 0.05506944444444444 0.5208262711864408 0.07688888888888888 0.0988771186440678
0 0.10369444444444444 0.4740466101694915 0.07125 0.0865042372881356
0 0.06606944444444444 0.3451694915254237 0.07804166666666666 0.10417372881355932
0 0.11468055555555555 0.2515889830508475 0.11174999999999999 0.11122881355932203
0 0.02940277777777778 0.9463347457627119 0.05880555555555556 0.04591101694915255
0 0.07475 0.9198516949152543 0.06068055555555555 0.0776906779661017
0 0.14418055555555556 0.8836440677966101 0.051402777777777776 0.0865042372881356
0 0.19973611111111111 0.8536440677966102 0.06202777777777777 0.05826271186440678
0 0.3009861111111111 0.8359745762711864 0.09184722222222222 0.06180084745762712
0 0.23444444444444446 0.8571610169491525 0.060625 0.0865042372881356
0 0.36868055555555557 0.3901906779661017 0.07447222222222222 0.09180084745762712
0 0.3195 0.4396186440677966 0.08027777777777777 0.12358050847457627
0 0.4213472222222222 0.3398728813559322 0.08176388888888889 0.09004237288135593
0 0.3814166666666667 0.17832627118644068 0.03975 0.0776906779661017