0 0.9533333333333333 0.11636550308008214 0.09331944444444444 0.11293634496919917
0 0.8570138888888889 0.0966735112936345 0.11827777777777777 0.12149897330595483
0 0.74825 0.0573305954825462 0.08823611111111111 0.11464065708418891
0 0.5960972222222222 0.0735728952772074 0.16051388888888887 0.14716632443531827
0 0.45894444444444443 0.05817248459958932 0.10915277777777778 0.11636550308008214
0 0.5017777777777778 0.17796714579055442 0.09220833333333334 0.10609856262833676
0 0.5978194444444445 0.20876796714579055 0.11770833333333333 0.09924024640657084
0 0.7175694444444444 0.17453798767967146 0.11022222222222222 0.1437371663244353
0 0.807861111111111 0.23100616016427106 0.10966666666666666 0.15057494866529775
0 0.9050555555555555 0.2601026694045175 0.08655555555555555 0.16770020533880903
0 0.9669722222222222 0.2883367556468172 0.06227777777777778 0.2070431211498973
0 0.885375 0.3841478439425052 0.12175 0.12833675564681724
0 0.9708055555555556 0.5030800821355236 0.058388888888888886 0.2224435318275154
0 0.8847916666666666 0.528747433264887 0.09281944444444444 0.15057494866529775
0 0.9594444444444444 0.6647843942505134 0.07037500000000001 0.13860369609856263
0 0.8512361111111111 0.6562217659137577 0.157625 0.12490759753593429
0 0.7899027777777778 0.4911088295687885 0.09052777777777779 0.16770020533880903
0 0.7511388888888889 0.33880903490759756 0.17501388888888889 0.10950718685831622
0 0.6192361111111111 0.39014373716632444 0.10266666666666667 0.2498357289527721
0 0.6579722222222222 0.6399794661190965 0.22944444444444442 0.1368993839835729
0 0.48093055555555553 0.6408213552361396 0.12534722222222222 0.15229979466119098
0 0.5260694444444444 0.4226488706365503 0.09222222222222223 0.25667351129363447
0 0.4288472222222222 0.446611909650924 0.10916666666666666 0.2874743326488706
0 0.4028194444444444 0.2275770020533881 0.09876388888888889 0.11636550308008214
0 0.371 0.09326488706365503 0.06752777777777777 0.13860369609856263
0 0.28304166666666664 0.1086652977412731 0.11616666666666667 0.10780287474332649
0 0.23444444444444446 0.20790554414784393 0.09766666666666665 0.11123203285420945
0 0.191625 0.2797741273100616 0.10230555555555555 0.12490759753593429
0 0.1574861111111111 0.3995482546201232 0.1451388888888889 0.11123203285420945
0 0.11640277777777779 0.4722792607802875 0.14630555555555555 0.15057494866529775
0 0.10659722222222222 0.6074537987679671 0.16266666666666668 0.1437371663244353
0 0.1094861111111111 0.7306570841889116 0.147625 0.04790554414784394
0 0.2934861111111111 0.7152566735112936 0.1986111111111111 0.05817248459958932
0 0.2911388888888889 0.6194455852156058 0.18559722222222222 0.1197741273100616
0 0.28419444444444447 0.5090759753593429 0.15087499999999998 0.10780287474332649
0 0.32934722222222224 0.41581108829568786 0.12918055555555558 0.15743326488706366
0 0.32643055555555556 0.2951745379876797 0.13813888888888887 0.13860369609856263
0 0.3432222222222222 0.21817248459958932 0.05595833333333333 0.08043121149897331
0 0.24891666666666667 0.38587268993839835 0.060888888888888895 0.07016427104722793