0 0.09820833333333333 0.7678481012658227 0.13084722222222223 0.19778481012658228
0 0.3597361111111111 0.795084388185654 0.19109722222222222 0.2522784810126582
0 0.5958055555555556 0.8065189873417722 0.18423611111111113 0.2399789029535865
0 0.30304166666666665 0.5269831223628691 0.205 0.26459915611814344
0 0.5280972222222222 0.519957805907173 0.19230555555555556 0.28919831223628695
0 0.74625 0.46457805907173 0.20744444444444446 0.3401898734177215
0 0.7445277777777777 0.7441139240506328 0.0952361111111111 0.21713080168776372
0 0.9308194444444445 0.4909493670886076 0.13690277777777776 0.45622362869198313
0 0.33081944444444444 0.24658227848101266 0.20270833333333332 0.27689873417721517
0 0.5234861111111111 0.23162447257383967 0.23861111111111113 0.2681012658227848
0 0.7416111111111111 0.18151898734177216 0.23056944444444444 0.2522784810126582
0 0.9408055555555556 0.18240506329113923 0.11838888888888888 0.18371308016877635
0 0.09993055555555556 0.5463291139240506 0.1458888888888889 0.11339662447257384
0 0.11381944444444445 0.37227848101265826 0.09729166666666667 0.11339662447257384
0 0.18325 0.2237130801687764 0.07879166666666666 0.11164556962025317
0 0.24343055555555557 0.05713080168776371 0.09502777777777778 0.08263713080168776