0 0.5428472222222223 0.21010593220338983 0.09106944444444444 0.1059322033898305
0 0.44968055555555553 0.17919491525423728 0.11379166666666668 0.10417372881355932
0 0.22634722222222223 0.3186864406779661 0.06434722222222222 0.05120762711864407
0 0.2396527777777778 0.21716101694915255 0.07104166666666667 0.15184322033898306
0 0.07184722222222222 0.3548728813559322 0.108125 0.0776906779661017
0 0.15287499999999998 0.3486864406779661 0.07473611111111111 0.07591101694915253
0 0.10077777777777779 0.3010169491525424 0.12201388888888888 0.04766949152542373
0 0.2356111111111111 0.3619279661016949 0.08518055555555555 0.03883474576271186
0 0.1366527777777778 0.4025423728813559 0.09190277777777778 0.03883474576271186
0 0.6250138888888889 0.2798305084745763 0.10729166666666666 0.09709745762711865
0 0.5665555555555556 0.3495762711864407 0.09986111111111112 0.10947033898305085
0 0.5665694444444445 0.4722881355932203 0.07140277777777777 0.13595338983050848
0 0.5931805555555555 0.6126483050847458 0.09291666666666668 0.10239406779661017
0 0.67825 0.6408898305084746 0.07722222222222222 0.15889830508474576
0 0.5335833333333333 0.6859110169491526 0.12880555555555556 0.12182203389830508
0 0.48209722222222223 0.7609533898305085 0.09451388888888888 0.12358050847457627
0 0.3987638888888889 0.7247457627118644 0.116125 0.15006355932203388
0 0.4213472222222222 0.5605508474576271 0.15813888888888888 0.11828389830508475
0 0.3264444444444444 0.5808686440677966 0.08722222222222221 0.14476694915254237
0 0.48730555555555555 0.4219703389830508 0.102625 0.10947033898305085
0 0.3501527777777778 0.4316737288135593 0.1554861111111111 0.11476694915254237
0 0.20784722222222224 0.4872881355932203 0.09673611111111112 0.11298728813559322
0 0.10309722222222223 0.4996398305084746 0.10348611111111111 0.1059322033898305
0 0.07416666666666666 0.5270127118644068 0.08730555555555555 0.09358050847457627
0 0.2373472222222222 0.6108686440677966 0.07013888888888889 0.0988771186440678
0 0.171375 0.6205932203389831 0.08031944444444444 0.11122881355932203
0 0.26569444444444446 0.7229872881355932 0.06668055555555555 0.12536016949152542
0 0.3270277777777778 0.7636016949152543 0.06669444444444445 0.1430084745762712
0 0.4057222222222222 0.8456991525423729 0.07134722222222221 0.12358050847457627
0 0.3339583333333333 0.8448093220338984 0.07216666666666667 0.06180084745762712
0 0.252375 0.7971398305084746 0.08723611111111111 0.05826271186440678
0 0.21245833333333333 0.7397669491525424 0.0375 0.05296610169491525
0 0.5145 0.8659957627118644 0.11536111111111111 0.07239406779661017
0 0.622125 0.8227330508474576 0.1547361111111111 0.10947033898305085
0 0.7152638888888889 0.800677966101695 0.142625 0.16773305084745763
0 0.8379444444444445 0.7953813559322034 0.09811111111111111 0.12182203389830508
0 0.94325 0.791843220338983 0.06575 0.09358050847457627
0 0.4022361111111111 0.2957203389830509 0.15315277777777778 0.15006355932203388
0 0.35420833333333335 0.19597457627118645 0.09877777777777778 0.07061440677966101
0 0.2957777777777778 0.3151483050847458 0.05598611111111111 0.17124999999999999