0 0.2460138888888889 0.02913135593220339 0.049055555555555554 0.05826271186440678
0 0.2992638888888889 0.037076271186440676 0.050486111111111114 0.07415254237288135
0 0.1806388888888889 0.0715042372881356 0.08169444444444444 0.1430084745762712
0 0.10137499999999999 0.09533898305084745 0.02727777777777778 0.16243644067796612
0 0.13377777777777777 0.08828389830508475 0.05273611111111111 0.17654661016949152
0 0.08806944444444444 0.23216101694915253 0.044625000000000005 0.12182203389830508
0 0.07533333333333334 0.3628177966101695 0.035361111111111114 0.13595338983050848
0 0.09558333333333333 0.4766949152542373 0.057361111111111106 0.0776906779661017
0 0.08920833333333333 0.5340677966101696 0.06645833333333334 0.04413135593220339
0 0.15170833333333333 0.6152966101694916 0.04695833333333334 0.0865042372881356
0 0.2107361111111111 0.6991525423728814 0.07244444444444444 0.08828389830508475
0 0.2819027777777778 0.7688983050847458 0.069 0.10417372881355932
0 0.3692638888888889 0.8598093220338983 0.07018055555555555 0.1059322033898305
0 0.3750416666666666 0.7627118644067796 0.09183333333333334 0.08828389830508475
0 0.4242361111111111 0.736228813559322 0.089875 0.1271186440677966
0 0.45894444444444443 0.6558898305084745 0.09295833333333334 0.06180084745762712
0 0.4219166666666666 0.8527542372881356 0.03663888888888889 0.07415254237288135
0 0.5092916666666667 0.8359745762711864 0.06327777777777778 0.09004237288135593
0 0.5642638888888889 0.8227330508474576 0.034375 0.07415254237288135
0 0.517375 0.7459322033898305 0.08483333333333333 0.09004237288135593
0 0.533 0.650593220338983 0.07441666666666666 0.10063559322033898
0 0.5879861111111111 0.7406355932203389 0.03784722222222222 0.11476694915254237
0 0.5613611111111111 0.8801271186440678 0.0547361111111111 0.04061440677966102
0 0.7198888888888889 0.7265254237288136 0.06856944444444445 0.0865042372881356
0 0.8558611111111112 0.6285381355932204 0.06041666666666667 0.07061440677966101
0 0.8749722222222223 0.5429025423728814 0.04488888888888889 0.09358050847457627
0 0.272625 0.13241525423728814 0.06525 0.08120762711864406
0 0.25181944444444443 0.211864406779661 0.10601388888888888 0.13065677966101696
0 0.17195833333333332 0.20302966101694914 0.05602777777777778 0.0565042372881356
0 0.3044722222222222 0.3407415254237288 0.08404166666666667 0.10947033898305085
0 0.4068611111111111 0.24010593220338983 0.10454166666666666 0.1200635593220339
0 0.3924166666666667 0.3416313559322034 0.09565277777777778 0.13947033898305083
0 0.3114166666666667 0.4555084745762712 0.09098611111111111 0.1271186440677966
0 0.4491111111111111 0.413135593220339 0.051694444444444446 0.08120762711864406
0 0.3993472222222222 0.4369703389830508 0.06868055555555556 0.09709745762711865
0 0.4676388888888889 0.372521186440678 0.05633333333333334 0.10239406779661017
0 0.46994444444444444 0.5323093220338984 0.06326388888888888 0.11122881355932203
0 0.4427361111111111 0.5773305084745762 0.08833333333333333 0.10947033898305085
0 0.5469027777777777 0.5490889830508475 0.09222222222222223 0.08828389830508475
0 0.5411111111111111 0.4546186440677966 0.06052777777777778 0.08298728813559322
0 0.6238611111111111 0.3619279661016949 0.058694444444444445 0.09533898305084745
0 0.5555694444444444 0.3787076271186441 0.09176388888888888 0.10417372881355932
0 0.6539444444444444 0.3363347457627119 0.10268055555555557 0.16773305084745763
0 0.6163194444444444 0.2145127118644068 0.08365277777777777 0.08298728813559322
0 0.7025416666666666 0.22334745762711863 0.07029166666666667 0.09358050847457627
0 0.7158472222222222 0.12622881355932203 0.08593055555555555 0.12182203389830508
0 0.760986111111111 0.06620762711864407 0.09923611111111111 0.12887711864406778
0 0.8686111111111111 0.08915254237288135 0.0715 0.12887711864406778
0 0.8853888888888889 0.21540254237288137 0.04488888888888889 0.1271186440677966
0 0.7858611111111112 0.2515889830508475 0.06391666666666668 0.09004237288135593
0 0.7916527777777778 0.3654661016949153 0.063375 0.07415254237288135
0 0.7337777777777779 0.3407415254237288 0.047736111111111104 0.11652542372881355
0 0.81075 0.509364406779661 0.05527777777777777 0.07944915254237288
0 0.8905833333333334 0.4625635593220339 0.048833333333333326 0.06709745762711865
0 0.6365833333333333 0.5420127118644068 0.08879166666666667 0.1271186440677966
0 0.7904861111111111 0.599406779661017 0.05234722222222222 0.05826271186440678
0 0.6510555555555555 0.6452966101694915 0.06680555555555556 0.08298728813559322
0 0.71875 0.625 0.058722222222222224 0.08120762711864406
0 0.7436111111111111 0.5155296610169492 0.08129166666666666 0.14125000000000001
0 0.29693055555555553 0.635593220338983 0.079125 0.08120762711864406
0 0.22113888888888888 0.5631991525423728 0.07105555555555555 0.0847457627118644
0 0.2142083333333333 0.4193220338983051 0.07706944444444444 0.13241525423728814
0 0.20319444444444446 0.3019067796610169 0.13006944444444446 0.07415254237288135