0 0.27494444444444444 0.3257415254237288 0.05366666666666667 0.07944915254237288
0 0.23908333333333331 0.3478177966101695 0.03426388888888889 0.1200635593220339
0 0.34380555555555553 0.5570338983050848 0.06786111111111111 0.09358050847457627
0 0.25354166666666667 0.5923305084745762 0.07334722222222223 0.09004237288135593
0 0.30736111111111114 0.6320550847457627 0.057430555555555554 0.0988771186440678
0 0.21881944444444446 0.6982627118644067 0.07568055555555556 0.0865042372881356
0 0.30851388888888887 0.7265254237288136 0.08520833333333333 0.1076906779661017
0 0.21883333333333332 0.791843220338983 0.08170833333333333 0.1076906779661017
0 0.29462499999999997 0.8245127118644068 0.07130555555555557 0.1059322033898305
0 0.252375 0.9172033898305085 0.06641666666666667 0.09709745762711865
0 0.34381944444444446 0.9198516949152543 0.08405555555555556 0.060021186440677964
0 0.37563888888888886 0.791843220338983 0.06208333333333334 0.07239406779661017
0 0.38547222222222227 0.6717796610169491 0.06323611111111112 0.07944915254237288
0 0.30736111111111114 0.4201906779661017 0.057430555555555554 0.060021186440677964
0 0.3183472222222222 0.0847457627118644 0.05859722222222222 0.0776906779661017
0 0.4138194444444444 0.11211864406779662 0.08755555555555555 0.0865042372881356
0 0.5006111111111111 0.14654661016949153 0.052861111111111116 0.0776906779661017
0 0.3519027777777778 0.3301483050847458 0.059430555555555556 0.08120762711864406
0 0.42308333333333337 0.4334322033898305 0.09218055555555556 0.06180084745762712
0 0.6163194444444444 0.19156779661016948 0.07206944444444445 0.07591101694915253
0 0.7997500000000001 0.22245762711864406 0.04770833333333334 0.07061440677966101
0 0.8414166666666667 0.3142584745762712 0.03793055555555555 0.11298728813559322
0 0.8095833333333333 0.4043008474576271 0.044236111111111115 0.0423728813559322
0 0.7360972222222222 0.4316737288135593 0.10095833333333333 0.05472457627118644
0 0.6302083333333334 0.423728813559322 0.08826388888888889 0.0776906779661017
0 0.43927777777777777 0.9401483050847458 0.04822222222222222 0.06531779661016948
0 0.5081388888888889 0.9427966101694916 0.07254166666666666 0.06709745762711865
0 0.6215416666666667 0.9577966101694915 0.13969444444444445 0.08298728813559322
0 0.7430416666666667 0.9498516949152542 0.07319444444444445 0.0565042372881356
0 0.4734027777777778 0.8306779661016949 0.07559722222222222 0.0865042372881356
0 0.8593472222222223 0.8465677966101695 0.05298611111111111 0.09709745762711865
0 0.8356111111111111 0.7636016949152543 0.06852777777777778 0.05120762711864407
0 0.7812222222222223 0.7176906779661016 0.08243055555555556 0.04766949152542373
0 0.6018611111111111 0.8015466101694915 0.06166666666666666 0.0776906779661017
0 0.7517361111111112 0.8571610169491525 0.08998611111111111 0.09709745762711865
0 0.741875 0.7768432203389831 0.08706944444444444 0.04942796610169491
0 0.6695555555555556 0.8571610169491525 0.05816666666666667 0.05826271186440678
0 0.6666666666666666 0.7538771186440678 0.043125000000000004 0.09180084745762712
0 0.5706111111111111 0.8659957627118644 0.07093055555555555 0.06531779661016948
0 0.5249027777777778 0.4210805084745763 0.090625 0.07591101694915253
0 0.43234722222222227 0.3116101694915254 0.09450000000000001 0.06531779661016948