0 0.961763888888889 0.17945378151260505 0.06343055555555556 0.11380252100840337
0 0.879 0.15756302521008403 0.12058333333333332 0.1505672268907563
0 0.7644444444444444 0.13304621848739495 0.10211111111111111 0.17506302521008402
0 0.6539444444444444 0.10153361344537815 0.09804166666666667 0.1820798319327731
0 0.5133194444444444 0.08928571428571429 0.18320833333333333 0.17857142857142858
0 0.3634722222222222 0.09628151260504202 0.14506944444444445 0.14006302521008404
0 0.268 0.10153361344537815 0.05830555555555555 0.07703781512605043
0 0.23330555555555554 0.21271008403361344 0.10137499999999999 0.11380252100840337
0 0.18756944444444446 0.30813025210084033 0.10115277777777777 0.10153361344537815
0 0.14766666666666667 0.40090336134453786 0.13606944444444444 0.13304621848739495
0 0.11408333333333333 0.565483193277311 0.15093055555555557 0.13655462184873948
0 0.1517222222222222 0.7493067226890756 0.1418611111111111 0.14006302521008404
0 0.044444444444444446 0.7834453781512606 0.08888888888888889 0.17331932773109243
0 0.11701388888888889 0.9357563025210084 0.20895833333333333 0.11029411764705882
0 0.18412499999999998 0.8893487394957983 0.1696388888888889 0.1435504201680672
0 0.3044722222222222 0.9532563025210085 0.13495833333333335 0.07178571428571429
0 0.4109305555555556 0.9444957983193277 0.11184722222222222 0.09279411764705883
0 0.32469444444444445 0.8569747899159664 0.12308333333333334 0.10678571428571428
0 0.4606944444444444 0.8517226890756303 0.1303888888888889 0.1277941176470588
0 0.30791666666666667 0.7134033613445377 0.1612777777777778 0.14531512605042018
0 0.4612777777777778 0.7046638655462185 0.15237499999999998 0.14880252100840335
0 0.2795694444444444 0.5479621848739495 0.17402777777777778 0.17857142857142858
0 0.4352361111111111 0.5252100840336135 0.1488888888888889 0.15756302521008403
0 0.29693055555555553 0.4052941176470588 0.15318055555555557 0.1277941176470588
0 0.4473888888888889 0.3807773109243697 0.14311111111111113 0.10678571428571428
0 0.34205555555555556 0.26785714285714285 0.1115138888888889 0.12955882352941178
0 0.5087222222222222 0.28186974789915964 0.205625 0.1820798319327731
0 0.6753611111111111 0.31512605042016806 0.12004166666666667 0.2240966386554622
0 0.5619444444444445 0.5015756302521008 0.07602777777777778 0.25735294117647056
0 0.662625 0.5392226890756303 0.12466666666666668 0.23460084033613446
0 0.5966527777777777 0.7703151260504202 0.09984722222222223 0.2415966386554622
0 0.7042916666666666 0.7729411764705882 0.12468055555555554 0.1978361344537815
0 0.5752361111111112 0.9269957983193278 0.1635138888888889 0.05426470588235294
0 0.7725555555555556 0.32913865546218485 0.10155555555555557 0.20657563025210085
0 0.8732361111111111 0.3405042016806723 0.09465277777777778 0.2083403361344538
0 0.809 0.5252100840336135 0.14722222222222223 0.16455882352941176
0 0.9501944444444445 0.39653361344537813 0.04723611111111111 0.31338235294117645
0 0.9171944444444444 0.5961134453781513 0.07197222222222223 0.2643487394957983
0 0.8431527777777779 0.7379201680672269 0.1525 0.2398529411764706
0 0.965486111111111 0.7921848739495798 0.06901388888888889 0.09978991596638656
0 0.9646527777777777 0.6608823529411765 0.051125000000000004 0.1698109243697479
0 0.9802777777777777 0.40878151260504203 0.035666666666666666 0.34489495798319325