0 0.3906666666666666 0.11197916666666667 0.06058333333333333 0.078125
0 0.43118055555555557 0.18662499999999999 0.05284722222222222 0.08854166666666667
0 0.4213472222222222 0.44704166666666667 0.04936111111111111 0.109375
0 0.17716666666666667 0.35243749999999996 0.06180555555555556 0.07291666666666667
0 0.22056944444444446 0.38108333333333333 0.06665277777777778 0.140625
0 0.17022222222222222 0.26389583333333333 0.05023611111111111 0.07291666666666667
0 0.17195833333333332 0.44964583333333336 0.048125 0.1180625
0 0.23098611111111111 0.5399375000000001 0.03888888888888889 0.15972916666666667
0 0.18815277777777778 0.609375 0.058333333333333334 0.12152083333333333
0 0.26106944444444447 0.6232708333333333 0.05741666666666667 0.14931250000000001
0 0.3096666666666667 0.6189166666666667 0.06205555555555556 0.09895833333333333
0 0.23155555555555554 0.7265625 0.06409722222222222 0.09202083333333334
0 0.3866111111111111 0.6415000000000001 0.06868055555555556 0.08854166666666667
0 0.42481944444444447 0.6649375000000001 0.054000000000000006 0.13193749999999999
0 0.46415277777777775 0.5842083333333333 0.06402777777777778 0.0711875
0 0.4572083333333333 0.5112916666666666 0.07329166666666667 0.09547916666666666
0 0.3814166666666667 0.7152708333333333 0.043569444444444445 0.09027083333333333
0 0.3576805555555555 0.7942708333333334 0.059430555555555556 0.09202083333333334
0 0.36522222222222217 0.8758750000000001 0.06902777777777779 0.08160416666666667
0 0.25758333333333333 0.8524375000000001 0.035166666666666666 0.045145833333333336
0 0.3021388888888889 0.7803749999999999 0.038625 0.06422916666666666
0 0.30330555555555555 0.8584999999999999 0.050194444444444444 0.06770833333333333
0 0.4242361111111111 0.8168333333333333 0.043583333333333335 0.0711875
0 0.4479444444444444 0.7734375 0.05708333333333333 0.06770833333333333
0 0.4554722222222222 0.6961875000000001 0.053611111111111116 0.11458333333333333
0 0.574375 0.5581666666666667 0.07151388888888889 0.08160416666666667
0 0.5819027777777778 0.4635416666666667 0.05645833333333333 0.07291666666666667
0 0.859625 0.35243749999999996 0.058680555555555555 0.08333333333333333
0 0.7572222222222222 0.46527083333333336 0.05525 0.07639583333333334
0 0.8416944444444444 0.47483333333333333 0.048277777777777774 0.09202083333333334
0 0.6530694444444444 0.5998333333333333 0.07379166666666667 0.10589583333333333
0 0.6901111111111111 0.5199583333333334 0.07897222222222222 0.10589583333333333
0 0.566861111111111 0.6683958333333333 0.049527777777777775 0.0868125
0 0.6206805555555556 0.7109375 0.08126388888888889 0.1163125
0 0.5680138888888889 0.7725624999999999 0.051833333333333335 0.1006875
0 0.5911666666666666 0.8576458333333333 0.07083333333333333 0.12152083333333333
0 0.6316666666666667 0.7977500000000001 0.08473611111111111 0.109375
0 0.6420694444444445 0.8984375 0.07495833333333334 0.06422916666666666
0 0.7161388888888889 0.8723958333333334 0.03384722222222222 0.046875
0 0.7502777777777778 0.859375 0.05525 0.07639583333333334
0 0.7144027777777778 0.7578125 0.04831944444444444 0.08160416666666667
0 0.7010833333333333 0.6918333333333333 0.0633611111111111 0.08160416666666667
0 0.7120972222222223 0.796875 0.058138888888888886 0.052083333333333336
0 0.7572222222222222 0.6206666666666667 0.050625 0.08160416666666667
0 0.7630138888888889 0.6857708333333333 0.06973611111111111 0.09375
0 0.7699444444444444 0.7925416666666667 0.043666666666666666 0.04339583333333333
0 0.8295416666666666 0.5564166666666667 0.06795833333333333 0.0850625
0 0.8046527777777778 0.6215208333333333 0.07605555555555556 0.11110416666666666
0 0.7994583333333334 0.3932291666666667 0.07259722222222223 0.12327083333333334
0 0.6646388888888889 0.1015625 0.06222222222222222 0.12672916666666667
0 0.6796944444444445 0.24045833333333333 0.04425 0.078125
0 0.594625 0.17620833333333333 0.07266666666666667 0.09202083333333334
0 0.6108333333333333 0.2604166666666667 0.04075 0.07985416666666666
0 0.5529722222222222 0.3125 0.056472222222222215 0.10764583333333334
0 0.37359722222222225 0.45485416666666667 0.05884722222222222 0.12847916666666667
0 0.392125 0.5182291666666666 0.04068055555555555 0.109375
0 0.2677083333333333 0.49827083333333333 0.06698611111111111 0.09375