0 0.40048611111111115 0.046800847457627116 0.07529166666666667 0.08898305084745763
0 0.31702777777777774 0.2330508474576271 0.11294444444444443 0.15716101694915255
0 0.27131944444444445 0.39425847457627117 0.2084027777777778 0.1367584745762712
0 0.4912361111111111 0.37192796610169493 0.16843055555555556 0.1845127118644068
0 0.7205 0.2842796610169492 0.16230555555555556 0.09783898305084746
0 0.8016527777777779 0.4763135593220339 0.11105555555555555 0.11747881355932203
0 0.2782777777777778 0.5959110169491525 0.053111111111111116 0.09707627118644067
0 0.43165277777777783 0.6960805084745763 0.20077777777777778 0.2973728813559322
0 0.6976388888888889 0.6743008474576271 0.115125 0.09438559322033897
0 0.8158194444444444 0.6750847457627118 0.07263888888888889 0.08974576271186441
0 0.5728055555555556 0.821271186440678 0.06184722222222223 0.07781779661016948
0 0.6724027777777778 0.851885593220339 0.08884722222222222 0.08127118644067796