0 0.3223888888888889 0.13330508474576272 0.06754166666666667 0.07239406779661017
0 0.3675277777777778 0.045021186440677964 0.051333333333333335 0.08298728813559322
0 0.048138888888888884 0.2277542372881356 0.05606944444444444 0.07061440677966101
0 0.09154166666666666 0.18362288135593222 0.08397222222222223 0.11652542372881355
0 0.13319444444444445 0.23923728813559322 0.06547222222222222 0.09709745762711865
0 0.03829166666666667 0.2869067796610169 0.034083333333333334 0.05826271186440678
0 0.14650000000000002 0.3372245762711864 0.057375 0.10947033898305085
0 0.19798611111111114 0.2992584745762712 0.0641111111111111 0.11476694915254237
0 0.26280555555555557 0.2551271186440678 0.058569444444444445 0.12182203389830508
0 0.31893055555555555 0.21540254237288137 0.045861111111111116 0.06709745762711865
0 0.3576944444444445 0.2409957627118644 0.04934722222222222 0.12182203389830508
0 0.06723611111111111 0.3998940677966102 0.035361111111111114 0.07944915254237288
0 0.011791666666666667 0.5270127118644068 0.02356944444444444 0.04766949152542373
0 0.1436111111111111 0.4678601694915254 0.07011111111111111 0.14125000000000001
0 0.21304166666666666 0.4343220338983051 0.05393055555555555 0.1200635593220339
0 0.26858333333333334 0.3698728813559322 0.06640277777777778 0.10063559322033898
0 0.35018055555555555 0.3751694915254238 0.05281944444444445 0.12536016949152542
0 0.30677777777777776 0.6673728813559322 0.044694444444444446 0.11298728813559322
0 0.21708333333333335 0.6188135593220339 0.07915277777777778 0.11476694915254237
0 0.36406944444444445 0.5402542372881356 0.08059722222222222 0.1200635593220339
0 0.3056111111111111 0.549957627118644 0.05481944444444444 0.09709745762711865
0 0.4167083333333333 0.6117584745762712 0.058625000000000003 0.10063559322033898
0 0.38547222222222227 0.7168008474576271 0.04704166666666666 0.0847457627118644
0 0.23906944444444445 0.7953813559322034 0.056 0.08298728813559322
0 0.26048611111111114 0.8792372881355932 0.07013888888888889 0.0988771186440678
0 0.17252777777777778 0.8439194915254237 0.07569444444444444 0.09533898305084745
0 0.3848888888888889 0.9242584745762712 0.05283333333333333 0.09709745762711865
0 0.3571111111111111 0.8571610169491525 0.05595833333333333 0.13595338983050848
0 0.34380555555555553 0.7768432203389831 0.024722222222222222 0.0423728813559322
0 0.4277083333333333 0.7936016949152542 0.034319444444444444 0.09004237288135593
0 0.45258333333333334 0.8377542372881356 0.05631944444444444 0.0865042372881356
0 0.3576944444444445 0.9516313559322034 0.03859722222222222 0.06709745762711865
0 0.4115 0.9736864406779661 0.03663888888888889 0.037076271186440676
0 0.4658888888888889 0.9304449152542373 0.03972222222222222 0.04942796610169491
0 0.47513888888888894 0.7485805084745762 0.053611111111111116 0.0988771186440678
0 0.4334861111111111 0.7123940677966102 0.035111111111111114 0.09004237288135593
0 0.4323333333333333 0.3019067796610169 0.051305555555555556 0.09180084745762712
0 0.4288611111111111 0.3795974576271186 0.06441666666666666 0.1200635593220339
0 0.4439027777777778 0.5058262711864406 0.07443055555555556 0.1076906779661017
0 0.5764027777777778 0.11828389830508475 0.043152777777777776 0.0988771186440678
0 0.6325416666666667 0.15800847457627118 0.07373611111111111 0.1430084745762712
0 0.6516111111111111 0.07680084745762712 0.105625 0.11828389830508475
0 0.6244305555555555 0.2842584745762712 0.07836111111111112 0.1271186440677966
0 0.5520972222222222 0.2330508474576271 0.07556944444444444 0.11298728813559322
0 0.58625 0.353114406779661 0.06909722222222223 0.14476694915254237
0 0.5173888888888889 0.3954872881355932 0.043180555555555555 0.08120762711864406
0 0.5370694444444445 0.4625635593220339 0.051722222222222225 0.08828389830508475
0 0.6041805555555555 0.5234745762711864 0.08877777777777777 0.12182203389830508
0 0.6122777777777777 0.6488347457627118 0.08943055555555555 0.0865042372881356
0 0.6568333333333334 0.5967584745762712 0.0922638888888889 0.13417372881355932
0 0.8234583333333333 0.1641949152542373 0.0766388888888889 0.12358050847457627
0 0.6985 0.4113771186440678 0.10616666666666666 0.13771186440677965
0 0.8055277777777778 0.4916949152542373 0.07084722222222221 0.10063559322033898
0 0.8905833333333334 0.2895550847457627 0.09512499999999999 0.13417372881355932
0 0.927625 0.3893008474576271 0.04606944444444445 0.09709745762711865
0 0.98575 0.4148940677966102 0.02851388888888889 0.09533898305084745
0 0.82 0.3557627118644068 0.06043055555555555 0.0865042372881356
0 0.8587638888888888 0.519957627118644 0.042569444444444444 0.13241525423728814
0 0.7951111111111111 0.6205932203389831 0.098625 0.11122881355932203
0 0.717 0.6823728813559322 0.08129166666666666 0.1076906779661017
0 0.6475694444444444 0.7212288135593221 0.06280555555555556 0.07591101694915253
0 0.5416805555555555 0.7547669491525424 0.05243055555555556 0.07944915254237288
0 0.5422638888888889 0.6452966101694915 0.04895833333333333 0.06180084745762712
0 0.6440972222222222 0.8209745762711864 0.048916666666666664 0.09180084745762712
0 0.6620416666666666 0.9560381355932204 0.04776388888888889 0.05826271186440678
0 0.7569305555555556 0.926906779661017 0.0755 0.11652542372881355
0 0.865125 0.7724152542372881 0.05811111111111111 0.09004237288135593
0 0.8772916666666666 0.8404025423728814 0.05415277777777778 0.0776906779661017
0 0.8633888888888889 0.9643432203389831 0.05 0.07133474576271187
0 0.9218333333333334 0.8986652542372882 0.032625 0.11298728813559322
0 0.8743888888888888 0.6664830508474576 0.05809722222222222 0.07944915254237288
0 0.7239444444444445 0.5623305084745763 0.04426388888888889 0.13241525423728814
0 0.7667638888888889 0.3760593220338983 0.051194444444444445 0.14125000000000001
0 0.5509444444444445 0.8492161016949152 0.043166666666666666 0.05296610169491525
0 0.6516111111111111 0.8986652542372882 0.07552777777777778 0.06709745762711865