0 0.32193612774451097 0.2511527777777778 0.0892814371257485 0.067125
0 0.13724550898203594 0.25836111111111115 0.03784431137724551 0.028541666666666667
0 0.082375249500998 0.3215277777777778 0.03682634730538922 0.02783333333333333
0 0.04544910179640718 0.3397222222222222 0.047105788423153695 0.02997222222222222
0 0.23157684630738523 0.13131944444444443 0.02960079840319361 0.014277777777777776
0 0.26748502994011975 0.12525 0.031936127744510975 0.01926388888888889
0 0.21774451097804393 0.18163888888888888 0.03267465069860279 0.01926388888888889
0 0.23209580838323354 0.22695833333333332 0.0306187624750499 0.025694444444444443
0 0.2987425149700599 0.3076111111111111 0.09828343313373254 0.0642361111111111
0 0.4397604790419162 0.30868055555555557 0.041816367265469064 0.02640277777777778
0 0.1633932135728543 0.28226388888888887 0.06347305389221557 0.03211111111111111
0 0.1233932135728543 0.31545833333333334 0.0593812375249501 0.03711111111111111
0 0.4546307385229541 0.36113888888888884 0.0530938123752495 0.03711111111111111
0 0.5202594810379241 0.3707638888888889 0.033073852295409184 0.016416666666666666
0 0.4961676646706587 0.37933333333333336 0.04179640718562874 0.022125
0 0.5105189620758483 0.41180555555555554 0.03974051896207585 0.015708333333333335
0 0.5110179640718563 0.43927777777777777 0.09000000000000001 0.03925
0 0.5243512974051896 0.2690694444444444 0.03666666666666667 0.018555555555555554
0 0.5182035928143712 0.22481944444444446 0.0325748502994012 0.01998611111111111
0 0.5484630738522953 0.18448611111111113 0.03974051896207585 0.020694444444444446
0 0.09315369261477047 0.24230555555555558 0.03375249500998004 0.017847222222222223
0 0.1480039920159681 0.1673611111111111 0.024491017964071854 0.017847222222222223
0 0.14698602794411178 0.19483333333333333 0.028602794411177645 0.017125
0 0.06904191616766468 0.20269444444444445 0.030678642714570856 0.03283333333333333
0 0.09211576846307384 0.17413888888888887 0.03802395209580838 0.028541666666666667
0 0.49051896207584833 0.5438333333333334 0.028483033932135728 0.04138888888888889
0 0.5525748502994011 0.572388888888889 0.06281437125748503 0.03854166666666667
0 0.5069261477045908 0.5638194444444444 0.03666666666666667 0.027125000000000003
0 0.5341117764471057 0.6798055555555556 0.027425149700598804 0.023555555555555555
0 0.6817764471057884 0.6162777777777778 0.029421157684630737 0.02783333333333333
0 0.682814371257485 0.6533888888888889 0.03415169660678643 0.02783333333333333
0 0.6207584830339321 0.6466111111111111 0.022275449101796407 0.025694444444444443
0 0.5664071856287425 0.6640972222222222 0.022295409181636725 0.020694444444444446
0 0.5766666666666668 0.6869305555555555 0.020778443113772454 0.029263888888888888
0 0.7504790419161677 0.5730972222222223 0.03145708582834331 0.02997222222222222
0 0.7556087824351297 0.6112777777777778 0.041716566866267464 0.03640277777777778
0 0.6812574850299401 0.7408194444444445 0.028403193612774453 0.018555555555555554
0 0.5802594810379241 0.7625833333333333 0.06077844311377245 0.04638888888888889
0 0.6407584830339321 0.7929166666666666 0.03149700598802395 0.025694444444444443
0 0.6381836327345309 0.8168333333333333 0.03662674650698603 0.03781944444444445
0 0.5397604790419162 0.8136249999999999 0.05974051896207585 0.021416666666666667
0 0.5376846307385229 0.8543055555555555 0.026407185628742516 0.042819444444444445
0 0.5453892215568863 0.7893472222222223 0.03820359281437126 0.027125000000000003
0 0.6187025948103793 0.258 0.026367265469061877 0.023555555555555555
0 0.3941317365269461 0.3418611111111111 0.04081836327345309 0.02997222222222222
0 0.3397804391217565 0.29333333333333333 0.06580838323353293 0.02997222222222222
0 0.32131736526946103 0.199125 0.04325349301397206 0.021416666666666667
0 0.21211576846307384 0.058527777777777776 0.03808383233532934 0.01998611111111111
0 0.4869261477045908 0.15844444444444444 0.02129740518962076 0.012847222222222222
0 0.6540918163672654 0.7222638888888888 0.03149700598802395 0.03711111111111111
0 0.6387025948103793 0.7615138888888888 0.027385229540918165 0.028541666666666667
0 0.5904990019960079 0.8264722222222222 0.02536926147704591 0.04138888888888889
0 0.604870259481038 0.8150416666666668 0.033552894211576846 0.028541666666666667
0 0.6658882235528942 0.7797222222222222 0.01405189620758483 0.04495833333333333