0 0.3883055555555555 0.7471666666666666 0.06727777777777777 0.11435416666666667
0 0.5579999999999999 0.7105 0.08998611111111111 0.14100000000000001
0 0.7026944444444444 0.8599166666666667 0.07383333333333333 0.06899999999999999
0 0.7788055555555555 0.6931875000000001 0.059375 0.0855625
0 0.8368472222222222 0.6210833333333333 0.04769444444444445 0.08302083333333334
0 0.8500416666666666 0.4114375 0.021305555555555557 0.07204166666666666
0 0.178625 0.5502291666666667 0.04234722222222222 0.07464583333333333
0 0.14640277777777777 0.4222916666666666 0.05568055555555556 0.09372916666666667
0 0.3996944444444444 0.7721874999999999 0.14004166666666668 0.0976875
0 0.22375 0.5781666666666666 0.04094444444444444 0.07214583333333334
0 0.5285555555555556 0.46770833333333334 0.07555555555555556 0.09291666666666668