0 0.8876944444444445 0.16860169491525423 0.08470833333333333 0.1076906779661017
0 0.8946388888888889 0.3142584745762712 0.049527777777777775 0.15536016949152542
0 0.9339861111111112 0.3063135593220339 0.042597222222222224 0.17124999999999999
0 0.833875 0.3301483050847458 0.0905138888888889 0.1271186440677966
0 0.7997500000000001 0.4254872881355932 0.09577777777777777 0.09180084745762712
0 0.7864305555555556 0.18713983050847458 0.11368055555555555 0.1200635593220339
0 0.6961666666666667 0.06620762711864407 0.051222222222222225 0.09004237288135593
0 0.8263611111111111 0.10063559322033898 0.07316666666666667 0.0847457627118644
0 0.6088055555555555 0.1933262711864407 0.07091666666666667 0.11828389830508475
0 0.6603055555555556 0.2745338983050848 0.08069444444444444 0.10063559322033898
0 0.6961805555555556 0.3522245762711864 0.08533333333333333 0.13595338983050848
0 0.7343611111111111 0.2789618644067796 0.09286111111111112 0.10947033898305085
0 0.5382083333333333 0.17478813559322035 0.064 0.0988771186440678
0 0.5903055555555555 0.11828389830508475 0.08413888888888889 0.09533898305084745
0 0.4739861111111111 0.13771186440677965 0.0952638888888889 0.0635593220338983
0 0.3796666666666667 0.12800847457627118 0.14275 0.07591101694915253
0 0.35133333333333333 0.2277542372881356 0.08522222222222223 0.11652542372881355
0 0.2743611111111111 0.12358050847457627 0.09418055555555556 0.07061440677966101
0 0.23733333333333334 0.20038135593220338 0.14741666666666667 0.09358050847457627
0 0.22461111111111112 0.13417372881355932 0.0641111111111111 0.0776906779661017
0 0.1493888888888889 0.16330508474576272 0.08727777777777779 0.06531779661016948
0 0.14418055555555556 0.22686440677966102 0.1092638888888889 0.05826271186440678
0 0.14127777777777778 0.3372245762711864 0.11505555555555556 0.0635593220338983
0 0.12683333333333333 0.4078389830508475 0.1244861111111111 0.08120762711864406
0 0.11119444444444444 0.4528601694915254 0.1706111111111111 0.07591101694915253
0 0.21883333333333332 0.4148940677966102 0.10022222222222221 0.13065677966101696
0 0.24659722222222225 0.3442796610169492 0.07336111111111111 0.06709745762711865
0 0.31024999999999997 0.3857627118644068 0.07016666666666667 0.13947033898305083
0 0.3021388888888889 0.4528601694915254 0.1103611111111111 0.08298728813559322
0 0.37911111111111107 0.4095974576271187 0.06208333333333334 0.1694915254237288
0 0.4572083333333333 0.4157838983050847 0.06634722222222222 0.11122881355932203
0 0.46645833333333336 0.26572033898305086 0.07097222222222223 0.1076906779661017
0 0.5729444444444444 0.2966101694915254 0.074875 0.11652542372881355
0 0.61575 0.4616949152542373 0.06331944444444446 0.10417372881355932
0 0.5289583333333334 0.4378601694915254 0.07788888888888888 0.08828389830508475
0 0.5040833333333333 0.579978813559322 0.09915277777777778 0.12536016949152542
0 0.8552916666666666 0.6285381355932204 0.08240277777777777 0.10239406779661017
0 0.8917361111111111 0.519957627118644 0.06041666666666667 0.11122881355932203
0 0.9044722222222222 0.6488347457627118 0.03680555555555556 0.11122881355932203
0 0.77775 0.6638347457627118 0.07780555555555556 0.09180084745762712
0 0.6880694444444445 0.6276483050847458 0.1021388888888889 0.1076906779661017
0 0.6064861111111112 0.6038135593220338 0.07786111111111112 0.09180084745762712
0 0.8095972222222222 0.7459322033898305 0.09 0.06180084745762712
0 0.15516666666666667 0.5737923728813559 0.09422222222222222 0.0847457627118644
0 0.2118888888888889 0.6223516949152542 0.08169444444444444 0.10063559322033898
0 0.13723611111111111 0.6479449152542373 0.09075000000000001 0.09533898305084745
0 0.2581805555555555 0.5817372881355932 0.07013888888888889 0.09358050847457627
0 0.3270277777777778 0.5631991525423728 0.07363888888888889 0.13771186440677965
0 0.39356944444444447 0.5782203389830509 0.06325 0.13241525423728814
0 0.42943055555555554 0.5384957627118644 0.07098611111111111 0.13417372881355932
0 0.29866666666666664 0.6717796610169491 0.10111111111111111 0.05826271186440678
0 0.3750555555555556 0.6558898305084745 0.07250000000000001 0.04766949152542373
0 0.3009861111111111 0.7988983050847457 0.06638888888888889 0.07239406779661017
0 0.26395833333333335 0.8801271186440678 0.06177777777777777 0.04766949152542373
0 0.37563888888888886 0.7980296610169492 0.06440277777777778 0.11652542372881355
0 0.3166111111111111 0.8465677966101695 0.05134722222222222 0.10063559322033898
0 0.4265555555555556 0.7680084745762712 0.07366666666666667 0.11298728813559322
0 0.5121944444444444 0.7874364406779661 0.10609722222222222 0.0847457627118644
0 0.48208333333333336 0.7009110169491525 0.07443055555555556 0.10239406779661017
0 0.5891388888888889 0.7450635593220339 0.058680555555555555 0.13065677966101696
0 0.5376388888888889 0.7035593220338983 0.05358333333333333 0.07944915254237288
0 0.6585694444444444 0.7574152542372882 0.04019444444444445 0.10239406779661017
0 0.7233750000000001 0.761822033898305 0.058722222222222224 0.09004237288135593
0 0.6192222222222222 0.6611864406779661 0.07554166666666667 0.1076906779661017
0 0.7719722222222223 0.5411440677966102 0.04772222222222222 0.07591101694915253
0 0.8715 0.7459322033898305 0.028694444444444446 0.05120762711864407
0 0.7835416666666666 0.8077330508474576 0.05466666666666667 0.04766949152542373
0 0.6805416666666667 0.8342161016949152 0.07552777777777778 0.037076271186440676