0 0.2845138888888889 0.12159362549800797 0.11238888888888889 0.14193227091633467
0 0.1641527777777778 0.542410358565737 0.05448611111111111 0.13695219123505975
0 0.3024444444444444 0.6777091633466135 0.07420833333333333 0.1850996015936255
0 0.42683333333333334 0.8229681274900398 0.036055555555555556 0.1303187250996016
0 0.48644444444444446 0.7607171314741036 0.07195833333333333 0.1352988047808765
0 0.44419444444444445 0.4610756972111554 0.08698611111111111 0.15023904382470119
0 0.6623472222222222 0.3498605577689243 0.0974861111111111 0.18675298804780877
0 0.8220138888888889 0.254402390438247 0.08130555555555555 0.16185258964143426
0 0.6756388888888889 0.5781075697211155 0.0662361111111111 0.14193227091633467
0 0.6993611111111111 0.7233466135458168 0.04656944444444445 0.1004382470119522
0 0.7601111111111111 0.5299601593625498 0.06394444444444444 0.16185258964143426
0 0.7751666666666667 0.7117330677290837 0.057013888888888885 0.17679282868525897
0 0.828388888888889 0.5000796812749004 0.06165277777777778 0.15189243027888447
0 0.866 0.663605577689243 0.046625 0.10707171314741036
0 0.9041944444444444 0.3988247011952191 0.07209722222222222 0.14193227091633467
0 0.9175 0.5158565737051792 0.059375 0.09378486055776893