0 0.658875 0.05555555555555555 0.13877083333333334 0.0763888888888889
0 0.783875 0.10069444444444445 0.11122916666666667 0.10069444444444445
0 0.9244583333333334 0.08594444444444445 0.13347916666666665 0.0954861111111111
0 0.5000416666666667 0.029513888888888888 0.22735416666666666 0.059027777777777776
0 0.2605 0.046013888888888896 0.2378333333333333 0.0920138888888889
0 0.11343750000000001 0.13281944444444443 0.18131250000000002 0.1753472222222222
0 0.07045833333333333 0.27518055555555554 0.12662500000000002 0.1545138888888889
0 0.43235416666666665 0.15625 0.196125 0.09722222222222222
0 0.6250625 0.1527777777777778 0.12679166666666666 0.11805555555555555
0 0.5430208333333333 0.250875 0.17264583333333333 0.07465277777777778
0 0.5625833333333333 0.34375 0.28820833333333334 0.1527777777777778
0 0.40502083333333333 0.41754166666666664 0.18833333333333335 0.11284722222222222
0 0.35425 0.5720555555555555 0.076375 0.043402777777777776
0 0.42066666666666663 0.500875 0.2438958333333333 0.06770833333333333
0 0.5781666666666666 0.4548611111111111 0.13358333333333333 0.09375
0 0.7109791666666666 0.49566666666666664 0.12683333333333333 0.13020833333333334
0 0.7513124999999999 0.40625 0.14654166666666668 0.1111111111111111
0 0.708375 0.6154583333333333 0.10600000000000001 0.1371527777777778
0 0.783875 0.7777777777777778 0.13727083333333334 0.1701388888888889
0 0.8060208333333333 0.6388888888888888 0.17633333333333334 0.09722222222222222
0 0.22666666666666666 0.7144166666666667 0.18056250000000001 0.08854166666666667
0 0.3047708333333333 0.6354166666666666 0.14929166666666666 0.08680555555555555
0 0.22535416666666666 0.7786527777777777 0.15714583333333335 0.109375
0 0.14204166666666668 0.90625 0.15195833333333333 0.09375
0 0.11991666666666667 0.9713611111111111 0.1701875 0.057291666666666664
0 0.11470833333333334 0.7300416666666667 0.11291666666666668 0.08506944444444445
0 0.12120833333333333 0.5928888888888889 0.162375 0.13020833333333334
0 0.9132291666666668 0.18143055555555554 0.17352083333333335 0.08854166666666667
0 0.116 0.8046944444444445 0.13635416666666667 0.08506944444444445
0 0.9127500000000001 0.9513888888888888 0.099625 0.06597222222222222
0 0.08866666666666667 0.5364583333333334 0.09208333333333334 0.11458333333333333