0 0.41550000000000004 0.09322033898305085 0.12805555555555556 0.17796610169491525
0 0.30743055555555554 0.3008474576271186 0.16848611111111111 0.2126271186440678
0 0.7525416666666668 0.26002118644067795 0.4940555555555556 0.1032415254237288
0 0.5558611111111111 0.39252118644067796 0.29768055555555556 0.15254237288135594
0 0.8784166666666667 0.4872881355932203 0.23825 0.12326271186440678
0 0.5912222222222222 0.6182627118644067 0.19668055555555558 0.12635593220338984
0 0.3993333333333333 0.6951059322033898 0.15634722222222222 0.25307203389830507
0 0.5629444444444445 0.7871822033898306 0.11993055555555555 0.19838983050847459
0 0.9535138888888889 0.7490466101694916 0.09297222222222222 0.14523305084745763
0 0.8376527777777778 0.7291949152542373 0.11581944444444445 0.13252118644067795
0 0.7810972222222222 0.9285381355932203 0.14208333333333334 0.11902542372881356