0 0.14450000000000002 0.6546960167714885 0.15169444444444444 0.22448637316561845
0 0.3302222222222222 0.6241299790356394 0.106625 0.159853249475891
0 0.5159583333333333 0.6284905660377359 0.13793055555555556 0.18955974842767295
0 0.7155694444444445 0.7036268343815514 0.08129166666666666 0.11966457023060796
0 0.48123611111111114 0.31054507337526205 0.11709722222222223 0.2279874213836478
0 0.46619444444444447 0.12884696016771488 0.11938888888888888 0.1650943396226415
0 0.8087222222222222 0.12184486373165618 0.11255555555555556 0.1441299790356394
0 0.9383333333333334 0.2816981132075472 0.10104166666666667 0.15635220125786164
0 0.9082500000000001 0.47213836477987425 0.11491666666666665 0.16683438155136268
0 0.9641527777777779 0.6870230607966457 0.07169444444444444 0.17383647798742138
0 0.23302777777777778 0.9104612159329141 0.10429166666666667 0.17907756813417192