0 0.35654166666666665 0.6018962075848303 0.058138888888888886 0.08892215568862274
0 0.2599722222222222 0.6907984031936127 0.059430555555555556 0.07075848303393215
0 0.16162500000000002 0.6116766467065868 0.042041666666666665 0.08672654690618763
0 0.20783333333333331 0.5775648702594811 0.04859722222222222 0.09109780439121756
0 0.19091666666666668 0.7093013972055888 0.07031944444444445 0.08600798403193613
0 0.22209722222222222 0.799121756487026 0.07459722222222222 0.06604790419161677
0 0.33370833333333333 0.6871656686626746 0.05572222222222222 0.06714570858283433
0 0.2640138888888889 0.5447305389221557 0.02711111111111111 0.04355289421157685
0 0.28661111111111115 0.613872255489022 0.06472222222222222 0.062055888223552895
0 0.12679166666666666 0.4911976047904192 0.05316666666666667 0.06351297405189621
0 0.2141388888888889 0.44383233532934135 0.08645833333333333 0.11758483033932135
0 0.5925 0.60061876247505 0.042666666666666665 0.0537125748502994
0 0.6256944444444444 0.6619560878243512 0.06108333333333333 0.0529940119760479
0 0.6936111111111111 0.6633932135728543 0.06055555555555556 0.08493013972055888
0 0.6985277777777777 0.7416167664670659 0.08909722222222223 0.05624750499001996
0 0.8175833333333333 0.6673852295409182 0.07112500000000001 0.11467065868263474
0 0.7582500000000001 0.6180439121756487 0.05851388888888889 0.14660678642714572
0 0.8424583333333334 0.5599800399201597 0.04763888888888888 0.08854291417165669
0 0.7823611111111111 0.5380239520958084 0.07895833333333334 0.12085828343313372
0 0.7057361111111111 0.4411177644710579 0.0545 0.0794810379241517
0 0.42269444444444443 0.5781237524950099 0.059125 0.052255489021956085