0 0.354875 0.1615677966101695 0.03913888888888889 0.06385593220338984
0 0.4455555555555556 0.1896186440677966 0.027680555555555555 0.03870762711864407
0 0.47979166666666667 0.27184322033898306 0.032749999999999994 0.04063559322033898
0 0.5508194444444444 0.3705296610169491 0.02765277777777778 0.04449152542372881
0 0.5717361111111111 0.4488771186440678 0.03651388888888889 0.05417372881355932
0 0.948388888888889 0.45372881355932204 0.018625 0.04063559322033898
0 0.7549861111111111 0.2882838983050847 0.0225 0.03483050847457628
0 0.8139583333333332 0.39375 0.026277777777777782 0.05224576271186441
0 0.7086944444444444 0.4198728813559322 0.036458333333333336 0.0464406779661017
0 0.77275 0.4150211864406779 0.030097222222222223 0.048368644067796604
0 0.6490972222222222 0.464364406779661 0.03902777777777778 0.03870762711864407
0 0.6078888888888889 0.4740466101694915 0.025083333333333332 0.0464406779661017
0 0.4633055555555555 0.6443008474576272 0.030208333333333334 0.061906779661016945
0 0.4988194444444444 0.596906779661017 0.035277777777777776 0.10254237288135593
0 0.6497361111111111 0.6085169491525424 0.025069444444444446 0.048368644067796604
0 0.5679305555555556 0.6065677966101695 0.03651388888888889 0.08707627118644068
0 0.10631944444444444 0.6520550847457627 0.03161111111111111 0.05417372881355932
0 0.1088611111111111 0.7226694915254238 0.036694444444444446 0.05997881355932203
0 0.5907638888888889 0.7816737288135593 0.05426388888888889 0.050296610169491524
0 0.5115138888888889 0.34052966101694915 0.03320833333333333 0.0464406779661017
0 0.2505277777777778 0.4022245762711864 0.027722222222222224 0.04383474576271187
0 0.37006944444444445 0.11805084745762712 0.02026388888888889 0.02402542372881356
0 0.5072083333333334 0.680021186440678 0.03688888888888889 0.03957627118644068
0 0.5359444444444444 0.7867584745762712 0.025763888888888888 0.0636228813559322
0 0.6420416666666666 0.7945550847457626 0.0285 0.033940677966101694
0 0.49425 0.7097245762711865 0.03166666666666667 0.04523305084745763
0 0.7680555555555556 0.4580720338983051 0.03958333333333333 0.03675847457627119
0 0.44837499999999997 0.3633474576271186 0.04155555555555556 0.03675847457627119
0 0.3121527777777778 0.4191949152542373 0.034194444444444444 0.046652542372881356
0 0.4228888888888889 0.10885593220338984 0.02766666666666667 0.033940677966101694
0 0.43863888888888886 0.14985169491525424 0.02609722222222222 0.033940677966101694