0 0.47224999999999995 0.5618855932203389 0.07790277777777778 0.12447033898305085
0 0.5474861111111111 0.6227966101694915 0.08644444444444445 0.11741525423728814
0 0.6082361111111111 0.5963135593220339 0.05522222222222222 0.08915254237288135
0 0.6244305555555555 0.6969491525423729 0.04595833333333334 0.07504237288135594
0 0.559625 0.7207838983050847 0.06977777777777779 0.0997457627118644
0 0.3808333333333333 0.6386864406779661 0.09181944444444444 0.10152542372881357
0 0.2975277777777778 0.7508050847457627 0.10487500000000001 0.10858050847457627
0 0.5359027777777778 0.8267161016949152 0.05404166666666666 0.11917372881355932
0 0.43752777777777774 0.8284745762711865 0.08948611111111113 0.0785593220338983
0 0.21766666666666667 0.949322033898305 0.082625 0.10133474576271186
0 0.29520833333333335 0.8708474576271187 0.08866666666666667 0.10504237288135593
0 0.17194444444444443 0.829364406779661 0.1 0.13330508474576272
0 0.17426388888888888 0.6227966101694915 0.104625 0.13682203389830508
0 0.2182638888888889 0.5583474576271187 0.11756944444444445 0.13682203389830508
0 0.050444444444444445 0.7375423728813559 0.08615277777777777 0.17919491525423728
0 0.05277777777777778 0.8496610169491526 0.08511111111111111 0.18627118644067797
0 0.11063888888888888 0.8779025423728813 0.059680555555555556 0.16154661016949154
0 0.14244444444444446 0.4965677966101695 0.09190277777777778 0.11741525423728814
0 0.19395833333333334 0.42063559322033894 0.11525 0.10858050847457627
0 0.27843055555555557 0.45330508474576275 0.08519444444444445 0.0997457627118644
0 0.33916666666666667 0.34029661016949153 0.10109722222222223 0.13330508474576272
0 0.0978888888888889 0.30146186440677963 0.09770833333333333 0.10858050847457627
0 0.079375 0.38620762711864404 0.13011111111111112 0.1403601694915254
0 0.05102777777777778 0.5177542372881356 0.04461111111111111 0.1721398305084746
0 0.08344444444444445 0.6183898305084745 0.10016666666666667 0.12622881355932203
0 0.02651388888888889 0.27322033898305087 0.05302777777777778 0.11211864406779662
0 0.08227777777777778 0.1866949152542373 0.09091666666666666 0.08915254237288135
0 0.1262638888888889 0.08078389830508476 0.0932361111111111 0.0997457627118644
0 0.03251388888888889 0.04766949152542373 0.05618055555555556 0.09533898305084745
0 0.3090833333333333 0.20258474576271188 0.06176388888888889 0.08739406779661017
0 0.3970277777777778 0.12667372881355932 0.08025 0.10152542372881357
0 0.3362777777777778 0.033114406779661015 0.04670833333333334 0.06620762711864407
0 0.4034027777777778 0.2785169491525424 0.07366666666666667 0.16684322033898305
0 0.47456944444444443 0.350021186440678 0.06633333333333333 0.08915254237288135
0 0.5399583333333333 0.45860169491525427 0.06444444444444444 0.08563559322033899
0 0.6221111111111112 0.41533898305084743 0.058180555555555555 0.0926906779661017
0 0.5231666666666667 0.27322033898305087 0.064 0.10152542372881357
0 0.5388055555555555 0.21317796610169493 0.11537499999999999 0.1068220338983051
0 0.6539305555555556 0.19023305084745765 0.1009861111111111 0.10152542372881357
0 0.7760138888888889 0.11167372881355932 0.05581944444444444 0.08563559322033899
0 0.8298333333333333 0.14521186440677966 0.05413888888888888 0.10504237288135593
0 0.710625 0.390635593220339 0.12875 0.1209322033898305
0 0.7540555555555555 0.47008474576271186 0.14552777777777778 0.12976694915254236
0 0.8136249999999999 0.3923940677966102 0.07084722222222221 0.0926906779661017
0 0.877861111111111 0.3765042372881356 0.07381944444444444 0.14389830508474577
0 0.9495972222222223 0.3464830508474576 0.058069444444444444 0.13152542372881357
0 0.8807638888888889 0.5239194915254237 0.07034722222222221 0.09622881355932204
0 0.809 0.6325000000000001 0.09168055555555556 0.0997457627118644
0 0.7216250000000001 0.5636440677966102 0.12295833333333334 0.08915254237288135
0 0.7586666666666667 0.6907627118644069 0.08072222222222222 0.11211864406779662
0 0.6909583333333333 0.7234322033898305 0.06858333333333334 0.11563559322033898
0 0.5931805555555555 0.8019915254237289 0.04894444444444445 0.0715042372881356
0 0.6973472222222222 0.8373093220338983 0.08765277777777777 0.08739406779661017
0 0.7824027777777778 0.8223093220338983 0.09345833333333334 0.0926906779661017
0 0.8685972222222222 0.814364406779661 0.06504166666666666 0.1138771186440678
0 0.8720833333333333 0.7437288135593221 0.13168055555555555 0.08739406779661017
0 0.9125694444444444 0.6475211864406779 0.07659722222222222 0.08739406779661017
0 0.9721805555555556 0.8805720338983051 0.04029166666666667 0.11033898305084745
0 0.4456388888888889 0.9167584745762711 0.094125 0.06796610169491525
0 0.5255 0.9688347457627119 0.1072638888888889 0.03972457627118644
0 0.3866111111111111 0.9644279661016949 0.071 0.06444915254237288
0 0.6065 0.8929237288135593 0.061000000000000006 0.09622881355932204
0 0.47513888888888894 0.7366737288135593 0.09295833333333334 0.0997457627118644
0 0.5636666666666666 0.08254237288135594 0.07093055555555555 0.09093220338983052
0 0.24659722222222225 0.2590889830508475 0.07336111111111111 0.09798728813559322
0 0.25469444444444445 0.15139830508474575 0.08955555555555555 0.08385593220338983
0 0.9519305555555555 0.08959745762711864 0.06690277777777778 0.09622881355932204
0 0.5654027777777777 0.345614406779661 0.08597222222222221 0.07326271186440678