0 0.3269722222222222 0.13078389830508474 0.056402777777777774 0.08625000000000001
0 0.28851388888888885 0.2983050847457627 0.09070833333333334 0.03675847457627119
0 0.40018055555555554 0.38243644067796606 0.04711111111111111 0.09188559322033897
0 0.44372222222222224 0.14421610169491525 0.026708333333333334 0.04523305084745763
0 0.4089722222222222 0.23540254237288136 0.03876388888888889 0.08906779661016949
0 0.5090555555555555 0.2191313559322034 0.04613888888888889 0.04807203389830509
0 0.45252777777777775 0.03817796610169492 0.035041666666666665 0.05088983050847457
0 0.2635 0.13502118644067795 0.042722222222222224 0.06927966101694916
0 0.051305555555555556 0.44603813559322036 0.022263888888888892 0.035338983050847456
0 0.4590138888888889 0.3576906779661017 0.022069444444444444 0.033940677966101694
0 0.5456527777777778 0.34567796610169493 0.01925 0.057966101694915256
0 0.612375 0.36262711864406777 0.028958333333333336 0.0777542372881356
0 0.5762361111111111 0.33790254237288136 0.0345 0.06786016949152543
0 0.557236111111111 0.253771186440678 0.04056944444444444 0.02968220338983051
0 0.5827222222222223 0.22550847457627118 0.04519444444444444 0.026864406779661017
0 0.6295138888888889 0.17247881355932201 0.042388888888888886 0.028283898305084744
0 0.7560000000000001 0.4276694915254238 0.015472222222222222 0.02402542372881356
0 0.7240416666666666 0.3393008474576271 0.035486111111111114 0.06786016949152543
0 0.7115277777777778 0.27216101694915257 0.025277777777777777 0.055127118644067795
0 0.41083333333333333 0.5676271186440678 0.023944444444444442 0.035338983050847456
0 0.29406944444444444 0.7493008474576272 0.022125 0.025444915254237286
0 0.42241666666666666 0.6397457627118643 0.04895833333333333 0.057966101694915256
0 0.5817916666666666 0.6673093220338984 0.06001388888888889 0.18379237288135594
0 0.8287361111111112 0.28699152542372885 0.06270833333333334 0.04241525423728813
0 0.7217222222222222 0.052309322033898306 0.025291666666666667 0.059385593220338984
0 0.4122222222222222 0.059385593220338984 0.043402777777777776 0.05372881355932203
0 0.3626527777777778 0.03675847457627119 0.04461111111111111 0.06504237288135593
0 0.8932222222222223 0.39161016949152544 0.03223611111111111 0.04241525423728813
0 0.8213888888888888 0.4170550847457627 0.09805555555555555 0.059385593220338984
0 0.8927499999999999 0.5329872881355932 0.036875 0.07069915254237287
0 0.8728333333333335 0.6072245762711864 0.035958333333333335 0.06644067796610169
0 0.9358472222222222 0.7295127118644067 0.021097222222222222 0.06786016949152543
0 0.9089722222222223 0.3308262711864407 0.04520833333333333 0.03675847457627119
0 0.9256527777777778 0.11663135593220339 0.04148611111111111 0.052309322033898306
0 0.9335277777777777 0.23114406779661015 0.034999999999999996 0.04383474576271187
0 0.867736111111111 0.05442796610169492 0.025763888888888888 0.035338983050847456
0 0.8116805555555555 0.014131355932203389 0.03259722222222222 0.025444915254237286
0 0.831125 0.06927966101694916 0.026694444444444444 0.033940677966101694
0 0.9715138888888889 0.05372881355932203 0.036847222222222226 0.04807203389830509
0 0.9330555555555555 0.07069915254237287 0.03963888888888889 0.03675847457627119
0 0.7102083333333333 0.42271186440677966 0.053625 0.05654661016949153
0 0.7120555555555554 0.20004237288135593 0.02766666666666667 0.07493644067796609
0 0.6759166666666667 0.09754237288135593 0.06104166666666667 0.04241525423728813
0 0.663875 0.1385593220338983 0.044583333333333336 0.033940677966101694
0 0.7616388888888889 0.07847457627118644 0.024875 0.0636228813559322
0 0.5892916666666667 0.10885593220338984 0.03622222222222222 0.04807203389830509
0 0.6254305555555556 0.03957627118644068 0.05476388888888889 0.04241525423728813
0 0.8732916666666667 0.9026906779661017 0.02761111111111111 0.052309322033898306
0 0.9293611111111111 0.8998728813559322 0.030375000000000003 0.04383474576271187
0 0.9214722222222222 0.8482627118644067 0.025736111111111112 0.04807203389830509
0 0.9918333333333333 0.8284745762711865 0.016319444444444445 0.06220338983050847
0 0.9173055555555556 0.7804025423728814 0.028527777777777777 0.025444915254237286
0 0.8200138888888888 0.7047669491525423 0.028555555555555553 0.046652542372881356
0 0.7861944444444444 0.8341313559322033 0.03691666666666667 0.06504237288135593
0 0.7542222222222221 0.4941101694915254 0.034138888888888885 0.0636228813559322
0 0.8163055555555556 0.5421822033898305 0.030416666666666665 0.04099576271186441
0 0.8649583333333333 0.5167372881355933 0.036875 0.0636228813559322
0 0.9562361111111112 0.3442584745762712 0.02338888888888889 0.035338983050847456
0 0.9761527777777779 0.4071610169491526 0.018305555555555554 0.05372881355932203
0 0.9923055555555556 0.1753177966101695 0.01538888888888889 0.04241525423728813