0 0.1880439121756487 0.057583333333333334 0.04552894211576846 0.02025
0 0.14896207584830337 0.08419444444444445 0.03722554890219561 0.03183333333333334
0 0.19305389221556887 0.08825 0.0642315369261477 0.034138888888888885
0 0.404251497005988 0.11255555555555556 0.08205588822355289 0.04455555555555556
0 0.2263073852295409 0.10793055555555554 0.04884231536926147 0.030666666666666665
0 0.29780439121756486 0.13165277777777779 0.055469061876247505 0.03183333333333334
0 0.19303393213572853 0.14091666666666666 0.05550898203592814 0.036458333333333336
0 0.53812375249501 0.10619444444444444 0.06702594810379241 0.04802777777777777
0 0.5689021956087824 0.1432361111111111 0.0610379241516966 0.04919444444444444
0 0.5331337325349302 0.17273611111111112 0.07035928143712575 0.03993055555555555
0 0.6146307385229541 0.182 0.06271457085828344 0.04108333333333333
0 0.7010978043912176 0.182 0.06031936127744511 0.04225
0 0.43419161676646706 0.157125 0.05099800399201597 0.05381944444444445
0 0.3427145708582834 0.19994444444444445 0.07540918163672655 0.04572222222222223
0 0.42920159680638725 0.1958888888888889 0.08427145708582834 0.059611111111111115
0 0.2487425149700599 0.18663888888888888 0.07379241516966067 0.0515
0 0.237125748502994 0.24681944444444445 0.11912175648702594 0.06191666666666666
0 0.14812375249500997 0.2005138888888889 0.07880239520958084 0.06308333333333334
0 0.16808383233532934 0.1634861111111111 0.10207584830339321 0.046875
0 0.11570858283433133 0.2508611111111111 0.04590818363273453 0.03761111111111111
0 0.1739121756487026 0.2688055555555555 0.05590818363273453 0.029513888888888888
0 0.11904191616766467 0.302375 0.05588822355289421 0.04802777777777777
0 0.1730938123752495 0.3087361111111111 0.07087824351297405 0.046875
0 0.22714570858283434 0.3151111111111111 0.0625748502994012 0.05497222222222222
0 0.16477045908183632 0.38512500000000005 0.09542914171656687 0.05266666666666667
0 0.17890219560878243 0.353875 0.07047904191616768 0.04572222222222223
0 0.11652694610778444 0.3544583333333333 0.04223552894211577 0.04225
0 0.28700598802395205 0.46268055555555554 0.07590818363273454 0.046875
0 0.3385429141716567 0.4088611111111111 0.1302994011976048 0.0954861111111111
0 0.36932135728542914 0.3399861111111111 0.08205588822355289 0.06191666666666666
0 0.44748502994011974 0.271125 0.08203592814371258 0.058444444444444445
0 0.4849101796407186 0.34925 0.07930139720558882 0.07927777777777778
0 0.44333333333333336 0.3874444444444444 0.06265469061876247 0.06770833333333333
0 0.46994011976047906 0.42216666666666663 0.06598802395209581 0.04919444444444444
0 0.4741117764471058 0.4580416666666667 0.09093812375249502 0.046875
0 0.5954890219560878 0.36487499999999995 0.08864271457085827 0.06308333333333334
0 0.568063872255489 0.42158333333333337 0.14584830339321356 0.05497222222222222
0 0.5397804391217566 0.2630138888888889 0.07035928143712575 0.06308333333333334
0 0.5289620758483033 0.19356944444444446 0.0886626746506986 0.07002777777777779
0 0.5456087824351298 0.12240277777777778 0.05205588822355289 0.03877777777777778
0 0.6154690618762475 0.182 0.057724550898203594 0.050347222222222224
0 0.7385229540918163 0.2635972222222222 0.07528942115768462 0.04802777777777777
0 0.7759481037924152 0.2028333333333333 0.06275449101796407 0.059611111111111115
0 0.8566067864271457 0.2740138888888889 0.05528942115768463 0.03877777777777778
0 0.8050499001996008 0.3122083333333333 0.05445109780439122 0.05381944444444445
0 0.9231137724550899 0.3313055555555555 0.058582834331337326 0.03761111111111111
0 0.686127744510978 0.4499444444444444 0.05700598802395209 0.057291666666666664
0 0.41838323353293416 0.5332777777777777 0.0837125748502994 0.04802777777777777
0 0.12151696606786427 0.5020277777777777 0.04554890219560878 0.03877777777777778
0 0.1589620758483034 0.5500555555555556 0.05590818363273453 0.0642361111111111
0 0.0982435129740519 0.568 0.05221556886227545 0.036458333333333336
0 0.047524950099800393 0.6999444444444444 0.06584830339321358 0.03993055555555555
0 0.08908183632734532 0.6357083333333333 0.097125748502994 0.04225
0 0.3244311377245509 0.6276111111111111 0.06095808383233533 0.06655555555555556
0 0.2795209580838323 0.5818888888888889 0.06213572854291417 0.04802777777777777
0 0.2545708582834331 0.6414861111111111 0.03764471057884231 0.078125
0 0.4557884231536926 0.6339722222222222 0.10864271457085828 0.078125
0 0.5098602794411178 0.6131388888888889 0.09592814371257485 0.06770833333333333
0 0.4674451097804391 0.7300277777777778 0.08534930139720559 0.07118055555555555
0 0.551437125748503 0.7005277777777777 0.05936127744510978 0.078125
0 0.4990419161676647 0.8162638888888889 0.0886626746506986 0.07233333333333333
0 0.5032135728542915 0.8868611111111111 0.06932135728542914 0.06655555555555556
0 0.5481037924151697 0.8156805555555555 0.05704590818363273 0.0920138888888889
0 0.5398003992015968 0.8839722222222223 0.02277445109780439 0.04919444444444444
0 0.49405189620758483 0.9343194444444445 0.0886626746506986 0.021416666666666667
0 0.6445508982035928 0.5969305555555556 0.08029940119760479 0.05497222222222222
0 0.6320758483033933 0.499125 0.08528942115768462 0.06308333333333334
0 0.5497604790419162 0.5280694444444444 0.09696606786427145 0.05381944444444445
0 0.6944710578842316 0.5749444444444444 0.08602794411177644 0.06538888888888889
0 0.7385229540918163 0.5708888888888889 0.0411377245508982 0.05497222222222222
0 0.6761477045908184 0.6565416666666667 0.0703193612774451 0.07002777777777779
0 0.7243912175648702 0.6658055555555555 0.06940119760479042 0.06655555555555556
0 0.7651297405189621 0.7080416666666667 0.034491017964071856 0.04455555555555556
0 0.6886427145708582 0.7635972222222221 0.04111776447105789 0.06770833333333333
0 0.7576447105788423 0.780375 0.056986027944111776 0.0515
0 0.32858283433133734 0.7317777777777777 0.06710578842315369 0.0515
0 0.2703792415169661 0.7502916666666667 0.06592814371257485 0.08275
0 0.30279441117764466 0.8365138888888889 0.08540918163672655 0.04572222222222223
0 0.26538922155688627 0.8671805555555555 0.07588822355289422 0.059611111111111115