0 0.19568055555555552 0.094625 0.04791666666666667 0.06422916666666666
0 0.2876666666666667 0.5564166666666667 0.08606944444444445 0.109375
0 0.22923611111111114 0.6415000000000001 0.07336111111111111 0.08854166666666667
0 0.19915277777777776 0.7022499999999999 0.07105555555555555 0.078125
0 0.14244444444444446 0.8046875 0.06644444444444444 0.06770833333333333
0 0.16095833333333334 0.7699583333333333 0.08263888888888889 0.09202083333333334
0 0.09731944444444443 0.8602500000000001 0.07572222222222223 0.109375
0 0.06491666666666666 0.9496458333333333 0.0803611111111111 0.1006875
0 0.22691666666666666 0.5538124999999999 0.07104166666666667 0.09027083333333333
0 0.33975 0.43922916666666667 0.07448611111111111 0.09375
0 0.36058333333333337 0.3697916666666667 0.08836111111111111 0.11110416666666666
0 0.44505555555555554 0.15797916666666667 0.08833333333333333 0.125
0 0.42133333333333334 0.03472916666666667 0.059416666666666666 0.052083333333333336
0 0.6064861111111112 0.3020833333333333 0.050097222222222224 0.1006875
0 0.6429305555555556 0.19097916666666667 0.09288888888888888 0.09027083333333333
0 0.6880694444444445 0.13108333333333333 0.09981944444444445 0.078125
0 0.673625 0.32725000000000004 0.0818611111111111 0.12327083333333334
0 0.732625 0.26735416666666667 0.09170833333333334 0.13889583333333333
0 0.8419861111111111 0.15537499999999999 0.05529166666666667 0.15104166666666666
0 0.7893333333333334 0.43577083333333333 0.059291666666666666 0.0868125
0 0.8113333333333332 0.41058333333333336 0.1166111111111111 0.13020833333333334
0 0.8940555555555556 0.5494791666666666 0.06504166666666666 0.09547916666666666
0 0.9345694444444445 0.6041666666666666 0.06226388888888889 0.11458333333333333
0 0.9742777777777778 0.5885416666666666 0.051444444444444445 0.0868125
0 0.9764861111111112 0.7430625000000001 0.04702777777777778 0.12152083333333333
0 0.8165138888888889 0.5286458333333334 0.08126388888888889 0.08160416666666667
0 0.5937638888888889 0.3932291666666667 0.0639861111111111 0.08854166666666667
0 0.4890277777777778 0.34808333333333336 0.06980555555555555 0.057291666666666664
0 0.5289722222222223 0.40537500000000004 0.06791666666666667 0.13368750000000001
0 0.5289583333333334 0.5590208333333333 0.06169444444444445 0.07985416666666666
0 0.5839305555555556 0.5112916666666666 0.07834722222222222 0.16839583333333333
0 0.6198055555555555 0.6449583333333333 0.05522222222222222 0.13714583333333333
0 0.5584583333333333 0.6371458333333333 0.08598611111111111 0.0868125
0 0.5086944444444444 0.6814166666666667 0.04897222222222222 0.13020833333333334
0 0.4728333333333333 0.7465208333333333 0.025833333333333337 0.20139583333333333
0 0.4739861111111111 0.7881874999999999 0.058236111111111113 0.07291666666666667
0 0.43695833333333334 0.8524375000000001 0.062875 0.11458333333333333
0 0.43405555555555553 0.9427083333333334 0.07329166666666667 0.06597916666666667
0 0.2899861111111111 0.9670208333333333 0.09301388888888888 0.05902083333333333
0 0.620375 0.7821250000000001 0.06629166666666667 0.10589583333333333
0 0.6481527777777778 0.90625 0.037875 0.1875
0 0.6846111111111112 0.8506874999999999 0.06681944444444445 0.0694375
0 0.7314722222222222 0.8758750000000001 0.07030555555555555 0.12327083333333334
0 0.7991666666666666 0.859375 0.034444444444444444 0.10764583333333334
0 0.743625 0.7708333333333334 0.04656944444444445 0.0694375
0 0.5434166666666667 0.27431249999999996 0.05358333333333333 0.125
0 0.5376388888888889 0.18577083333333333 0.07441666666666666 0.09375
0 0.5503611111111111 0.09202083333333334 0.06747222222222223 0.0868125
0 0.349 0.17275000000000001 0.08605555555555555 0.08854166666666667
0 0.2801527777777778 0.2994791666666667 0.07334722222222223 0.0850625