0 0.03251388888888889 0.17360416666666667 0.05491666666666666 0.07639583333333334
0 0.11988888888888888 0.21006249999999999 0.08051388888888888 0.0868125
0 0.0654861111111111 0.2421875 0.07226388888888889 0.09202083333333334
0 0.14534722222222224 0.27691666666666664 0.08977777777777778 0.0850625
0 0.243125 0.24912499999999999 0.0779861111111111 0.09895833333333333
0 0.29868055555555556 0.33681249999999996 0.07709722222222222 0.125
0 0.56425 0.08941666666666667 0.10218055555555555 0.06422916666666666
0 0.6400555555555555 0.09635416666666667 0.06101388888888889 0.15452083333333333
0 0.3536388888888889 0.22483333333333333 0.11381944444444445 0.08160416666666667
0 0.5868194444444444 0.2569375 0.058680555555555555 0.1180625
0 0.5092777777777778 0.2265625 0.08947222222222223 0.12327083333333334
0 0.07531944444444444 0.4583333333333333 0.10581944444444444 0.09375
0 0.07359722222222223 0.5347291666666667 0.09206944444444445 0.0694375
0 0.13724999999999998 0.5338541666666666 0.07356944444444444 0.06422916666666666
0 0.15633333333333332 0.45920833333333333 0.07569444444444444 0.10589583333333333
0 0.21130555555555552 0.49827083333333333 0.07127777777777777 0.14931250000000001
0 0.29347222222222225 0.6058958333333333 0.05511111111111111 0.09027083333333333
0 0.3183333333333333 0.5737916666666667 0.09647222222222221 0.14756249999999999
0 0.3929861111111111 0.6319374999999999 0.06902777777777779 0.13541666666666666
0 0.3356944444444444 0.6901041666666666 0.08026388888888888 0.09547916666666666
0 0.37390277777777775 0.7838541666666666 0.07018055555555555 0.14756249999999999
0 0.11061111111111112 0.7413124999999999 0.11390277777777778 0.09375
0 0.1465138888888889 0.7092083333333333 0.11523611111111111 0.11285416666666667
0 0.05506944444444444 0.6892291666666667 0.08615277777777777 0.052083333333333336
0 0.02672222222222222 0.7586875000000001 0.05259722222222222 0.08333333333333333
0 0.22693055555555552 0.7291666666666666 0.060875 0.0625
0 0.2257638888888889 0.6545208333333333 0.10808333333333332 0.08333333333333333
0 0.29115277777777776 0.734375 0.06205555555555556 0.1006875
0 0.3403333333333333 0.8611041666666667 0.06322222222222222 0.13889583333333333
0 0.28594444444444445 0.9036458333333334 0.06640277777777778 0.08854166666666667
0 0.21302777777777776 0.9045208333333333 0.08725 0.07639583333333334
0 0.13954166666666667 0.9366249999999999 0.1092638888888889 0.060770833333333336
0 0.06259722222222222 0.9566041666666667 0.0803611111111111 0.05902083333333333
0 0.244875 0.9626666666666667 0.09906944444444445 0.060770833333333336
0 0.17252777777777778 0.9670208333333333 0.064125 0.052083333333333336
0 0.32819444444444446 0.9513958333333333 0.08288888888888889 0.05902083333333333
0 0.41380555555555554 0.9288124999999999 0.07213888888888889 0.07985416666666666
0 0.4971388888888889 0.9270833333333334 0.07369444444444445 0.07985416666666666
0 0.5584583333333333 0.9019166666666667 0.07672222222222222 0.09202083333333334
0 0.6203888888888889 0.9045208333333333 0.07026388888888889 0.0868125
0 0.6840138888888889 0.8871458333333333 0.06858333333333334 0.1006875
0 0.734375 0.8611041666666667 0.06220833333333333 0.1006875
0 0.8009027777777777 0.8316041666666667 0.09400000000000001 0.07639583333333334
0 0.9010138888888889 0.7855833333333333 0.048374999999999994 0.09547916666666666
0 0.8234583333333333 0.7508750000000001 0.0766388888888889 0.13020833333333334
0 0.762125 0.7005208333333334 0.08359722222222223 0.13368750000000001
0 0.6730277777777778 0.6423541666666667 0.07205555555555555 0.09722916666666667
0 0.6065 0.6822916666666666 0.08645833333333333 0.13889583333333333
0 0.5260555555555555 0.6510416666666666 0.1045 0.10416666666666667
0 0.5330138888888889 0.7569374999999999 0.036680555555555557 0.09722916666666667
0 0.4288611111111111 0.7196250000000001 0.06209722222222222 0.11285416666666667
0 0.6475694444444444 0.8177083333333334 0.06280555555555556 0.07985416666666666
0 0.6961666666666667 0.7751666666666667 0.08593055555555555 0.109375
0 0.8344583333333333 0.22308333333333333 0.05695833333333333 0.09202083333333334
0 0.8697638888888889 0.2708333333333333 0.059930555555555556 0.0868125
0 0.7106388888888889 0.23349999999999999 0.05468055555555555 0.09202083333333334
0 0.8124722222222223 0.42620833333333336 0.08243055555555556 0.08854166666666667
0 0.8518194444444444 0.5842083333333333 0.07315277777777777 0.140625
0 0.9038888888888889 0.44879166666666664 0.06619444444444444 0.08160416666666667
0 0.6487222222222222 0.38975000000000004 0.08131944444444444 0.07464583333333333
0 0.45141666666666663 0.328125 0.08948611111111113 0.10416666666666667
0 0.3953055555555556 0.40191666666666664 0.09448611111111112 0.15104166666666666