0 0.3403333333333333 0.2145127118644068 0.05944444444444444 0.12887711864406778
0 0.38431944444444444 0.25334745762711863 0.058611111111111114 0.0865042372881356
0 0.4207638888888889 0.3116101694915254 0.05052777777777778 0.07944915254237288
0 0.45084722222222223 0.22069915254237288 0.06981944444444445 0.1059322033898305
0 0.28883333333333333 0.21627118644067797 0.11615277777777777 0.07944915254237288
0 0.1910416666666667 0.3416313559322034 0.08726388888888889 0.07944915254237288
0 0.13434722222222223 0.3557627118644068 0.05025 0.10063559322033898
0 0.2060972222222222 0.4802330508474576 0.06086111111111111 0.08828389830508475
0 0.3015555555555556 0.4625635593220339 0.08144444444444444 0.10947033898305085
0 0.3009861111111111 0.3116101694915254 0.06176388888888889 0.06531779661016948
0 0.36233333333333334 0.3504661016949152 0.07480555555555556 0.1076906779661017
0 0.4005138888888889 0.4546186440677966 0.051680555555555556 0.09709745762711865
0 0.46530555555555553 0.4466737288135593 0.052458333333333336 0.0776906779661017
0 0.5058194444444445 0.4528601694915254 0.04476388888888889 0.13595338983050848
0 0.46415277777777775 0.3690042372881356 0.04781944444444444 0.06709745762711865
0 0.32355555555555554 0.14741525423728813 0.04440277777777778 0.05826271186440678
0 0.10136111111111111 0.4095974576271187 0.06298611111111112 0.09533898305084745
0 0.07186111111111111 0.4961228813559322 0.06545833333333334 0.1271186440677966
0 0.06433333333333334 0.599406779661017 0.07456944444444444 0.03353813559322034
0 0.26222222222222225 0.650593220338983 0.060625 0.09358050847457627
0 0.38952777777777775 0.5879237288135594 0.06902777777777779 0.10239406779661017
0 0.49250000000000005 0.569385593220339 0.058236111111111113 0.06885593220338983
0 0.449125 0.6726694915254238 0.07483333333333334 0.0635593220338983
0 0.3322222222222222 0.6779661016949152 0.05480555555555556 0.0776906779661017
0 0.3409027777777778 0.635593220338983 0.058277777777777776 0.0847457627118644
0 0.458375 0.7891949152542372 0.0355 0.1059322033898305
0 0.26337499999999997 0.7406355932203389 0.05830555555555555 0.06531779661016948
0 0.32125000000000004 0.7485805084745762 0.057430555555555554 0.07061440677966101
0 0.211875 0.6638347457627118 0.08494444444444443 0.07061440677966101
0 0.141875 0.7521186440677966 0.062 0.1200635593220339
0 0.18179166666666666 0.881885593220339 0.05718055555555556 0.07239406779661017
0 0.29288888888888887 0.9339618644067796 0.05713888888888889 0.08120762711864406
0 0.27668055555555554 0.8589406779661017 0.07334722222222223 0.09004237288135593
0 0.243125 0.9542796610169492 0.059472222222222225 0.07591101694915253
0 0.3495972222222222 0.9525 0.06091666666666667 0.06531779661016948
0 0.3709861111111111 0.907478813559322 0.08604166666666667 0.10239406779661017
0 0.3906666666666666 0.8245127118644068 0.05363888888888889 0.07415254237288135
0 0.40918055555555555 0.7168008474576271 0.06983333333333333 0.0635593220338983
0 0.3825694444444444 0.7609533898305085 0.05826388888888889 0.0776906779661017
0 0.5144861111111111 0.6717796610169491 0.03276388888888889 0.0865042372881356
0 0.5029305555555555 0.8024364406779662 0.041291666666666664 0.17124999999999999
0 0.467625 0.8889406779661017 0.020055555555555556 0.05826271186440678
0 0.5069722222222222 0.9475635593220338 0.040138888888888884 0.1048728813559322
0 0.46704166666666663 0.9740466101694916 0.02352777777777778 0.05190677966101695
0 0.20725 0.7609533898305085 0.036333333333333336 0.0635593220338983
0 0.7008055555555556 0.14125000000000001 0.051222222222222225 0.0847457627118644
0 0.8159444444444445 0.1483050847457627 0.04076388888888889 0.0565042372881356
0 0.6614583333333334 0.22599576271186442 0.079 0.060021186440677964
0 0.6238611111111111 0.2904237288135593 0.10498611111111111 0.09004237288135593
0 0.6973333333333334 0.3107415254237288 0.06913888888888889 0.08120762711864406
0 0.6747638888888888 0.3787076271186441 0.07784722222222222 0.06180084745762712
0 0.729736111111111 0.3990042372881356 0.05294444444444444 0.15184322033898306
0 0.7679166666666666 0.3469279661016949 0.06738888888888889 0.13947033898305083
0 0.6307916666666666 0.4387288135593221 0.0917361111111111 0.07239406779661017
0 0.5897222222222223 0.4934745762711864 0.07604166666666666 0.0865042372881356
0 0.64525 0.64 0.074375 0.10417372881355932
0 0.7175972222222222 0.6832627118644068 0.07955555555555556 0.13417372881355932
0 0.792236111111111 0.7203389830508474 0.09230555555555554 0.13771186440677965
0 0.8257777777777777 0.6514830508474576 0.08588888888888889 0.10239406779661017
0 0.8900138888888888 0.7247457627118644 0.08887500000000001 0.13241525423728814
0 0.8986805555555555 0.6170550847457628 0.07891666666666666 0.10063559322033898
0 0.8894305555555555 0.509364406779661 0.05809722222222222 0.06531779661016948
0 0.8315694444444445 0.24453389830508476 0.08126388888888889 0.12182203389830508
0 0.8460416666666666 0.3142584745762712 0.07033333333333333 0.0988771186440678
0 0.7765972222222222 0.2348093220338983 0.07780555555555556 0.09180084745762712
0 0.773125 0.17919491525423728 0.03615277777777778 0.09004237288135593
0 0.909111111111111 0.24540254237288137 0.05994444444444444 0.11298728813559322
0 0.9241388888888888 0.3539830508474577 0.06040277777777778 0.06531779661016948
0 0.930513888888889 0.4166737288135593 0.05648611111111111 0.08828389830508475
0 0.8720694444444445 0.4193220338983051 0.05809722222222222 0.07591101694915253
0 0.9692777777777778 0.5226059322033898 0.05070833333333333 0.09533898305084745
0 0.9874861111111112 0.4016525423728814 0.025041666666666667 0.05826271186440678
0 0.9235694444444444 0.8589406779661017 0.03333333333333333 0.12536016949152542
0 0.8790138888888889 0.8545127118644067 0.04884722222222222 0.08120762711864406
0 0.9334166666666666 0.9410381355932204 0.050694444444444445 0.0847457627118644
0 0.883638888888889 0.9507415254237288 0.04652777777777778 0.06885593220338983
0 0.7916388888888889 0.8704025423728813 0.07086111111111111 0.11652542372881355
0 0.776611111111111 0.9613347457627118 0.042541666666666665 0.06531779661016948
0 0.6840277777777778 0.8448093220338984 0.061638888888888896 0.09004237288135593
0 0.60475 0.7697669491525423 0.05356944444444445 0.10239406779661017
0 0.5758333333333334 0.903072033898305 0.050583333333333334 0.10063559322033898
0 0.6724444444444445 0.9604449152542373 0.057013888888888885 0.0776906779661017
0 0.5740833333333333 0.6541313559322034 0.0547361111111111 0.09709745762711865
0 0.649888888888889 0.16330508474576272 0.06974999999999999 0.0865042372881356
0 0.6007083333333333 0.21540254237288137 0.04083333333333333 0.04591101694915255
0 0.5897083333333333 0.3795974576271186 0.05356944444444445 0.11298728813559322
0 0.2951944444444444 0.5782203389830509 0.043250000000000004 0.03353813559322034
0 0.8367777777777778 0.4722881355932203 0.052333333333333336 0.0865042372881356