0 0.15287499999999998 0.5864583333333333 0.11193055555555556 0.17291666666666666
0 0.2605 0.59375 0.10501388888888889 0.2
0 0.35423611111111114 0.615625 0.08977777777777778 0.21875
0 0.4410277777777778 0.6322916666666667 0.1078611111111111 0.22708333333333333
0 0.5403194444444444 0.65 0.10372222222222223 0.25416666666666665
0 0.6285 0.6375 0.08847222222222223 0.2875
0 0.7034861111111111 0.6229166666666667 0.11072222222222222 0.2916666666666667
0 0.8097083333333334 0.6364583333333333 0.11215277777777778 0.28125
0 0.8992777777777778 0.6760416666666667 0.08023611111111112 0.17708333333333334
0 0.9569027777777778 0.659375 0.07608333333333334 0.18958333333333333
0 0.5174027777777778 0.8052083333333333 0.1078888888888889 0.09791666666666667
0 0.8819166666666667 0.44375 0.07606944444444445 0.16666666666666666
0 0.03705555555555556 0.39166666666666666 0.074125 0.15416666666666667
0 0.06205555555555556 0.31145833333333334 0.12412500000000001 0.12708333333333333
0 0.15565277777777778 0.30833333333333335 0.06748611111111112 0.1125
0 0.11608333333333333 0.434375 0.08552777777777777 0.11041666666666666
0 0.1889861111111111 0.42291666666666666 0.06194444444444445 0.10416666666666667
0 0.2584166666666667 0.4270833333333333 0.07308333333333333 0.10833333333333334
0 0.3361805555555556 0.4354166666666667 0.08698611111111111 0.125
0 0.42158333333333337 0.43333333333333335 0.110625 0.1375
0 0.514625 0.4354166666666667 0.069 0.125
0 0.6014166666666666 0.4114583333333333 0.08152777777777778 0.12708333333333333
0 0.25701388888888893 0.32395833333333335 0.10188888888888889 0.12291666666666666
0 0.34729166666666667 0.33958333333333335 0.087 0.0875
0 0.4465833333333334 0.3572916666666667 0.08841666666666666 0.06458333333333334
0 0.5222638888888889 0.346875 0.06483333333333333 0.06458333333333334
0 0.6659861111111111 0.390625 0.09959722222222221 0.13958333333333334
0 0.10775 0.19479166666666667 0.08830555555555555 0.08958333333333333
0 0.14454166666666665 0.146875 0.11191666666666666 0.09375
0 0.24938888888888888 0.16770833333333332 0.08279166666666667 0.12708333333333333
0 0.32298611111111114 0.16770833333333332 0.06893055555555556 0.13125
0 0.1952222222222222 0.21458333333333332 0.07552777777777778 0.058333333333333334
0 0.30147222222222225 0.25416666666666665 0.14252777777777778 0.0875
0 0.42575 0.259375 0.10229166666666667 0.09791666666666667
0 0.5160138888888889 0.2604166666666667 0.08566666666666667 0.09583333333333334
0 0.5896111111111111 0.24895833333333334 0.0801388888888889 0.11875
0 0.6652916666666666 0.2520833333333333 0.06211111111111111 0.075
0 0.5778055555555556 0.16458333333333333 0.11484722222222223 0.05416666666666667
0 0.3861805555555556 0.03333333333333333 0.10088888888888889 0.06666666666666667
0 0.4965694444444444 0.06354166666666666 0.107875 0.12291666666666666
0 0.5896111111111111 0.057291666666666664 0.07458333333333333 0.11458333333333333
0 0.6777916666666667 0.05416666666666667 0.08711111111111111 0.10833333333333334
0 0.7395833333333334 0.026041666666666668 0.04408333333333333 0.052083333333333336