0 0.08284722222222222 0.08298728813559322 0.07456944444444444 0.08828389830508475
0 0.19798611111111114 0.09444915254237288 0.05948611111111111 0.08298728813559322
0 0.023041666666666665 0.21891949152542373 0.04608333333333333 0.1271186440677966
0 0.07418055555555556 0.20745762711864407 0.06081944444444444 0.13241525423728814
0 0.11756944444444445 0.18362288135593222 0.04116666666666667 0.11298728813559322
0 0.17427777777777778 0.17389830508474577 0.08052777777777777 0.09709745762711865
0 0.2431388888888889 0.18008474576271186 0.049305555555555554 0.09533898305084745
0 0.25931944444444444 0.1068220338983051 0.05483333333333333 0.07591101694915253
0 0.3166111111111111 0.0926906779661017 0.059750000000000004 0.07944915254237288
0 0.3629027777777778 0.06091101694915254 0.04819444444444445 0.07944915254237288
0 0.4063055555555556 0.06266949152542373 0.05630555555555555 0.11828389830508475
0 0.4358055555555555 0.17302966101694917 0.05747222222222222 0.12358050847457627
0 0.4323333333333333 0.3125 0.043583333333333335 0.0847457627118644
0 0.5040833333333333 0.3036652542372882 0.07831944444444444 0.09180084745762712
0 0.5139305555555556 0.1906779661016949 0.09568055555555556 0.13417372881355932
0 0.3559444444444444 0.3601694915254237 0.06058333333333333 0.08120762711864406
0 0.3067638888888889 0.2930720338983051 0.06638888888888889 0.10239406779661017
0 0.17426388888888888 0.2683686440677966 0.08611111111111111 0.07415254237288135
0 0.23908333333333331 0.2763135593220339 0.059722222222222225 0.11122881355932203
0 0.11987500000000001 0.2922033898305085 0.04215277777777778 0.0865042372881356
0 0.07880555555555556 0.3442796610169492 0.06081944444444444 0.13065677966101696
0 0.02672222222222222 0.3557627118644068 0.04565277777777777 0.12536016949152542
0 0.14881944444444445 0.3884110169491526 0.07358333333333333 0.09533898305084745
0 0.1870138888888889 0.3698728813559322 0.05738888888888889 0.10063559322033898
0 0.26165277777777773 0.4016525423728814 0.08634722222222223 0.13595338983050848
0 0.3270277777777778 0.4219703389830508 0.050499999999999996 0.11298728813559322
0 0.070125 0.4422669491525424 0.043458333333333335 0.09358050847457627
0 0.022208333333333333 0.4925847457627119 0.04440277777777778 0.13065677966101696
0 0.09963888888888889 0.519957627118644 0.09554166666666668 0.05472457627118644
0 0.14419444444444443 0.4855296610169491 0.08745833333333333 0.10239406779661017
0 0.21883333333333332 0.4855296610169491 0.07706944444444444 0.13065677966101696
0 0.2836388888888889 0.5526059322033898 0.06320833333333332 0.14125000000000001
0 0.20205555555555554 0.6117584745762712 0.07822222222222222 0.13595338983050848
0 0.13493055555555555 0.6011652542372882 0.051402777777777776 0.10063559322033898
0 0.058541666666666665 0.7406355932203389 0.04911111111111111 0.07944915254237288
0 0.05161111111111111 0.8183262711864406 0.08743055555555555 0.12887711864406778
0 0.0811111111111111 0.6002754237288135 0.07572222222222223 0.08120762711864406
0 0.01551388888888889 0.6329449152542372 0.03104166666666667 0.16065677966101694
0 0.08633333333333333 0.6894491525423729 0.07355555555555555 0.08298728813559322
0 0.16155555555555554 0.7220974576271186 0.07590277777777778 0.11652542372881355
0 0.13551388888888888 0.8183262711864406 0.07009722222222223 0.09358050847457627
0 0.21130555555555552 0.8404025423728814 0.0921111111111111 0.1271186440677966
0 0.24661111111111111 0.7521186440677966 0.09097222222222222 0.11652542372881355
0 0.28652777777777777 0.6965042372881356 0.06668055555555555 0.11828389830508475
0 0.3478611111111111 0.64 0.057444444444444444 0.06885593220338983
0 0.4242361111111111 0.5658474576271186 0.06209722222222222 0.10417372881355932
0 0.4033888888888889 0.4405084745762712 0.07445833333333333 0.06180084745762712
0 0.4728333333333333 0.5190677966101694 0.06443055555555556 0.09533898305084745
0 0.28304166666666664 0.8483474576271187 0.06293055555555556 0.07944915254237288
0 0.34844444444444445 0.9172033898305085 0.08175 0.09709745762711865
0 0.4335 0.9401483050847458 0.06209722222222222 0.06885593220338983
0 0.4815138888888889 0.9436864406779661 0.04938888888888889 0.07944915254237288
0 0.5590555555555555 0.9678601694915254 0.0795 0.06425847457627118
0 0.7106527777777778 0.9383898305084746 0.091125 0.07591101694915253
0 0.8026388888888889 0.9657415254237288 0.04833333333333333 0.04942796610169491
0 0.8715 0.9436864406779661 0.05645833333333333 0.08298728813559322
0 0.9212638888888888 0.8995338983050847 0.04954166666666667 0.09004237288135593
0 0.9530833333333334 0.8704025423728813 0.041444444444444443 0.0565042372881356
0 0.8813194444444444 0.8041949152542373 0.09744444444444444 0.06885593220338983
0 0.7702361111111112 0.7688983050847458 0.06508333333333333 0.0865042372881356
0 0.7835416666666666 0.862457627118644 0.07318055555555555 0.07944915254237288
0 0.8489305555555556 0.856292372881356 0.076125 0.09180084745762712
0 0.893486111111111 0.8598093220338983 0.042583333333333334 0.0776906779661017
0 0.8234722222222222 0.9242584745762712 0.058125 0.06885593220338983
0 0.7754444444444445 0.9304449152542373 0.05234722222222222 0.07415254237288135
0 0.6932777777777778 0.7265254237288136 0.05469444444444445 0.1076906779661017
0 0.8252083333333333 0.7750635593220339 0.05644444444444444 0.08828389830508475
0 0.7054305555555556 0.644427966101695 0.06509722222222222 0.0847457627118644
0 0.7870138888888889 0.5164194915254238 0.07318055555555555 0.07239406779661017
0 0.7476805555555556 0.5684957627118644 0.07956944444444444 0.09533898305084745
0 0.8142083333333333 0.4528601694915254 0.07201388888888889 0.07944915254237288
0 0.8581944444444444 0.4069491525423729 0.07381944444444444 0.10063559322033898
0 0.88075 0.3336864406779661 0.05694444444444444 0.0847457627118644
0 0.9594305555555555 0.3539830508474577 0.07775 0.11828389830508475
0 0.9484444444444444 0.2559957627118644 0.034930555555555555 0.04942796610169491
0 0.9200972222222222 0.16243644067796612 0.05230555555555555 0.0635593220338983
0 0.8032083333333333 0.18978813559322033 0.07779166666666666 0.09709745762711865
0 0.6603055555555556 0.16595338983050847 0.03965277777777778 0.04942796610169491
0 0.6990694444444444 0.20567796610169492 0.07029166666666667 0.09709745762711865
0 0.7679305555555556 0.3319279661016949 0.05526388888888889 0.0635593220338983
0 0.6145833333333334 0.18713983050847458 0.05934722222222222 0.08828389830508475
0 0.3825694444444444 0.23834745762711865 0.06058333333333333 0.03883474576271186
0 0.3819861111111111 0.16243644067796612 0.04554166666666667 0.09180084745762712
0 0.6041805555555555 0.3972457627118644 0.04777777777777777 0.0847457627118644
0 0.7118055555555556 0.3928389830508474 0.06566666666666666 0.12887711864406778
0 0.6591388888888888 0.4140254237288135 0.048916666666666664 0.08298728813559322
0 0.3889305555555555 0.7988983050847457 0.071 0.06531779661016948
0 0.5202916666666667 0.8633474576271186 0.06906944444444443 0.09180084745762712
0 0.4479444444444444 0.7653601694915254 0.059402777777777784 0.08298728813559322
0 0.4450694444444444 0.8298093220338983 0.080625 0.09180084745762712
0 0.43290277777777775 0.7026906779661017 0.052458333333333336 0.06709745762711865
0 0.4983055555555555 0.6903177966101695 0.06443055555555556 0.09180084745762712
0 0.3877777777777778 0.7485805084745762 0.050166666666666665 0.0423728813559322
0 0.5225972222222222 0.7733050847457628 0.06444444444444444 0.08828389830508475
0 0.5434166666666667 0.6894491525423729 0.06515277777777777 0.1076906779661017
0 0.590875 0.770656779661017 0.06909722222222223 0.08298728813559322
0 0.60475 0.6876694915254237 0.05356944444444445 0.11828389830508475
0 0.6128472222222222 0.6108686440677966 0.055874999999999994 0.06709745762711865
0 0.6464166666666666 0.5570338983050848 0.06048611111111111 0.07944915254237288
0 0.6926944444444445 0.5058262711864406 0.09056944444444444 0.07239406779661017
0 0.6932916666666666 0.569385593220339 0.05408333333333333 0.08298728813559322
0 0.6481527777777778 0.700042372881356 0.030930555555555555 0.1924364406779661
0 0.5532638888888889 0.5826271186440678 0.04548611111111111 0.04591101694915255
0 0.6348472222222222 0.9216101694915254 0.057541666666666665 0.0847457627118644
0 0.9391805555555556 0.5640889830508474 0.06733333333333333 0.0865042372881356
0 0.9062222222222223 0.6682627118644068 0.06804166666666667 0.10417372881355932
0 0.8500833333333333 0.5737923728813559 0.05116666666666667 0.06709745762711865
0 0.8888472222222222 0.5252542372881356 0.043055555555555555 0.08298728813559322
0 0.9611805555555555 0.4652118644067797 0.07154166666666667 0.09358050847457627
0 0.8066805555555555 0.6682627118644068 0.11019444444444446 0.10417372881355932
0 0.9692777777777778 0.7485805084745762 0.05302777777777778 0.1271186440677966
0 0.97275 0.6408898305084746 0.05344444444444444 0.07415254237288135