0 0.11236111111111112 0.8298322851153039 0.041 0.07337526205450734
0 0.1603888888888889 0.8534171907756813 0.05969444444444444 0.09607966457023061
0 0.21940277777777778 0.8542976939203354 0.05277777777777778 0.09083857442348008
0 0.26975 0.8359538784067087 0.049319444444444444 0.08559748427672956
0 0.3114027777777778 0.799266247379455 0.04006944444444445 0.07861635220125786
0 0.34380555555555553 0.7276310272536687 0.059430555555555556 0.07163522012578617
0 0.11698611111111111 0.7721802935010482 0.05025 0.06639412997903564
0 0.16733333333333333 0.7687002096436059 0.06201388888888889 0.07337526205450734
0 0.22693055555555552 0.7678197064989518 0.05625 0.07861635220125786
0 0.27552777777777776 0.7433542976939203 0.04700000000000001 0.0751153039832285
0 0.30445833333333333 0.7162893081761007 0.035444444444444445 0.08735849056603774
0 0.3854583333333333 0.639412997903564 0.052472222222222226 0.08385744234800839
0 0.3634722222222222 0.4839203354297694 0.059430555555555556 0.08735849056603774
0 0.11930555555555557 0.709727463312369 0.06645833333333334 0.07075471698113207
0 0.18006944444444445 0.6922641509433962 0.05506944444444444 0.08647798742138364
0 0.13029166666666667 0.6381132075471698 0.07455555555555556 0.09522012578616353
0 0.22577777777777777 0.6826624737945493 0.05161111111111111 0.08821802935010482
0 0.26858333333333334 0.6546960167714885 0.04005555555555555 0.09522012578616353
0 0.32298611111111114 0.639853249475891 0.06554166666666666 0.09696016771488469
0 0.4097777777777778 0.5725995807127883 0.06556944444444444 0.07075471698113207
0 0.20898611111111112 0.5953039832285115 0.07683333333333334 0.07949685534591196
0 0.27263888888888893 0.5559958071278825 0.06204166666666667 0.07949685534591196
0 0.34149999999999997 0.5620964360587002 0.07016666666666667 0.08473794549266248
0 0.1337638888888889 0.5472536687631028 0.07223611111111111 0.07773584905660377
0 0.20551388888888888 0.49746331236897273 0.06758333333333333 0.10394129979035639
0 0.26743055555555556 0.4616561844863732 0.06551388888888889 0.08647798742138364
0 0.3212361111111111 0.4564150943396227 0.04440277777777778 0.14062893081761005
0 0.1355 0.48436058700209644 0.07570833333333334 0.07425576519916142
0 0.18468055555555554 0.4144863731656185 0.10230555555555555 0.06377358490566037
0 0.12393055555555556 0.4310901467505241 0.034055555555555554 0.06551362683438156
0 0.2570277777777778 0.38477987421383647 0.07940277777777778 0.055031446540880505
0 0.17831944444444442 0.3620754716981132 0.09652777777777778 0.04280922431865829
0 0.4149722222222222 0.29218029350104824 0.06983333333333333 0.09171907756813417
0 0.34727777777777774 0.2659748427672956 0.06869444444444445 0.08821802935010482
0 0.26163888888888887 0.2537526205450734 0.07566666666666666 0.09171907756813417
0 0.2072638888888889 0.2668553459119497 0.04234722222222222 0.09870020964360586
0 0.3866111111111111 0.18037735849056605 0.059416666666666666 0.06725366876310272
0 0.45375 0.3812997903563941 0.049374999999999995 0.07249475890985324
0 0.28825 0.1559119496855346 0.0964861111111111 0.10918238993710691
0 0.2894305555555555 0.06421383647798742 0.11181944444444446 0.06725366876310272
0 0.3611666666666667 0.3777987421383648 0.05166666666666667 0.11442348008385744
0 0.4190277777777778 0.4031236897274633 0.054000000000000006 0.130146750524109
0 0.28883333333333333 0.34111111111111114 0.10690277777777778 0.07773584905660377
0 0.4259722222222222 0.4931027253668763 0.05631944444444444 0.07249475890985324
0 0.6377361111111112 0.9036477987421384 0.04776388888888889 0.11268343815513626
0 0.693861111111111 0.9237316561844864 0.06219444444444445 0.12316561844863731
0 0.636 0.9786792452830189 0.058180555555555555 0.04262054507337526
0 0.7546250000000001 0.9551991614255765 0.05873611111111111 0.07425576519916142
0 0.8072777777777778 0.9150104821802935 0.041402777777777774 0.06725366876310272
0 0.7540277777777777 0.8625995807127882 0.04656944444444445 0.07949685534591196
0 0.6209583333333333 0.81979035639413 0.051236111111111114 0.07075471698113207
0 0.6880833333333334 0.8232914046121593 0.06218055555555556 0.07249475890985324
0 0.8327361111111112 0.8556184486373165 0.06686111111111111 0.07773584905660377
0 0.7650277777777779 0.7883438155136269 0.07086111111111111 0.08123689727463312
0 0.692125 0.7464150943396227 0.08015277777777778 0.07773584905660377
0 0.6226944444444444 0.7464150943396227 0.05934722222222222 0.07425576519916142
0 0.8385277777777778 0.7499161425576519 0.08075 0.11442348008385744
0 0.7569305555555556 0.6887631027253669 0.07318055555555555 0.11966457023060796
0 0.6834444444444444 0.6608176100628931 0.07668055555555556 0.09171907756813417
0 0.6226944444444444 0.6669182389937107 0.06165277777777778 0.07249475890985324
0 0.8304166666666666 0.6363522012578616 0.07148611111111111 0.08297693920335429
0 0.7505555555555555 0.6022851153039833 0.09054166666666666 0.0620125786163522
0 0.671875 0.5891823899371069 0.083625 0.05677148846960167
0 0.6412083333333334 0.619769392033543 0.04776388888888889 0.048050314465408805
0 0.8853888888888889 0.6677987421383649 0.03331944444444444 0.12142557651991615
0 0.8142083333333333 0.5638574423480084 0.10441666666666667 0.07949685534591196
0 0.7262638888888888 0.5350314465408805 0.06740277777777778 0.08123689727463312
0 0.6730277777777778 0.5350314465408805 0.06973611111111111 0.07075471698113207
0 0.9108472222222221 0.5131865828092244 0.03795833333333333 0.05677148846960167
0 0.8361944444444444 0.4808595387840671 0.07200000000000001 0.09870020964360586
0 0.8321388888888889 0.38651991614255765 0.06622222222222222 0.10570230607966458
0 0.7308888888888889 0.4319496855345912 0.0789861111111111 0.07773584905660377
0 0.7291527777777778 0.35159329140461215 0.08476388888888889 0.09522012578616353
0 0.5064027777777778 0.030566037735849056 0.03666666666666667 0.06115303983228512
0 0.4803611111111111 0.1567924528301887 0.06327777777777778 0.08473794549266248
0 0.4219166666666666 0.09215932914046122 0.053625 0.0620125786163522
0 0.7997500000000001 0.22842767295597483 0.05875 0.08821802935010482
0 0.8500972222222223 0.16553459119496855 0.050666666666666665 0.11268343815513626
0 0.6996527777777778 0.07381551362683439 0.057555555555555554 0.09696016771488469
0 0.8986944444444444 0.3306289308176101 0.041430555555555554 0.0759958071278826
0 0.9229861111111111 0.2319077568134172 0.048833333333333326 0.07249475890985324
0 0.93225 0.1139832285115304 0.04606944444444445 0.10394129979035639
0 0.8616527777777777 0.05809224318658281 0.08125 0.07425576519916142
0 0.7835416666666666 0.06071278825995807 0.08243055555555556 0.09345911949685534
0 0.6985 0.20832285115303983 0.0645 0.10046121593291404
0 0.7685138888888889 0.15243186582809223 0.05411111111111111 0.0620125786163522