0 0.31851153039832286 0.6306388888888889 0.3030188679245283 0.17622222222222222
0 0.5569601677148848 0.7417499999999999 0.24027253668763102 0.17622222222222222
0 0.6263731656184486 0.5664027777777778 0.2847798742138365 0.17969444444444443
0 0.4612788259958071 0.43359722222222224 0.14846960167714884 0.13629166666666667
0 0.35387840670859544 0.26519444444444445 0.13274633123689727 0.11545833333333333
0 0.5779035639412998 0.3025138888888889 0.09352201257861635 0.09287500000000001
0 0.1390146750524109 0.4743888888888889 0.12218029350104823 0.09288888888888888
0 0.2621802935010482 0.37804166666666666 0.15890985324947587 0.125875
0 0.1770230607966457 0.19227777777777777 0.08815513626834381 0.07379166666666667
0 0.2831236897274633 0.12804166666666666 0.10651991614255765 0.08768055555555555
0 0.5136897274633123 0.148875 0.10136268343815515 0.0772638888888889
0 0.8857442348008385 0.5499166666666666 0.10672955974842767 0.10851388888888888