0 0.14190677966101695 0.58075 0.19082627118644066 0.10912499999999999
0 0.4445127118644068 0.5958333333333333 0.2149364406779661 0.07579166666666667
0 0.2502330508474576 0.7017916666666667 0.25010593220338984 0.07341666666666667
0 0.7934322033898306 0.625 0.2771610169491525 0.10634722222222222
0 0.714449152542373 0.7472222222222222 0.34315677966101693 0.09681944444444443
0 0.6136652542372881 0.8968194444444445 0.38978813559322034 0.15
0 0.2844279661016949 0.9525833333333333 0.23978813559322035 0.09484722222222224
0 0.2535593220338983 0.8373055555555555 0.311228813559322 0.12619444444444444
0 0.874343220338983 0.40595833333333337 0.25133474576271186 0.16031944444444446
0 0.5461864406779662 0.3797638888888889 0.39404661016949155 0.17143055555555556
0 0.16463983050847456 0.36666666666666664 0.3293008474576271 0.16904166666666665