0 0.12972222222222224 0.3557627118644068 0.03868055555555556 0.037076271186440676
0 0.07475 0.3804661016949153 0.03883333333333334 0.06531779661016948
0 0.05508333333333333 0.4396186440677966 0.043458333333333335 0.0635593220338983
0 0.04872222222222222 0.5084745762711864 0.05618055555555556 0.07061440677966101
0 0.05277777777777778 0.5879237288135594 0.07354166666666667 0.0776906779661017
0 0.06549999999999999 0.6709110169491526 0.07355555555555555 0.09180084745762712
0 0.12277777777777779 0.7459322033898305 0.07009722222222223 0.06531779661016948
0 0.20841666666666667 0.7565254237288135 0.10715277777777779 0.12182203389830508
0 0.29520833333333335 0.7353389830508474 0.07941666666666666 0.15006355932203388
0 0.38779166666666665 0.7088559322033898 0.12109722222222222 0.15713983050847458
0 0.324125 0.599406779661017 0.10341666666666666 0.12536016949152542
0 0.3432222222222222 0.5022881355932204 0.10456944444444445 0.08298728813559322
0 0.4300277777777778 0.5570338983050848 0.10606944444444445 0.09709745762711865
0 0.21940277777777778 0.357521186440678 0.07915277777777778 0.06885593220338983
0 0.31545833333333334 0.417542372881356 0.09677777777777778 0.09004237288135593
0 0.17947222222222223 0.3442796610169492 0.073375 0.08828389830508475
0 0.30156944444444445 0.3380932203389831 0.08056944444444444 0.07944915254237288
0 0.39299999999999996 0.357521186440678 0.09448611111111112 0.13947033898305083
0 0.4398611111111111 0.4952330508474576 0.1072361111111111 0.12536016949152542
0 0.4884583333333333 0.7044491525423728 0.08179166666666667 0.11652542372881355
0 0.509875 0.6002754237288135 0.09684722222222222 0.10947033898305085
0 0.5289722222222223 0.4210805084745763 0.11883333333333333 0.12887711864406778
0 0.49597222222222226 0.3372245762711864 0.11840277777777777 0.1483050847457627
0 0.6059166666666667 0.353114406779661 0.096875 0.18008474576271186
0 0.6840277777777778 0.3769491525423729 0.09805555555555555 0.2559957627118644
0 0.7847083333333333 0.3875423728813559 0.10040277777777779 0.3019067796610169
0 0.8911805555555555 0.363707627118644 0.098125 0.3072033898305085
0 0.9679166666666666 0.3442796610169492 0.06416666666666668 0.3177966101694915
0 0.9708055555555556 0.6417796610169492 0.058388888888888886 0.2559957627118644
0 0.8911527777777778 0.6364830508474577 0.10554166666666666 0.23834745762711865
0 0.7870138888888889 0.6302966101694916 0.11483333333333334 0.20127118644067796
0 0.6851805555555556 0.6170550847457628 0.10561111111111111 0.24540254237288137
0 0.6018611111111111 0.5279025423728814 0.07323611111111111 0.10239406779661017
0 0.577 0.6726694915254238 0.10844444444444444 0.16595338983050847