0 0.4956805555555555 0.13626834381551362 0.10162500000000001 0.09784067085953879
0 0.5738055555555556 0.19480083857442348 0.04073611111111111 0.16247379454926625
0 0.4875833333333333 0.23322851153039834 0.10856944444444444 0.12404612159329141
0 0.41990277777777774 0.3057232704402516 0.08929166666666667 0.10482180293501048
0 0.4430277777777778 0.14062893081761005 0.058819444444444445 0.11006289308176101
0 0.6310694444444445 0.7861635220125787 0.13166666666666665 0.139769392033543
0 0.6895277777777777 0.649895178197065 0.10326388888888888 0.15723270440251572
0 0.5888333333333333 0.6236897274633124 0.09348611111111112 0.15723270440251572
0 0.5037777777777778 0.6621174004192871 0.08773611111111111 0.11880503144654088
0 0.551236111111111 0.7512159329140461 0.06966666666666667 0.10132075471698113
0 0.6252916666666667 0.5188679245283019 0.06223611111111112 0.09433962264150944
0 0.49509722222222224 0.540712788259958 0.09815277777777778 0.11356394129979036
0 0.5593472222222222 0.4786792452830189 0.06272222222222222 0.08735849056603774
0 0.2439861111111111 0.6315513626834381 0.09591666666666666 0.09607966457023061
0 0.3180694444444444 0.6455345911949686 0.07768055555555556 0.13452830188679246
0 0.26655555555555555 0.6813417190775681 0.07393055555555555 0.10832285115303984
0 0.38633333333333336 0.6167085953878407 0.06381944444444444 0.10832285115303984
0 0.34234722222222225 0.5066457023060796 0.077375 0.10132075471698113
0 0.26713888888888887 0.5153668763102726 0.07276388888888889 0.09083857442348008
0 0.1953888888888889 0.5284696016771488 0.08668055555555555 0.10308176100628931
0 0.30533333333333335 0.44549266247379454 0.07305555555555555 0.07337526205450734
0 0.12595833333333334 0.5232285115303984 0.08438888888888889 0.09607966457023061
0 0.178625 0.6140880503144655 0.06722222222222222 0.10656184486373166
0 0.18959722222222222 0.47343815513626836 0.07048611111111111 0.06639412997903564
0 0.25325000000000003 0.4472327044025157 0.040375 0.045429769392033546
0 0.7288749999999999 0.7826624737945492 0.047736111111111104 0.09083857442348008
0 0.6542222222222223 0.8752620545073375 0.05991666666666667 0.024465408805031445
0 0.805236111111111 0.46645702306079667 0.1235138888888889 0.16073375262054507
0 0.898986111111111 0.5022641509433963 0.06168055555555555 0.1659748427672956
0 0.8278055555555556 0.6446540880503144 0.09919444444444445 0.14324947589098533
0 0.9105555555555556 0.6271907756813417 0.0547361111111111 0.10482180293501048
0 0.7016666666666667 0.44287211740041926 0.07609722222222222 0.1310272536687631
0 0.8590555555555556 0.3659958071278826 0.07902777777777778 0.0751153039832285
0 0.7635694444444444 0.33454926624737946 0.11194444444444443 0.0751153039832285
0 0.7884722222222222 0.26031446540880504 0.1021388888888889 0.11180293501048218
0 0.8567361111111111 0.03756813417190776 0.11076388888888888 0.0751153039832285
0 0.9510555555555555 0.030566037735849056 0.05244444444444444 0.06115303983228512
0 0.8984027777777778 0.11006289308176101 0.07904166666666666 0.05939203354297694
0 0.9527916666666667 0.0751153039832285 0.03276388888888889 0.034947589098532496
0 0.7901944444444445 0.02008385744234801 0.04019444444444445 0.04018867924528302