0 0.78875 0.2506991525423729 0.051180555555555556 0.0635593220338983
0 0.8541388888888889 0.2701271186440678 0.05645833333333333 0.08120762711864406
0 0.9270416666666667 0.3125 0.05648611111111111 0.0988771186440678
0 0.9750694444444444 0.3363347457627119 0.03219444444444444 0.07239406779661017
0 0.8477638888888889 0.3522245762711864 0.06273611111111112 0.10417372881355932
0 0.7812361111111111 0.363707627118644 0.08883333333333333 0.18713983050847458
0 0.6915416666666667 0.2842584745762712 0.06973611111111111 0.0988771186440678
0 0.7037083333333334 0.398135593220339 0.05409722222222223 0.11476694915254237
0 0.7806527777777779 0.4916949152542373 0.059902777777777784 0.09709745762711865
0 0.8599305555555555 0.4890466101694915 0.07729166666666666 0.11298728813559322
0 0.916625 0.5234745762711864 0.042597222222222224 0.07239406779661017
0 0.9739166666666667 0.5508474576271186 0.04145833333333333 0.0776906779661017
0 0.9467222222222222 0.4466737288135593 0.06343055555555556 0.0847457627118644
0 0.9783333333333333 0.4016525423728814 0.043347222222222224 0.10417372881355932
0 0.8535555555555555 0.5852754237288136 0.03677777777777778 0.07239406779661017
0 0.8836527777777778 0.6823728813559322 0.03679166666666667 0.05472457627118644
0 0.9310972222222222 0.7053389830508475 0.027555555555555555 0.06885593220338983
0 0.7829722222222222 0.7053389830508475 0.050652777777777776 0.07239406779661017
0 0.7823888888888889 0.6205932203389831 0.05180555555555555 0.06531779661016948
0 0.6660972222222222 0.6788559322033899 0.059861111111111115 0.07239406779661017
0 0.6070833333333334 0.7194491525423728 0.059847222222222225 0.1076906779661017
0 0.5104444444444444 0.7406355932203389 0.058652777777777776 0.09004237288135593
0 0.5150833333333333 0.6170550847457628 0.04940277777777778 0.05826271186440678
0 0.6059166666666667 0.5808686440677966 0.052902777777777785 0.0847457627118644
0 0.6047638888888889 0.6452966101694915 0.06909722222222223 0.08298728813559322
0 0.5399444444444444 0.5852754237288136 0.06515277777777777 0.06531779661016948
0 0.5318472222222222 0.6788559322033899 0.08830555555555555 0.07944915254237288
0 0.6834444444444444 0.5888135593220339 0.06048611111111111 0.09709745762711865
0 0.6429444444444444 0.5782203389830509 0.035027777777777776 0.08298728813559322
0 0.7170138888888888 0.5146610169491526 0.06913888888888889 0.09709745762711865
0 0.6435138888888888 0.4846398305084746 0.07554166666666667 0.13595338983050848
0 0.6215416666666667 0.3380932203389831 0.07952777777777778 0.10063559322033898
0 0.618638888888889 0.4069491525423729 0.10679166666666667 0.06531779661016948
0 0.5515138888888889 0.2930720338983051 0.08134722222222222 0.1200635593220339
0 0.48440277777777774 0.3019067796610169 0.08831944444444445 0.13065677966101696
0 0.4115 0.2975 0.07445833333333333 0.11828389830508475
0 0.35479166666666667 0.2833686440677966 0.06984722222222223 0.10063559322033898
0 0.2870972222222222 0.3354449152542373 0.07334722222222223 0.10947033898305085
0 0.33281944444444445 0.428135593220339 0.08290277777777777 0.10417372881355932
0 0.27205555555555555 0.4334322033898305 0.06640277777777778 0.08298728813559322
0 0.31545833333333334 0.5022881355932204 0.057430555555555554 0.07239406779661017
0 0.3987638888888889 0.4193220338983051 0.06983333333333333 0.0865042372881356
0 0.4728472222222222 0.4290254237288136 0.08294444444444445 0.1271186440677966
0 0.5480555555555556 0.4458050847457627 0.07602777777777778 0.16773305084745763
0 0.6024444444444444 0.4987711864406779 0.043638888888888894 0.1076906779661017
0 0.49423611111111115 0.5596822033898305 0.043180555555555555 0.13771186440677965
0 0.4178611111111111 0.5120127118644068 0.10106944444444443 0.06709745762711865
0 0.9818055555555555 0.7865466101694916 0.03640277777777778 0.04413135593220339
0 0.32761111111111113 0.5579025423728813 0.10025 0.0635593220338983
0 0.8535555555555555 0.6532415254237288 0.011819444444444445 0.03883474576271186
0 0.43175 0.6682627118644068 0.10106944444444443 0.09358050847457627
0 0.42365277777777777 0.5826271186440678 0.084875 0.0776906779661017