0 0.050805555555555555 0.3310381355932203 0.10162500000000001 0.11122881355932203
0 0.14766666666666667 0.3354449152542373 0.08745833333333333 0.15184322033898306
0 0.23445833333333332 0.3707627118644068 0.08980555555555556 0.20480932203389832
0 0.32008333333333333 0.3663559322033898 0.0782638888888889 0.18184322033898304
0 0.4057222222222222 0.3778177966101695 0.09450000000000001 0.22245762711864406
0 0.5011944444444445 0.3707627118644068 0.09105555555555556 0.20480932203389832
0 0.5989861111111111 0.3654661016949153 0.10844444444444444 0.2542372881355932
0 0.7037083333333334 0.3751694915254238 0.10501388888888889 0.3089618644067797
0 0.7910694444444445 0.3557627118644068 0.08073611111111112 0.3089618644067797
0 0.06816666666666667 0.4713983050847458 0.13633333333333333 0.11652542372881355
0 0.204375 0.4961228813559322 0.10137499999999999 0.15184322033898306
0 0.3114166666666667 0.5367161016949152 0.11876388888888889 0.14476694915254237
0 0.4138194444444444 0.558792372881356 0.09680555555555556 0.17124999999999999
0 0.5197083333333333 0.5790889830508474 0.11651388888888889 0.20832627118644068
0 0.6464305555555556 0.6126483050847458 0.12466666666666668 0.2330508474576271
0 0.7586805555555556 0.6302966101694916 0.11081944444444446 0.21891949152542373
0 0.8703472222222222 0.6347033898305084 0.1120138888888889 0.2277542372881356
0 0.896361111111111 0.3857627118644068 0.12752777777777777 0.2595338983050847
0 0.9606111111111111 0.6461864406779662 0.07269444444444445 0.2330508474576271
0 0.07763888888888888 0.5879237288135594 0.15441666666666667 0.11298728813559322
0 0.06376388888888888 0.7123940677966102 0.12562500000000001 0.13947033898305083
0 0.17370833333333333 0.7097457627118644 0.10020833333333334 0.10947033898305085
0 0.254125 0.6815042372881356 0.06666666666666667 0.1271186440677966
0 0.20725 0.6188135593220339 0.082625 0.07944915254237288
0 0.4259722222222222 0.6965042372881356 0.11186111111111112 0.09709745762711865
0 0.33743055555555557 0.6788559322033899 0.08373611111111111 0.1430084745762712
0 0.5335972222222222 0.7273940677966101 0.09569444444444446 0.1059322033898305
0 0.6319583333333333 0.7644703389830508 0.10730555555555556 0.09533898305084745
0 0.7419027777777777 0.7688983050847458 0.11890277777777777 0.10063559322033898
0 0.8610833333333333 0.770656779661017 0.11894444444444445 0.08298728813559322
0 0.9640833333333333 0.7988983050847457 0.06343055555555556 0.09004237288135593