0 0.7887638888888888 0.3884110169491526 0.046013888888888896 0.08120762711864406
0 0.7413055555555556 0.3177966101694915 0.041944444444444444 0.0776906779661017
0 0.6817083333333334 0.2771822033898305 0.05469444444444445 0.08120762711864406
0 0.7627222222222222 0.4219703389830508 0.05643055555555556 0.11298728813559322
0 0.7019583333333334 0.4157838983050847 0.058152777777777775 0.11122881355932203
0 0.75925 0.5261228813559322 0.051791666666666666 0.08120762711864406
0 0.7025416666666666 0.5420127118644068 0.06102777777777778 0.1059322033898305
0 0.703125 0.6470762711864407 0.03209722222222222 0.0865042372881356
0 0.6510416666666666 0.3654661016949153 0.04659722222222222 0.09180084745762712
0 0.6591388888888888 0.6294067796610169 0.048916666666666664 0.1076906779661017
0 0.6464166666666666 0.5146610169491526 0.051236111111111114 0.10417372881355932
0 0.640625 0.4307838983050848 0.07206944444444445 0.07415254237288135
0 0.6377361111111112 0.22864406779661017 0.04081944444444444 0.05120762711864407
0 0.4282777777777778 0.6603177966101695 0.06172222222222222 0.06709745762711865
0 0.4925138888888889 0.6753177966101694 0.06675 0.09358050847457627
0 0.5515277777777778 0.6682627118644068 0.05519444444444445 0.09358050847457627
0 0.6059166666666667 0.659427966101695 0.050583333333333334 0.09358050847457627
0 0.4398472222222222 0.5896822033898305 0.05708333333333333 0.060021186440677964
0 0.5029305555555555 0.5852754237288136 0.06212499999999999 0.06885593220338983
0 0.5648333333333333 0.5746822033898306 0.057041666666666664 0.08298728813559322
0 0.5983888888888889 0.549957627118644 0.07091666666666667 0.13947033898305083
0 0.4421666666666667 0.530550847457627 0.05708333333333333 0.05826271186440678
0 0.5110277777777777 0.5146610169491526 0.07138888888888889 0.05472457627118644
0 0.5694583333333333 0.4201906779661017 0.0639861111111111 0.11652542372881355
0 0.5902916666666667 0.3133898305084746 0.077875 0.08298728813559322
0 0.5816111111111111 0.22510593220338984 0.06977777777777779 0.07591101694915253
0 0.49597222222222226 0.2701271186440678 0.09988888888888889 0.17302966101694917
0 0.4641388888888889 0.417542372881356 0.14734722222222224 0.1076906779661017
0 0.4068611111111111 0.2780720338983051 0.08140277777777778 0.18891949152542373
0 0.35479166666666667 0.554385593220339 0.09993055555555556 0.11298728813559322
0 0.3501666666666667 0.6726694915254238 0.08373611111111111 0.07415254237288135
0 0.3333888888888889 0.4334322033898305 0.10341666666666666 0.12887711864406778
0 0.3223888888888889 0.2833686440677966 0.08374999999999999 0.15360169491525424