0 0.08004192872117401 0.9503472222222222 0.16010482180293503 0.08819444444444445
0 0.22232704402515724 0.9447916666666667 0.15645702306079665 0.11041666666666666
0 0.0808385744234801 0.5663194444444445 0.11238993710691823 0.09791666666666667
0 0.18039832285115304 0.5635416666666667 0.08937106918238995 0.10625
0 0.0850104821802935 0.4822916666666667 0.13075471698113206 0.07847222222222222
0 0.20450733752620545 0.46770833333333334 0.09566037735849058 0.09791666666666667
0 0.14056603773584905 0.42465277777777777 0.08253668763102724 0.06597222222222222
0 0.20136268343815514 0.4045138888888889 0.060020964360587 0.04652777777777778
0 0.2621593291404612 0.8121527777777777 0.11874213836477987 0.09236111111111112
0 0.3994549266247379 0.8142361111111112 0.150230607966457 0.11319444444444444
0 0.27262054507337524 0.7204861111111112 0.13698113207547172 0.0798611111111111
0 0.38163522012578616 0.709375 0.1020125786163522 0.11736111111111111
0 0.26213836477987423 0.6329861111111111 0.10765199161425577 0.07152777777777777
0 0.3921174004192872 0.5982638888888889 0.11459119496855345 0.08680555555555555
0 0.2862473794549266 0.5621527777777777 0.10553459119496857 0.07152777777777777
0 0.3973584905660377 0.5052083333333334 0.11668763102725366 0.07847222222222222
0 0.29672955974842763 0.49201388888888886 0.10553459119496857 0.08125
0 0.40574423480083854 0.4184027777777778 0.0831446540880503 0.09930555555555555
0 0.3176729559748428 0.42118055555555556 0.160020964360587 0.10625
0 0.35226415094339625 0.334375 0.2040251572327044 0.07430555555555556
0 0.36064989517819707 0.2677083333333333 0.19983228511530396 0.06319444444444444
0 0.3679874213836478 0.21215277777777777 0.15163522012578615 0.06041666666666667
0 0.48329140461215936 0.5239583333333333 0.08316561844863732 0.08541666666666667
0 0.4990146750524109 0.3267361111111111 0.07270440251572327 0.11319444444444444
0 0.5943815513626834 0.6246527777777777 0.10417190775681341 0.08958333333333333
0 0.5241719077568134 0.7197916666666667 0.1230188679245283 0.1326388888888889
0 0.5189308176100629 0.8197916666666667 0.07060796645702307 0.09375
0 0.5608385744234801 0.14270833333333333 0.08740041928721173 0.05347222222222222
0 0.7054716981132075 0.8684027777777777 0.11259958071278826 0.09097222222222222
0 0.6656394129979035 0.7947916666666667 0.11379454926624738 0.07013888888888889
0 0.8155136268343816 0.8725694444444444 0.11471698113207547 0.10486111111111111
0 0.7756813417190775 0.7753472222222222 0.1368134171907757 0.10625
0 0.9203354297693921 0.8649305555555555 0.1189517819706499 0.10069444444444445
0 0.9182180293501049 0.7760416666666666 0.15773584905660376 0.08819444444444445
0 0.980062893081761 0.9211805555555556 0.03723270440251573 0.04097222222222222
0 0.7977148846960167 0.6475694444444444 0.09584905660377359 0.09097222222222222
0 0.9046121593291404 0.6413194444444444 0.13781970649895178 0.11180555555555556
0 0.7788469601677148 0.5475694444444444 0.07488469601677149 0.08819444444444445
0 0.8836477987421384 0.546875 0.11266247379454927 0.07291666666666667
0 0.9465199161425577 0.5510416666666667 0.062368972746331235 0.059027777777777776
0 0.8322641509433962 0.459375 0.14937106918238993 0.05486111111111111
0 0.9213836477987422 0.4795138888888889 0.08750524109014675 0.09652777777777778
0 0.7955974842767296 0.40034722222222224 0.10955974842767295 0.10625
0 0.8909853249475891 0.3920138888888889 0.11475890985324948 0.09652777777777778
0 0.7819706498951782 0.32395833333333335 0.12842767295597485 0.08680555555555555
0 0.8815513626834381 0.3246527777777778 0.09169811320754717 0.059027777777777776
0 0.7662473794549266 0.2565972222222222 0.11375262054507337 0.05486111111111111
0 0.8406708595387841 0.28020833333333334 0.051844863731656185 0.04236111111111111
0 0.07664570230607967 0.7378472222222222 0.09981132075471698 0.09375
0 0.0349685534591195 0.871875 0.06995807127882599 0.07847222222222222
0 0.023438155136268343 0.6767361111111111 0.046897274633123695 0.07708333333333334
0 0.429853249475891 0.9697916666666667 0.12297693920335429 0.06041666666666667
0 0.5566666666666666 0.946875 0.20058700209643607 0.10625
0 0.7107127882599581 0.9503472222222222 0.13566037735849054 0.09930555555555555
0 0.8123689727463312 0.9565972222222222 0.07490566037735849 0.07847222222222222