0 0.057888888888888886 0.7981991525423728 0.11577777777777777 0.15360169491525424
0 0.165375 0.7907838983050848 0.10081944444444445 0.21927966101694915
0 0.3000833333333333 0.7558262711864406 0.13973611111111112 0.2934322033898305
0 0.41881944444444447 0.7939618644067796 0.09119444444444444 0.21716101694915255
0 0.5215694444444444 0.7653601694915254 0.11065277777777778 0.2489406779661017
0 0.6298888888888888 0.7473516949152542 0.09680555555555556 0.24258474576271186
0 0.7277777777777777 0.7505296610169492 0.08711111111111111 0.2574152542372881
0 0.8270694444444444 0.7176906779661016 0.08020833333333334 0.23834745762711865
0 0.06136111111111111 0.6191737288135594 0.10884722222222223 0.1896186440677966
0 0.17093055555555556 0.5630296610169492 0.0952638888888889 0.1875
0 0.30147222222222225 0.4740466101694915 0.14806944444444445 0.21716101694915255
0 0.4271388888888889 0.541843220338983 0.110625 0.22139830508474576
0 0.5305972222222222 0.5217161016949152 0.08705555555555555 0.2108050847457627
0 0.6257222222222222 0.5005296610169492 0.09125 0.2108050847457627
0 0.6993194444444444 0.4846398305084746 0.10794444444444444 0.2086864406779661
0 0.7916527777777778 0.5333686440677966 0.07672222222222222 0.1260593220338983
0 0.05470833333333333 0.4454449152542373 0.10941666666666666 0.1451271186440678
0 0.16190277777777776 0.3967161016949153 0.1077638888888889 0.1684322033898305
0 0.05331944444444445 0.3045550847457627 0.1066388888888889 0.1684322033898305
0 0.06958333333333333 0.1371822033898305 0.13693055555555556 0.149364406779661
0 0.17024999999999998 0.2399364406779661 0.13830555555555554 0.1430084745762712
0 0.27647222222222223 0.2929025423728814 0.10640277777777778 0.1684322033898305
0 0.37020833333333336 0.2537076271186441 0.1355972222222222 0.2129237288135593
0 0.45283333333333337 0.357521186440678 0.14256944444444444 0.1917372881355932
0 0.5882222222222222 0.3034957627118644 0.09679166666666666 0.1684322033898305
0 0.9228888888888889 0.71875 0.08856944444444445 0.20233050847457626
0 0.9733194444444444 0.604343220338983 0.053361111111111116 0.18114406779661016
0 0.8839861111111111 0.53125 0.10862499999999999 0.1684322033898305
0 0.9485694444444445 0.4168432203389831 0.09888888888888889 0.2065677966101695
0 0.7944305555555555 0.3829449152542373 0.093375 0.1684322033898305
0 0.8763611111111111 0.3405720338983051 0.06558333333333333 0.2108050847457627
0 0.944 0.23040254237288135 0.1119861111111111 0.17690677966101695
0 0.7083333333333334 0.2865466101694915 0.09619444444444446 0.1663135593220339
0 0.8006805555555556 0.21027542372881355 0.08644444444444445 0.1663135593220339
0 0.6951388888888889 0.1329449152542373 0.09758333333333334 0.13029661016949154
0 0.8715 0.1371822033898305 0.06355555555555556 0.19597457627118645
0 0.9409444444444445 0.06938559322033898 0.0941388888888889 0.13241525423728814
0 0.7812361111111111 0.0746822033898305 0.11422222222222221 0.13665254237288135
0 0.6875 0.03760593220338983 0.07120833333333333 0.06673728813559322
0 0.22995833333333332 0.10116525423728813 0.1522222222222222 0.1239406779661017
0 0.37298611111111113 0.12764830508474576 0.1356111111111111 0.1048728813559322
0 0.47575 0.20391949152542374 0.11341666666666667 0.1260593220338983
0 0.08762500000000001 0.028601694915254237 0.1507777777777778 0.057203389830508475