0 0.42538888888888887 0.2824788135593221 0.07908333333333332 0.0847457627118644
0 0.5017638888888889 0.2771822033898305 0.057499999999999996 0.1271186440677966
0 0.35479166666666667 0.3072033898305085 0.05365277777777778 0.10947033898305085
0 0.4496944444444444 0.3928389830508474 0.11070833333333333 0.10417372881355932
0 0.5411111111111111 0.4122457627118644 0.06908333333333333 0.11828389830508475
0 0.5607777777777778 0.2789618644067796 0.05588888888888889 0.13417372881355932
0 0.3495833333333333 0.4184322033898305 0.08952777777777778 0.11652542372881355
0 0.4601111111111111 0.5058262711864406 0.10608333333333332 0.11122881355932203
0 0.5625277777777777 0.5358474576271186 0.084125 0.11122881355932203
0 0.35073611111111114 0.5429025423728814 0.10572222222222223 0.09358050847457627
0 0.478625 0.64 0.11302777777777777 0.13595338983050848
0 0.5995555555555556 0.6717796610169491 0.10497222222222222 0.15006355932203388
0 0.6261527777777778 0.2780720338983051 0.07554166666666667 0.12536016949152542
0 0.7002361111111112 0.2869067796610169 0.06334722222222222 0.1430084745762712
0 0.774875 0.3019067796610169 0.07841666666666666 0.1694915254237288
0 0.8431527777777779 0.3001483050847457 0.04604166666666666 0.20127118644067796
0 0.6238472222222222 0.4210805084745763 0.07091666666666667 0.15006355932203388
0 0.7013888888888888 0.4475635593220339 0.07723611111111112 0.15360169491525424
0 0.7800833333333332 0.4678601694915254 0.068 0.14476694915254237
0 0.8564583333333333 0.4758050847457627 0.06108333333333333 0.13595338983050848
0 0.6417777777777778 0.549957627118644 0.06743055555555555 0.09004237288135593
0 0.7349583333333333 0.6091101694915254 0.09344444444444444 0.15184322033898306
0 0.6701388888888888 0.6779661016949152 0.04080555555555555 0.16243644067796612
0 0.7320555555555556 0.7335805084745762 0.08072222222222222 0.0865042372881356
0 0.8072777777777778 0.7185805084745763 0.06686111111111111 0.0776906779661017
0 0.8147916666666666 0.6117584745762712 0.059277777777777776 0.13595338983050848
0 0.8738194444444444 0.635593220338983 0.061097222222222226 0.16243644067796612
0 0.8715 0.7680084745762712 0.04720833333333334 0.09180084745762712
0 0.3565277777777778 0.6488347457627118 0.11961111111111111 0.11828389830508475
0 0.36115277777777777 0.7591737288135593 0.12655555555555556 0.07061440677966101
0 0.4913611111111111 0.7583050847457627 0.11766666666666667 0.07944915254237288
0 0.5949305555555556 0.7759533898305084 0.10034722222222223 0.04766949152542373
0 0.67825 0.7786016949152542 0.056402777777777774 0.0353177966101695
0 0.75925 0.7936016949152542 0.08651388888888889 0.04413135593220339
0 0.8315694444444445 0.7874364406779661 0.03908333333333333 0.0565042372881356