0 0.11497222222222223 0.3517364016736402 0.14820833333333333 0.1961297071129707
0 0.3342777777777778 0.34910041841004186 0.228125 0.19439330543933056
0 0.5703472222222222 0.35520920502092046 0.2351527777777778 0.20309623430962342
0 0.8503888888888889 0.24276150627615065 0.2606805555555555 0.4855230125523013
0 0.886263888888889 0.7518200836820084 0.226 0.4628661087866109
0 0.15375 0.6036401673640168 0.1887222222222222 0.2501673640167364
0 0.36031944444444447 0.6611715481171548 0.20845833333333333 0.20135983263598325
0 0.5732361111111112 0.6576987447698744 0.2108472222222222 0.19786610878661087
0 0.7271388888888889 0.6550836820083682 0.09055555555555556 0.21355648535564853
0 0.33137500000000003 0.9157112970711296 0.16911111111111113 0.15602510460251046
0 0.5200138888888889 0.9183263598326359 0.21083333333333334 0.1507949790794979
0 0.7051527777777777 0.9031589958158995 0.13915277777777776 0.19368200836820082
0 0.25733333333333336 0.06972803347280335 0.2500972222222222 0.13947698744769874
0 0.5015 0.06364016736401674 0.2316666666666667 0.12725941422594142
0 0.6698611111111111 0.09631799163179916 0.098625 0.19263598326359832