0 0.1443157894736842 0.5928611111111112 0.08797894736842105 0.05
0 0.34400000000000003 0.7321388888888889 0.12639999999999998 0.06666666666666667
0 0.6272631578947369 0.7150833333333334 0.07941052631578947 0.05634722222222222
0 0.7442315789473684 0.7063472222222222 0.0908 0.03888888888888889
0 0.7806105263157895 0.6343194444444444 0.08536842105263158 0.04959722222222222
0 0.6910105263157895 0.5946388888888888 0.08658947368421054 0.06547222222222222
0 0.8810526315789474 0.6257916666666666 0.08172631578947369 0.044444444444444446
0 0.9757263157894738 0.5710277777777778 0.04852631578947369 0.04602777777777778
0 0.7496421052631579 0.5948472222222223 0.06553684210526316 0.03015277777777778
0 0.38880000000000003 0.5599166666666666 0.08970526315789473 0.03968055555555556
0 0.4158736842105263 0.8083333333333333 0.05962105263157895 0.044444444444444446
0 0.13501052631578947 0.8325416666666666 0.06332631578947368 0.03730555555555556
0 0.15545263157894737 0.4105138888888889 0.08014736842105263 0.06230555555555555
0 0.3945052631578947 0.4206388888888889 0.1312 0.05476388888888889
0 0.805578947368421 0.4384861111111111 0.06911578947368421 0.034916666666666665
0 0.7102526315789474 0.34681944444444446 0.10103157894736843 0.05
0 0.8849684210526316 0.2813472222222222 0.06427368421052632 0.044444444444444446
0 0.8476631578947368 0.3797638888888889 0.06191578947368421 0.028569444444444446