0 0.15670833333333334 0.46470833333333333 0.08277777777777778 0.12616666666666668
0 0.16519444444444445 0.609375 0.07505555555555556 0.12383333333333332
0 0.29018055555555555 0.5619166666666667 0.07819444444444444 0.14466666666666667
0 0.34341666666666665 0.7424791666666667 0.10443055555555555 0.19560416666666666
0 0.44679166666666664 0.7991875 0.08595833333333333 0.18866666666666668
0 0.5594305555555555 0.8165416666666666 0.11994444444444444 0.17708333333333334
0 0.6658888888888889 0.8015000000000001 0.09529166666666666 0.17939583333333334
0 0.7646388888888889 0.7575208333333333 0.08605555555555555 0.147
0 0.8417777777777778 0.7042916666666666 0.06756944444444445 0.151625
0 0.8772638888888888 0.5630833333333333 0.08609722222222223 0.160875
0 0.42441666666666666 0.5098333333333334 0.07515277777777778 0.11458333333333333
0 0.5054166666666666 0.52025 0.08905555555555557 0.14931250000000001
0 0.5787083333333334 0.5260416666666666 0.08445833333333333 0.14235416666666667
0 0.6411944444444445 0.5144583333333334 0.08911111111111111 0.147
0 0.7044583333333333 0.5133125 0.05826388888888889 0.13541666666666666
0 0.7723472222222223 0.489 0.08915277777777778 0.17014583333333333
0 0.4483055555555555 0.39756250000000004 0.1238888888888889 0.0960625
0 0.5455416666666667 0.37904166666666667 0.09216666666666666 0.10764583333333334
0 0.63425 0.38252083333333337 0.09990277777777778 0.13310416666666666
0 0.7245138888888889 0.3744166666666667 0.07062500000000001 0.14004166666666668
0 0.4722361111111111 0.3015 0.09147222222222222 0.07060416666666666
0 0.5601944444444444 0.28529166666666667 0.06593055555555555 0.0960625
0 0.625 0.24827083333333333 0.0937361111111111 0.13310416666666666
0 0.706 0.24941666666666668 0.06752777777777777 0.10764583333333334
0 0.5316388888888889 0.19154166666666667 0.1115138888888889 0.12383333333333332
0 0.32258333333333333 0.9276666666666666 0.07202777777777777 0.13541666666666666
0 0.966763888888889 0.7760416666666666 0.046013888888888896 0.18402083333333333
0 0.8464166666666666 0.9484999999999999 0.1046111111111111 0.103