0 0.04708333333333333 0.05816666666666667 0.09418055555555556 0.08854166666666667
0 0.1702361111111111 0.0694375 0.11872222222222223 0.11110416666666666
0 0.27263888888888893 0.05035416666666667 0.07825 0.1006875
0 0.4005138888888889 0.040791666666666664 0.06555555555555556 0.08160416666666667
0 0.36984722222222227 0.1328125 0.08522222222222223 0.13020833333333334
0 0.4965694444444444 0.12239583333333333 0.09105555555555556 0.11285416666666667
0 0.5422777777777777 0.07204166666666666 0.09916666666666668 0.140625
0 0.6203888888888889 0.14322916666666666 0.11193055555555556 0.12672916666666667
0 0.6927083333333334 0.11370833333333333 0.10384722222222222 0.109375
0 0.7100833333333333 0.037333333333333336 0.17329166666666665 0.07464583333333333
0 0.8460416666666666 0.06422916666666666 0.07033333333333333 0.12847916666666667
0 0.0435 0.17099999999999999 0.08383333333333333 0.12327083333333334
0 0.1401388888888889 0.19791666666666666 0.10944444444444444 0.12847916666666667
0 0.23040277777777776 0.23785416666666667 0.11411111111111111 0.1180625
0 0.3322361111111111 0.24391666666666667 0.06784722222222223 0.11979166666666667
0 0.4415972222222222 0.2586875 0.06673611111111111 0.16318749999999999
0 0.5168194444444445 0.28037500000000004 0.08527777777777777 0.18922916666666667
0 0.6070833333333334 0.2526041666666667 0.096875 0.14756249999999999
0 0.7048611111111112 0.28818750000000004 0.091125 0.16318749999999999
0 0.7864444444444445 0.27170833333333333 0.08305555555555555 0.15797916666666667
0 0.7962638888888888 0.15885416666666666 0.10556944444444445 0.0850625
0 0.8940694444444445 0.20139583333333333 0.08770833333333333 0.14931250000000001
0 0.9229861111111111 0.1015625 0.08123611111111112 0.09895833333333333
0 0.9435000000000001 0.045145833333333336 0.113 0.0694375
0 0.9582916666666667 0.27170833333333333 0.05418055555555555 0.13368750000000001
0 0.935125 0.40452083333333333 0.12866666666666668 0.15972916666666667
0 0.8205833333333334 0.49306249999999996 0.09347222222222222 0.17708333333333334
0 0.7615555555555557 0.5208333333333334 0.10095833333333333 0.16666666666666666
0 0.774875 0.6380208333333334 0.08768055555555555 0.15104166666666666
0 0.6411944444444445 0.4296875 0.12413888888888888 0.14756249999999999
0 0.5231666666666667 0.4505208333333333 0.11491666666666665 0.10589583333333333
0 0.3952916666666667 0.4114583333333333 0.13695833333333332 0.19097916666666667
0 0.2818888888888889 0.38368749999999996 0.09763888888888889 0.11458333333333333
0 0.18641666666666667 0.37933333333333336 0.10577777777777778 0.11285416666666667
0 0.08920833333333333 0.40797916666666667 0.09655555555555555 0.14235416666666667
0 0.021305555555555557 0.41493749999999996 0.042611111111111113 0.24306250000000001
0 0.16270833333333334 0.5477500000000001 0.10830555555555556 0.10589583333333333
0 0.07705555555555556 0.5486041666666667 0.07456944444444444 0.16318749999999999
0 0.20031944444444444 0.47829166666666667 0.13029166666666667 0.1024375
0 0.28652777777777777 0.5989583333333334 0.11991666666666667 0.09027083333333333
0 0.020722222222222222 0.6223958333333334 0.04145833333333333 0.15797916666666667
0 0.08575 0.7118125000000001 0.10480555555555554 0.13541666666666666
0 0.18065277777777777 0.7040000000000001 0.11177777777777778 0.18922916666666667
0 0.27784722222222225 0.7630208333333334 0.09791666666666667 0.19270833333333334
0 0.39299999999999996 0.7630208333333334 0.108375 0.234375
0 0.42424999999999996 0.6067708333333334 0.170875 0.20660416666666667
0 0.5567361111111111 0.6215208333333333 0.12116666666666666 0.21875
0 0.6452638888888889 0.6276041666666666 0.0922638888888889 0.23785416666666667
0 0.7222222222222222 0.6883750000000001 0.04715277777777778 0.171875
0 0.4890277777777778 0.7595416666666667 0.08831944444444445 0.09895833333333333
0 0.5237638888888889 0.8723958333333334 0.133875 0.1163125
0 0.5787222222222222 0.7907916666666667 0.08644444444444445 0.12327083333333334
0 0.6649444444444444 0.8012083333333333 0.09458333333333332 0.1163125
0 0.7528888888888889 0.953125 0.06683333333333333 0.09375
0 0.7870277777777778 0.8194374999999999 0.10504166666666666 0.13889583333333333
0 0.8535694444444445 0.9487916666666667 0.066875 0.09547916666666666
0 0.93225 0.9557291666666666 0.048374999999999994 0.0711875
0 0.9235833333333333 0.7404583333333333 0.10970833333333332 0.15104166666666666
0 0.9548194444444444 0.5711875000000001 0.07269444444444445 0.1180625
0 0.04386111111111111 0.8888958333333333 0.08773611111111111 0.22222916666666667
0 0.14477777777777778 0.9366249999999999 0.12565277777777778 0.12672916666666667
0 0.26222222222222225 0.9409791666666667 0.06898611111111111 0.09722916666666667
0 0.34555555555555556 0.9661458333333334 0.09215277777777776 0.06770833333333333
0 0.4444861111111111 0.9479166666666666 0.08640277777777777 0.1006875
0 0.180625 0.8316041666666667 0.1358611111111111 0.0868125
0 0.32934722222222224 0.8845416666666667 0.11993055555555555 0.09202083333333334
0 0.5538333333333333 0.9652708333333333 0.10218055555555555 0.0694375
0 0.6394861111111111 0.9270833333333334 0.12002777777777777 0.14583333333333334
0 0.899263888888889 0.8532916666666667 0.10091666666666667 0.0850625
0 0.9765972222222222 0.9088541666666666 0.04681944444444445 0.18229166666666666
0 0.8419861111111111 0.6709999999999999 0.041916666666666665 0.19618750000000001
0 0.7395694444444445 0.40625 0.07319444444444445 0.06597916666666667