0 0.5893194444444444 0.1316875 0.06811111111111111 0.08185416666666666
0 0.644375 0.1324375 0.05523611111111112 0.06845833333333333
0 0.5794027777777778 0.036458333333333336 0.04826388888888889 0.06102083333333333
0 0.5357638888888889 0.12872916666666667 0.05420833333333334 0.07291666666666667
0 0.4043333333333333 0.16518750000000001 0.05515277777777778 0.0625
0 0.4995555555555556 0.23810416666666667 0.08494444444444443 0.0863125
0 0.5625416666666666 0.21056249999999999 0.08397222222222223 0.11458333333333333
0 0.643888888888889 0.21577083333333333 0.12565277777777778 0.139875
0 0.7291805555555555 0.25445833333333334 0.08402777777777778 0.12202083333333333
0 0.8135 0.27529166666666666 0.07016666666666667 0.08929166666666667
0 0.6414027777777778 0.3474791666666667 0.10879166666666666 0.14731249999999999
0 0.738611111111111 0.3824375 0.09097222222222222 0.14583333333333334
0 0.8179583333333332 0.3839375 0.08505555555555556 0.125
0 0.8873888888888888 0.4032708333333333 0.05134722222222222 0.07439583333333334
0 0.8397777777777777 0.5238125 0.059263888888888894 0.14881250000000001
0 0.7747916666666667 0.5133958333333334 0.06672222222222222 0.125
0 0.7842361111111111 0.6577291666666666 0.07313888888888888 0.15179166666666666
0 0.8368055555555556 0.7686041666666666 0.06720833333333333 0.12054166666666667
0 0.9181388888888888 0.6443541666666667 0.04540277777777778 0.0714375
0 0.9290416666666667 0.81325 0.03152777777777778 0.06397916666666667
0 0.6939583333333333 0.5215833333333334 0.13320833333333332 0.15327083333333333
0 0.704875 0.6837708333333333 0.09095833333333332 0.19195833333333334
0 0.7505138888888889 0.8370625 0.08701388888888889 0.15922916666666667
0 0.8055555555555556 0.8846666666666666 0.05627777777777778 0.12647916666666667
0 0.5625277777777777 0.34970833333333334 0.08266666666666667 0.15179166666666666
0 0.47424999999999995 0.34299999999999997 0.09261111111111112 0.17708333333333334
0 0.6061805555555555 0.5059583333333334 0.07604166666666666 0.1875
0 0.5283055555555556 0.5111666666666667 0.10152777777777777 0.16518750000000001
0 0.613625 0.6808125 0.08695833333333333 0.16518750000000001
0 0.6875277777777777 0.8340833333333334 0.08004166666666666 0.15922916666666667
0 0.7341388888888889 0.9464375 0.08402777777777778 0.08929166666666667
0 0.7991111111111111 0.9590833333333334 0.06719444444444445 0.07589583333333333
0 0.4043333333333333 0.26339583333333333 0.10475 0.14285416666666664
0 0.39144444444444443 0.3995625 0.09483333333333334 0.15029166666666666
0 0.42319444444444443 0.5014791666666667 0.12262500000000001 0.139875
0 0.5134444444444445 0.6607083333333333 0.10081944444444445 0.17856249999999999
0 0.5754444444444444 0.8020833333333334 0.10381944444444445 0.125
0 0.6394166666666666 0.9397291666666666 0.10086111111111112 0.12054166666666667
0 0.5218611111111111 0.93825 0.12433333333333332 0.12352083333333333
0 0.40381944444444445 0.9099791666666667 0.11644444444444445 0.18006250000000001
0 0.46929166666666666 0.7983541666666666 0.12038888888888889 0.15922916666666667
0 0.398375 0.6287291666666667 0.13330555555555557 0.12945833333333334
0 0.3096111111111111 0.9315416666666666 0.11165277777777778 0.13689583333333333
0 0.34629166666666666 0.7708333333333334 0.12043055555555554 0.13689583333333333
0 0.29025 0.609375 0.09366666666666666 0.15922916666666667
0 0.28679166666666667 0.4188958333333333 0.1125138888888889 0.20089583333333336
0 0.30613888888888885 0.2618958333333333 0.08686111111111111 0.1160625
0 0.25206944444444446 0.7693541666666667 0.08277777777777778 0.18154166666666666
0 0.4797083333333333 0.14806249999999999 0.07376388888888889 0.08779166666666667
0 0.20694444444444443 0.43154166666666666 0.04806944444444444 0.08035416666666667