0 0.18922746781115882 0.10590277777777778 0.12967811158798284 0.08333333333333333
0 0.2469098712446352 0.20920833333333333 0.12512875536480686 0.08159722222222222
0 0.40109442060085837 0.204 0.1457081545064378 0.0920138888888889
0 0.5030257510729613 0.16580555555555554 0.1761587982832618 0.1232638888888889
0 0.36890557939914165 0.09722222222222222 0.16716738197424894 0.1111111111111111
0 0.5566738197424893 0.057291666666666664 0.18690987124463518 0.08680555555555555
0 0.7202575107296137 0.08768055555555555 0.1386909871244635 0.109375
0 0.8329184549356223 0.08420833333333334 0.12800429184549356 0.16145833333333334
0 0.5901716738197424 0.18143055555555554 0.20733905579399142 0.10590277777777778
0 0.7551287553648068 0.20833333333333334 0.12259656652360515 0.1423611111111111
0 0.8409442060085837 0.22483333333333333 0.06899141630901287 0.14756944444444445
0 0.6049141630901287 0.28906944444444443 0.18854077253218884 0.0920138888888889
0 0.4708369098712446 0.3159722222222222 0.14933476394849787 0.13541666666666666
0 0.2857725321888412 0.3324722222222222 0.19401287553648067 0.1371527777777778
0 0.11549356223175966 0.3090277777777778 0.11435622317596567 0.1423611111111111
0 0.07607296137339056 0.17795833333333333 0.15216738197424892 0.0954861111111111
0 0.17851931330472104 0.4557361111111111 0.24042918454935625 0.16493055555555555
0 0.3850214592274678 0.4965277777777778 0.13321888412017166 0.1423611111111111
0 0.5338412017167382 0.4392361111111111 0.20197424892703864 0.0798611111111111
0 0.6961373390557939 0.4262222222222222 0.15476394849785408 0.15104166666666666
0 0.7926609442060085 0.3272638888888889 0.1402145922746781 0.09895833333333333
0 0.7739055793991416 0.4678888888888889 0.13334763948497855 0.16145833333333334
0 0.16506437768240342 0.6145833333333334 0.2155150214592275 0.11805555555555555
0 0.35015021459227463 0.6762222222222222 0.14929184549356223 0.2204861111111111
0 0.19860515021459227 0.7291666666666666 0.1967381974248927 0.11805555555555555
0 0.22412017167381973 0.84375 0.19753218884120172 0.1284722222222222
0 0.21871244635193132 0.9661527777777777 0.1618669527896996 0.06770833333333333
0 0.39710300429184553 0.9479166666666666 0.18416309012875534 0.08333333333333333
0 0.3916952789699571 0.8533055555555555 0.15912017167381975 0.1232638888888889
0 0.5151072961373391 0.782125 0.14130901287553646 0.10243055555555555
0 0.5016738197424893 0.6840277777777778 0.15371244635193132 0.1076388888888889
0 0.5486266094420601 0.6024305555555556 0.20836909871244633 0.16319444444444445
0 0.574077253218884 0.5052083333333334 0.2287982832618026 0.08333333333333333
0 0.7417167381974249 0.6215277777777778 0.16551502145922745 0.1527777777777778
0 0.7283047210300428 0.7777777777777778 0.17238197424892704 0.0763888888888889
0 0.7242489270386266 0.7144166666666667 0.282381974248927 0.050347222222222224
0 0.6116309012875536 0.796875 0.05712446351931331 0.08680555555555555
0 0.5942274678111589 0.9019166666666667 0.19227467811158797 0.11979166666666667
0 0.7604935622317597 0.9036527777777777 0.12798283261802576 0.1579861111111111
0 0.5928540772532188 0.9783055555555555 0.21268240343347639 0.03993055555555555
0 0.21201716738197424 0.03038888888888889 0.10553648068669527 0.036458333333333336
0 0.09937768240343348 0.04427777777777778 0.06266094420600858 0.057291666666666664