0 0.4687708333333333 0.5829027777777778 0.5033541666666667 0.36719444444444443
0 0.34125 0.30077777777777776 0.15275 0.13802777777777778
0 0.5105 0.30859722222222224 0.1996666666666667 0.12240277777777778
0 0.6979583333333333 0.37195833333333334 0.16327083333333334 0.10677777777777778
0 0.8268333333333333 0.2599861111111111 0.07739583333333333 0.08768055555555555
0 0.6041875 0.21658333333333332 0.341875 0.07552777777777778
0 0.48833333333333334 0.08897222222222223 0.1414375 0.07379166666666667
0 0.2526875 0.14193055555555556 0.22222916666666667 0.10330555555555555
0 0.39722916666666663 0.18619444444444444 0.12933333333333333 0.079
0 0.46493749999999995 0.13584722222222223 0.1501875 0.07205555555555555
0 0.645875 0.07508333333333334 0.10597916666666667 0.06511111111111112
0 0.14727083333333332 0.42665277777777777 0.113625 0.09115277777777778
0 0.15895833333333334 0.5368888888888889 0.12331249999999999 0.0772638888888889
0 0.10985416666666666 0.27994444444444444 0.2197083333333333 0.16580555555555554
0 0.0951875 0.1618888888888889 0.1188125 0.04427777777777778
0 0.36337499999999995 0.05859722222222222 0.13972916666666665 0.07031944444444445
0 0.24100000000000002 0.06119444444444445 0.07720833333333334 0.04080555555555555
0 0.47533333333333333 0.02344444444444444 0.11372916666666667 0.046875
0 0.8424583333333333 0.14452777777777778 0.1190625 0.08594444444444445