0 0.4201805555555555 0.734375 0.08023611111111112 0.11458333333333333
0 0.4415833333333333 0.5980833333333333 0.08833333333333333 0.15452083333333333
0 0.5179722222222222 0.7256874999999999 0.10379166666666667 0.15972916666666667
0 0.46645833333333336 0.47047916666666667 0.08948611111111113 0.07291666666666667
0 0.5058055555555556 0.5833333333333334 0.04780555555555556 0.11458333333333333
0 0.6169166666666667 0.7751666666666667 0.09572222222222222 0.15104166666666666
0 0.48670833333333335 0.890625 0.07675 0.12152083333333333
0 0.49770833333333336 0.15712500000000001 0.07327777777777778 0.08854166666666667
0 0.6105555555555556 0.22743750000000001 0.08298611111111111 0.11110416666666666
0 0.6169027777777778 0.10764583333333334 0.05472222222222222 0.09375
0 0.6822916666666666 0.26995833333333336 0.0645 0.12672916666666667
0 0.7557638888888889 0.2838541666666667 0.040777777777777774 0.08160416666666667
0 0.760986111111111 0.41579166666666667 0.06220833333333333 0.09547916666666666
0 0.7962777777777779 0.6223958333333334 0.04718055555555555 0.057291666666666664
0 0.7135277777777778 0.7074583333333333 0.04658333333333333 0.06422916666666666
0 0.7175833333333332 0.7933958333333333 0.04715277777777778 0.07985416666666666
0 0.6255972222222222 0.8871458333333333 0.07373611111111111 0.07639583333333334
0 0.39181944444444444 0.8532916666666667 0.08372222222222223 0.0850625
0 0.7864444444444445 0.5277708333333334 0.07841666666666666 0.11458333333333333
0 0.8066805555555555 0.33160416666666664 0.059277777777777776 0.11458333333333333
0 0.82 0.4453125 0.050652777777777776 0.109375
0 0.7667638888888889 0.10416666666666667 0.048874999999999995 0.08333333333333333
0 0.7517361111111112 0.1875 0.08766666666666666 0.1006875
0 0.6961666666666667 0.061625 0.06279166666666666 0.078125
0 0.6678333333333333 0.15016666666666667 0.049444444444444444 0.0711875
0 0.5330138888888889 0.23870833333333333 0.06444444444444444 0.08854166666666667
0 0.4479583333333333 0.6111041666666667 0.054000000000000006 0.0694375
0 0.4948333333333333 0.3958333333333333 0.07369444444444445 0.10764583333333334
0 0.5428472222222223 0.3177083333333333 0.06329166666666666 0.07291666666666667
0 0.6070833333333334 0.30035416666666664 0.06909722222222223 0.05902083333333333
0 0.6880694444444445 0.6762083333333333 0.041958333333333334 0.04339583333333333
0 0.7418888888888888 0.6258750000000001 0.04541666666666667 0.0850625
0 0.7557777777777778 0.7083333333333334 0.05873611111111111 0.1006875