0 0.36548611111111107 0.3292796610169491 0.15605555555555556 0.2701271186440678
0 0.5165277777777777 0.4228389830508475 0.12519444444444444 0.24540254237288137
0 0.6484583333333334 0.3486864406779661 0.12755555555555556 0.2807203389830508
0 0.7809583333333333 0.3442796610169492 0.11950000000000001 0.2824788135593221
0 0.5159583333333333 0.22334745762711863 0.1309861111111111 0.1430084745762712
0 0.35854166666666665 0.09358050847457627 0.14680555555555555 0.18713983050847458
0 0.6253055555555556 0.12536016949152542 0.12291666666666666 0.15889830508474576
0 0.502625 0.07591101694915253 0.10625 0.1483050847457627
0 0.7745833333333334 0.12182203389830508 0.13686111111111113 0.14476694915254237
0 0.6316527777777778 0.027372881355932202 0.1073611111111111 0.030021186440677965
0 0.9192361111111111 0.2277542372881356 0.14847222222222223 0.4378601694915254
0 0.9227083333333334 0.5605508474576271 0.08598611111111111 0.22069915254237288
0 0.43375 0.6620762711864406 0.2902638888888889 0.2789618644067796
0 0.6530833333333333 0.6991525423728814 0.1483888888888889 0.3389830508474576
0 0.8307222222222223 0.6903177966101695 0.177375 0.3177966101694915
0 0.20405555555555555 0.5729237288135594 0.13180555555555556 0.3301483050847458
0 0.22431944444444443 0.3469279661016949 0.11444444444444445 0.11122881355932203
0 0.06729166666666667 0.5358474576271186 0.13459722222222223 0.3301483050847458
0 0.44305555555555554 0.8968855932203389 0.22354166666666664 0.15184322033898306
0 0.25787499999999997 0.8884110169491525 0.15145833333333333 0.22315677966101694