0 0.8949266247379455 0.03038888888888889 0.1041090146750524 0.06076388888888889
0 0.7311530398322851 0.08723611111111111 0.16058700209643606 0.10504166666666666
0 0.8503773584905661 0.12022222222222223 0.12505241090146751 0.08941666666666666
0 0.9682389937106919 0.101125 0.06350104821802935 0.06684722222222222
0 0.5490566037735849 0.05598611111111111 0.1370649895178197 0.1119861111111111
0 0.7128301886792452 0.029513888888888888 0.16431865828092243 0.059027777777777776
0 0.4088679245283019 0.05859722222222222 0.14496855345911952 0.08594444444444445
0 0.2647589098532495 0.04730555555555556 0.18169811320754717 0.09115277777777778
0 0.14163522012578617 0.05077777777777778 0.0979035639412998 0.09115277777777778
0 0.09578616352201258 0.15668055555555555 0.14052410901467505 0.0963611111111111
0 0.09972746331236898 0.2721388888888889 0.17459119496855346 0.1119861111111111
0 0.23727463312368974 0.21397222222222223 0.11960167714884695 0.12066666666666666
0 0.3067295597484277 0.15841666666666668 0.23228511530398321 0.12413888888888888
0 0.5320545073375262 0.1931388888888889 0.16949685534591194 0.13802777777777778
0 0.6971069182389936 0.20616666666666666 0.1380922431865828 0.11893055555555555
0 0.4010062893081761 0.25477777777777777 0.14496855345911952 0.09288888888888888
0 0.3080293501048218 0.3337638888888889 0.16679245283018868 0.10330555555555555
0 0.10886792452830188 0.4006111111111111 0.200083857442348 0.10330555555555555
0 0.48356394129979036 0.37716666666666665 0.14064989517819707 0.1588611111111111
0 0.5752830188679245 0.32075 0.20356394129979036 0.12240277777777778
0 0.7626205450733752 0.34679166666666666 0.11716981132075471 0.08420833333333334
0 0.8490566037735849 0.22526388888888887 0.1710272536687631 0.1276111111111111
0 0.8779035639412998 0.3346388888888889 0.11197064989517819 0.10851388888888888
0 0.6617400419287212 0.4605 0.15643605870020966 0.15191666666666667
0 0.4770020964360587 0.5420972222222222 0.1920964360587002 0.1119861111111111
0 0.3341928721174004 0.44140277777777776 0.16333333333333333 0.09809722222222221
0 0.15081761006289307 0.5334166666666667 0.19817610062893082 0.13455555555555554
0 0.1089098532494759 0.6697083333333333 0.18769392033542978 0.125875
0 0.3250524109014675 0.6106805555555556 0.13274633123689727 0.16059722222222222
0 0.26348008385744237 0.7443611111111111 0.14580712788259959 0.12934722222222222
0 0.09744234800838573 0.8198749999999999 0.19488469601677147 0.17275
0 0.056813417190775685 0.9492222222222223 0.11364779874213837 0.052958333333333336
0 0.26348008385744237 0.9526944444444445 0.12486373165618449 0.07379166666666667
0 0.47176100628930817 0.96875 0.1239832285115304 0.0625
0 0.6355345911949685 0.6375833333333334 0.13547169811320756 0.0963611111111111
0 0.859538784067086 0.44054166666666666 0.150062893081761 0.079
0 0.770482180293501 0.5585972222222222 0.13813417190775681 0.09115277777777778
0 0.5045073375262055 0.6506111111111111 0.15278825995807127 0.08941666666666666
0 0.42593291404612155 0.7504305555555555 0.18255765199161425 0.12412500000000001
0 0.3905660377358491 0.8528611111111111 0.19563941299790355 0.10677777777777778
0 0.5320545073375262 0.8910555555555555 0.1590146750524109 0.0963611111111111
0 0.5831027253668762 0.7669305555555557 0.18945492662473795 0.12066666666666666
0 0.7049685534591195 0.7261249999999999 0.12763102725366876 0.08594444444444445
0 0.7481761006289308 0.6393194444444444 0.1160377358490566 0.063375
0 0.6381341719077568 0.8763055555555557 0.06890985324947589 0.14497222222222222
0 0.6892243186582809 0.7868888888888889 0.1239203354297694 0.08073611111111112
0 0.5923060796645702 0.9709166666666665 0.1171069182389937 0.05816666666666667