0 0.3287638888888889 0.733135593220339 0.07016666666666667 0.19686440677966102
0 0.3646388888888889 0.9096822033898305 0.07943055555555555 0.15095338983050846
0 0.25643055555555555 0.940593220338983 0.069875 0.11563559322033898
0 0.252375 0.8364194915254237 0.08493055555555555 0.12622881355932203
0 0.252375 0.7128389830508474 0.07336111111111111 0.12622881355932203
0 0.17022222222222222 0.9391737288135593 0.0654861111111111 0.12165254237288135
0 0.16269444444444445 0.8205296610169492 0.08843055555555555 0.12622881355932203
0 0.052763888888888895 0.9008686440677965 0.04808333333333333 0.08385593220338983
0 0.08344444444444445 0.8108262711864407 0.06313888888888888 0.10504237288135593
0 0.11005555555555555 0.713728813559322 0.1025 0.11917372881355932
0 0.18816666666666665 0.6934110169491526 0.08052777777777777 0.15625
0 0.13724999999999998 0.5248093220338983 0.0758888888888889 0.12976694915254236
0 0.2061111111111111 0.5142161016949153 0.08863888888888889 0.17567796610169492
0 0.13261111111111112 0.4135805084745763 0.086125 0.0926906779661017
0 0.08518055555555555 0.5009745762711865 0.06430555555555555 0.09622881355932204
0 0.20956944444444442 0.3968008474576271 0.08633333333333333 0.13860169491525423
0 0.13608333333333333 0.32264830508474573 0.0815 0.09093220338983052
0 0.366375 0.4391737288135593 0.08290277777777777 0.14211864406779662
0 0.438125 0.41180084745762713 0.089875 0.15449152542372882
0 0.36115277777777777 0.32353813559322037 0.07794444444444444 0.10328389830508475
0 0.39991666666666664 0.2988135593220339 0.08602777777777777 0.13152542372881357
0 0.33106944444444447 0.24055084745762714 0.07795833333333334 0.15271186440677967
0 0.37794444444444447 0.21141949152542375 0.05281944444444445 0.0997457627118644
0 0.3241111111111111 0.15934322033898304 0.07104166666666667 0.13152542372881357
0 0.25758333333333333 0.1778813559322034 0.07219444444444444 0.16508474576271187
0 0.5949305555555556 0.40298728813559326 0.08183333333333334 0.15800847457627118
0 0.6741944444444444 0.42063559322033894 0.08301388888888889 0.18978813559322033
0 0.6383055555555556 0.28557203389830504 0.09290277777777778 0.11563559322033898
0 0.71875 0.305 0.091125 0.14919491525423728
0 0.5775555555555555 0.2917584745762712 0.043152777777777776 0.0926906779661017
0 0.6539444444444444 0.19993644067796612 0.09804166666666667 0.09798728813559322
0 0.6932916666666666 0.12932203389830507 0.07723611111111112 0.1403601694915254
0 0.6869305555555555 0.6148516949152542 0.09922222222222223 0.16860169491525423
0 0.7251111111111112 0.7313771186440677 0.08070833333333333 0.12976694915254236
0 0.7627222222222222 0.658114406779661 0.08188888888888889 0.17038135593220338
0 0.8229027777777778 0.6837076271186441 0.07033333333333333 0.16508474576271187
0 0.7794861111111111 0.5433474576271186 0.10441666666666667 0.15800847457627118
0 0.7592361111111111 0.4383050847457627 0.08706944444444444 0.13860169491525423
0 0.8524027777777778 0.5451059322033899 0.07381944444444444 0.17389830508474577
0 0.8738194444444444 0.6740042372881356 0.06572222222222222 0.15271186440677967
0 0.7141249999999999 0.8673093220338983 0.07493055555555556 0.1403601694915254
0 0.7193333333333333 0.9638983050847457 0.07376388888888889 0.07220338983050847
0 0.8176944444444445 0.8708474576271187 0.06916666666666667 0.13682203389830508
0 0.9062083333333334 0.8452542372881355 0.042583333333333334 0.1209322033898305
0 0.9374583333333334 0.9308686440677966 0.04722222222222222 0.09798728813559322
0 0.8552916666666666 0.9538347457627118 0.049513888888888885 0.08033898305084747
0 0.9802777777777777 0.6925423728813559 0.037986111111111116 0.12622881355932203
0 0.9461250000000001 0.557478813559322 0.07659722222222222 0.09798728813559322
0 0.9044722222222222 0.44889830508474576 0.06040277777777778 0.11741525423728814
0 0.9513472222222222 0.45330508474576275 0.051861111111111115 0.09622881355932204
0 0.8327222222222221 0.36591101694915257 0.07200000000000001 0.14211864406779662
0 0.9033194444444445 0.3252966101694915 0.0761388888888889 0.12271186440677967
0 0.9426666666666667 0.3765042372881356 0.01598611111111111 0.052076271186440676
0 0.809 0.2352542372881356 0.098625 0.1068220338983051
0 0.8772916666666666 0.2078813559322034 0.0796111111111111 0.11033898305084745
0 0.5636805555555556 0.8028813559322033 0.05866666666666667 0.0926906779661017
0 0.5642638888888889 0.6872245762711865 0.07602777777777778 0.1403601694915254
0 0.6018611111111111 0.8170127118644067 0.03322222222222222 0.1068220338983051
0 0.4925138888888889 0.8117161016949153 0.041291666666666664 0.08209745762711865
0 0.5029166666666667 0.7190254237288135 0.04897222222222222 0.1068220338983051
0 0.4572083333333333 0.8028813559322033 0.036250000000000004 0.1403601694915254