0 0.3559583333333334 0.16595338983050847 0.051333333333333335 0.0776906779661017
0 0.32181944444444444 0.2409957627118644 0.06090277777777778 0.10063559322033898
0 0.3252777777777778 0.3398728813559322 0.09879166666666667 0.10063559322033898
0 0.40688888888888886 0.423728813559322 0.108375 0.13417372881355932
0 0.42133333333333334 0.3257415254237288 0.094125 0.11828389830508475
0 0.4757361111111111 0.22245762711864406 0.1512222222222222 0.11652542372881355
0 0.5266527777777777 0.353114406779661 0.11420833333333334 0.15184322033898306
0 0.5110138888888889 0.4749364406779661 0.1299722222222222 0.13417372881355932
0 0.6180694444444444 0.368114406779661 0.10266666666666667 0.1853813559322034
0 0.6510416666666666 0.2506991525423729 0.12991666666666668 0.13065677966101696
0 0.6273333333333333 0.503177966101695 0.12581944444444446 0.09180084745762712
0 0.7193333333333333 0.4299152542372881 0.10386111111111111 0.21010593220338983
0 0.8049583333333334 0.3901906779661017 0.04833333333333333 0.1483050847457627
0 0.7818055555555555 0.2727754237288136 0.13219444444444445 0.13241525423728814
0 0.8084305555555557 0.4908262711864407 0.050652777777777776 0.11652542372881355
0 0.8917499999999999 0.5005296610169492 0.09697222222222221 0.15360169491525424
0 0.8830555555555555 0.3151483050847458 0.08470833333333333 0.19597457627118645
0 0.94325 0.3063135593220339 0.06575 0.2842584745762712
0 0.9672222222222222 0.25334745762711863 0.06554166666666666 0.3442796610169492
0 0.9550694444444444 0.05472457627118644 0.08984722222222222 0.0847457627118644
0 0.8402361111111112 0.07415254237288135 0.14258333333333334 0.14476694915254237
0 0.706 0.08563559322033899 0.12875 0.13595338983050848
0 0.40974999999999995 0.04855932203389831 0.14041666666666666 0.0865042372881356
0 0.5197222222222222 0.1403601694915254 0.19058333333333333 0.06885593220338983
0 0.6209722222222223 0.12182203389830508 0.10151388888888889 0.0776906779661017
0 0.2720416666666667 0.6920974576271187 0.13815277777777776 0.11652542372881355
0 0.42251388888888886 0.6850211864406779 0.19286111111111112 0.16595338983050847
0 0.5266388888888889 0.6011652542372882 0.15426388888888887 0.09358050847457627
0 0.6603194444444445 0.6426483050847457 0.10847222222222222 0.1694915254237288
0 0.7598333333333334 0.6435381355932204 0.09229166666666667 0.15360169491525424
0 0.8385277777777778 0.6558898305084745 0.08075 0.2065677966101695
0 0.918375 0.6611864406779661 0.08540277777777779 0.1924364406779661
0 0.9741666666666666 0.6258898305084746 0.05165277777777778 0.3478177966101695
0 0.9640833333333333 0.892478813559322 0.06806944444444445 0.2136228813559322
0 0.8795833333333333 0.8677542372881356 0.10091666666666667 0.24540254237288137
0 0.7708055555555556 0.8456991525423729 0.10558333333333333 0.2860169491525424
0 0.6290416666666667 0.8448093220338984 0.18084722222222224 0.2983686440677966
0 0.5555694444444444 0.6788559322033899 0.11954166666666666 0.11476694915254237
0 0.4757222222222222 0.8760593220338984 0.12881944444444443 0.2478813559322034
0 0.37851388888888887 0.8707627118644068 0.10340277777777779 0.2584745762711864
0 0.18988888888888888 0.7079872881355933 0.05948611111111111 0.09180084745762712
0 0.16906944444444444 0.7927330508474577 0.1071388888888889 0.13417372881355932
0 0.1696388888888889 0.9295550847457628 0.11388888888888889 0.11476694915254237
0 0.16386111111111112 0.5570338983050848 0.08284722222222222 0.09709745762711865
0 0.171375 0.4546186440677966 0.06643055555555555 0.1076906779661017
0 0.22461111111111112 0.2771822033898305 0.03079166666666667 0.07415254237288135
0 0.19915277777777776 0.3460381355932204 0.03865277777777777 0.07061440677966101