0 0.33549266247379456 0.11840277777777777 0.10761006289308175 0.06458333333333334
0 0.4120125786163522 0.1684027777777778 0.06218029350104822 0.0798611111111111
0 0.3260796645702306 0.17256944444444444 0.10553459119496857 0.06736111111111111
0 0.2317400419287212 0.09618055555555556 0.08878406708595388 0.06736111111111111
0 0.23176100628930818 0.16284722222222223 0.0788888888888889 0.06875
0 0.14161425576519915 0.12395833333333334 0.0720545073375262 0.06180555555555556
0 0.17832285115303984 0.20520833333333333 0.11450733752620544 0.08958333333333333
0 0.32924528301886796 0.2607638888888889 0.16905660377358492 0.13680555555555557
0 0.4256394129979036 0.26284722222222223 0.08524109014675052 0.09652777777777778
0 0.1520964360587002 0.315625 0.19362683438155137 0.10347222222222222
0 0.2967505241090147 0.3836805555555556 0.1459958071278826 0.11875
0 0.4046960167714885 0.3628472222222222 0.0810482180293501 0.08263888888888889
0 0.12064989517819706 0.4267361111111111 0.19362683438155137 0.09236111111111112
0 0.30932914046121596 0.5045138888888889 0.1669601677148847 0.14097222222222222
0 0.13742138364779874 0.5253472222222222 0.15589098532494758 0.10347222222222222
0 0.330272536687631 0.634375 0.12924528301886792 0.11180555555555556
0 0.41935010482180296 0.7072916666666667 0.06849056603773586 0.06875
0 0.1667505241090147 0.6309027777777778 0.18104821802935012 0.11180555555555556
0 0.31769392033542976 0.7184027777777777 0.1040880503144654 0.06319444444444444
0 0.17306079664570231 0.7267361111111111 0.16427672955974842 0.06736111111111111
0 0.1468763102725367 0.8163194444444445 0.08515723270440251 0.10902777777777778
0 0.21184486373165617 0.9038194444444444 0.08517819706498952 0.07291666666666667
0 0.3030188679245283 0.9385416666666667 0.057966457023060795 0.04236111111111111
0 0.3774423480083857 0.9399305555555556 0.04750524109014675 0.02847222222222222
0 0.4088679245283019 0.9100694444444445 0.034947589098532496 0.024305555555555556
0 0.6352410901467505 0.9621527777777777 0.06979035639412998 0.024305555555555556
0 0.5346331236897275 0.9413194444444445 0.09496855345911949 0.04375
0 0.7190985324947589 0.9197916666666667 0.06138364779874214 0.03958333333333333
0 0.779874213836478 0.8225694444444445 0.030880503144654087 0.06597222222222222
0 0.779895178197065 0.7288194444444445 0.10213836477987422 0.08402777777777778
0 0.7463522012578616 0.8621527777777778 0.07698113207547169 0.050694444444444445
0 0.48538784067085955 0.7274305555555556 0.06641509433962264 0.06180555555555556
0 0.4067714884696017 0.7572916666666667 0.08662473794549266 0.04791666666666667
0 0.6331656184486373 0.6836805555555555 0.08532494758909853 0.07708333333333334
0 0.7086163522012578 0.6753472222222222 0.08953878406708596 0.09097222222222222
0 0.7977148846960167 0.6489583333333333 0.1210062893081761 0.09375
0 0.6677358490566038 0.5885416666666666 0.15153039832285115 0.09097222222222222
0 0.8207756813417191 0.5482638888888889 0.13358490566037737 0.09513888888888888
0 0.8647798742138365 0.6079861111111111 0.06234800838574423 0.04791666666666667
0 0.028050314465408805 0.5302083333333333 0.05607966457023061 0.09375
0 0.04624737945492662 0.6038194444444445 0.06836477987421384 0.059027777777777776
0 0.03471698113207547 0.3524305555555556 0.06790356394129979 0.06041666666666667
0 0.020712788259958072 0.4288194444444444 0.041425576519916144 0.0798611111111111
0 0.031194968553459122 0.26284722222222223 0.062368972746331235 0.07569444444444444
0 0.07664570230607967 0.18645833333333334 0.059496855345911946 0.059027777777777776
0 0.8867714884696017 0.45868055555555554 0.06442348008385744 0.0798611111111111
0 0.80083857442348 0.45381944444444444 0.08649895178197065 0.05486111111111111
0 0.9014675052410901 0.528125 0.04348008385744234 0.05486111111111111
0 0.680314465408805 0.4864583333333333 0.15153039832285115 0.10625
0 0.8175890985324947 0.37604166666666666 0.25419287211740044 0.09930555555555555
0 0.6048427672955975 0.37604166666666666 0.14735849056603775 0.09652777777777778
0 0.5608385744234801 0.4552083333333333 0.10415094339622641 0.07013888888888889
0 0.5461844863731655 0.5163194444444444 0.09576519916142558 0.06180555555555556
0 0.4958490566037736 0.37395833333333334 0.08870020964360588 0.08402777777777778
0 0.66041928721174 0.2815972222222222 0.19851153039832284 0.08402777777777778
0 0.5168134171907757 0.2760416666666667 0.09708595387840671 0.09097222222222222
0 0.819727463312369 0.2704861111111111 0.1440670859538784 0.08402777777777778
0 0.89937106918239 0.2809027777777778 0.07283018867924529 0.0798611111111111
0 0.8029350104821803 0.3079861111111111 0.07392033542976939 0.06041666666666667
0 0.5870230607966457 0.2107638888888889 0.1578406708595388 0.049305555555555554
0 0.6887002096436059 0.21145833333333333 0.10002096436058701 0.08263888888888889
0 0.7568343815513626 0.2065972222222222 0.08955974842767295 0.07569444444444444
0 0.5639832285115304 0.1545138888888889 0.13270440251572327 0.08125
0 0.6226624737945492 0.09756944444444444 0.09494758909853249 0.06458333333333334
0 0.5629350104821803 0.10659722222222222 0.06771488469601676 0.04097222222222222
0 0.669853249475891 0.12395833333333334 0.10419287211740043 0.05763888888888889
0 0.7044234800838575 0.08923611111111111 0.08654088050314465 0.050694444444444445
0 0.7044234800838575 0.159375 0.06438155136268343 0.04236111111111111
0 0.7568343815513626 0.1295138888888889 0.07278825995807128 0.07430555555555556
0 0.8375262054507338 0.17673611111111112 0.0790985324947589 0.06041666666666667
0 0.6572536687631028 0.7982638888888889 0.0006079664570230607 0.0006944444444444445