0 0.6417777777777778 0.3663559322033898 0.08595833333333333 0.07944915254237288
0 0.7361111111111112 0.363707627118644 0.08419444444444445 0.08828389830508475
0 0.6238472222222222 0.4555084745762712 0.08943055555555555 0.09533898305084745
0 0.7332222222222222 0.4899364406779661 0.10154166666666667 0.1641949152542373
0 0.6128611111111111 0.549957627118644 0.096875 0.12887711864406778
0 0.5520972222222222 0.4360805084745763 0.04779166666666666 0.13065677966101696
0 0.5601944444444444 0.383114406779661 0.08945833333333333 0.08120762711864406
0 0.7175972222222222 0.5976271186440678 0.11890277777777777 0.07591101694915253
0 0.8072777777777778 0.5596822033898305 0.05759722222222222 0.0988771186440678
0 0.6024305555555556 0.6532415254237288 0.12068055555555555 0.06709745762711865
0 0.5324305555555556 0.5614406779661016 0.06631944444444444 0.08120762711864406
0 0.3519027777777778 0.3495762711864407 0.09183333333333334 0.10239406779661017
0 0.45606944444444447 0.3813559322033898 0.09798611111111111 0.11298728813559322
0 0.27726388888888887 0.3875423728813559 0.05598611111111111 0.09709745762711865
0 0.2801666666666667 0.4802330508474576 0.09561111111111112 0.07061440677966101
0 0.21766666666666667 0.4025423728813559 0.06873611111111111 0.1059322033898305
0 0.213625 0.5270127118644068 0.08054166666666666 0.10417372881355932
0 0.38547222222222227 0.6320550847457627 0.077125 0.10947033898305085
0 0.2975138888888889 0.5676271186440678 0.08491666666666667 0.11476694915254237
0 0.41555555555555557 0.519957627118644 0.08870833333333333 0.1076906779661017
0 0.3790972222222222 0.4360805084745763 0.0976111111111111 0.0776906779661017
0 0.49366666666666664 0.4652118644067797 0.06212499999999999 0.07591101694915253
0 0.4595416666666667 0.6126483050847458 0.0933611111111111 0.12358050847457627
0 0.5064027777777778 0.6311864406779661 0.05518055555555555 0.11828389830508475
0 0.35479166666666667 0.5340677966101696 0.04670833333333334 0.11476694915254237
0 0.4699305555555556 0.6947457627118644 0.09643055555555556 0.04766949152542373
0 0.826375 0.4555084745762712 0.08652777777777777 0.10947033898305085