0 0.559496855345912 0.5212638888888889 0.3082389937106918 0.23872222222222222
0 0.8412159329140461 0.5429722222222222 0.21150943396226415 0.22656944444444443
0 0.5320545073375262 0.7643194444444443 0.29526205450733756 0.21788888888888888
0 0.820272536687631 0.7851527777777777 0.21150943396226415 0.23525
0 0.24251572327044027 0.5490416666666667 0.16153039832285115 0.12413888888888888
0 0.40628930817610065 0.3381111111111111 0.1380083857442348 0.08073611111111112
0 0.410188679245283 0.19227777777777777 0.09870020964360586 0.08420833333333334
0 0.6054088050314465 0.10459722222222223 0.10138364779874214 0.08941666666666666
0 0.5818238993710692 0.26172222222222224 0.09090146750524108 0.11545833333333333
0 0.7495178197064989 0.148 0.12241090146750525 0.079
0 0.7468763102725366 0.27994444444444444 0.06475890985324947 0.11024999999999999
0 0.9358490566037735 0.27734722222222224 0.10211740041928721 0.0772638888888889
0 0.9054088050314465 0.3693611111111111 0.1250733752620545 0.0772638888888889