0 0.20743055555555553 0.15477083333333336 0.11363888888888887 0.16368749999999999
0 0.3234861111111111 0.16964583333333336 0.09979166666666665 0.18154166666666666
0 0.40134722222222224 0.21206250000000001 0.08494444444444443 0.14731249999999999
0 0.07606944444444445 0.889875 0.15215277777777778 0.22022916666666664
0 0.16577777777777777 0.8296041666666666 0.10173611111111111 0.17708333333333334
0 0.2605 0.8928541666666666 0.11663888888888889 0.21429166666666666
0 0.29719444444444443 0.6309583333333334 0.10076388888888889 0.15772916666666664
0 0.06509722222222222 0.7046041666666666 0.10665277777777779 0.16220833333333334
0 0.14494444444444443 0.6183125 0.10569444444444444 0.18897916666666664
0 0.042888888888888886 0.5171041666666667 0.08577777777777777 0.21875
0 0.12858333333333333 0.4032708333333333 0.10668055555555556 0.18452083333333333
0 0.24759722222222225 0.32887500000000003 0.07695833333333332 0.16964583333333336
0 0.46929166666666666 0.3623541666666667 0.10183333333333332 0.18304166666666666
0 0.5615416666666667 0.42262500000000003 0.08402777777777778 0.16368749999999999
0 0.6235416666666667 0.5089374999999999 0.09693055555555556 0.13689583333333333
0 0.6810694444444445 0.3541666666666667 0.11677777777777777 0.18452083333333333
0 0.7420694444444444 0.44345833333333334 0.07019444444444445 0.15477083333333336
0 0.7167777777777778 0.6049166666666667 0.08704166666666667 0.1324375
0 0.7981111111111111 0.6785625 0.1108611111111111 0.139875
0 0.8715 0.7068541666666667 0.10295833333333333 0.17856249999999999
0 0.9379166666666666 0.5677083333333334 0.12416666666666668 0.24852083333333336
0 0.854125 0.4151875 0.11825 0.16964583333333336
0 0.06608333333333333 0.171875 0.13045833333333334 0.25445833333333334
0 0.5228472222222222 0.19493749999999999 0.07208333333333333 0.11904166666666667
0 0.3537361111111111 0.37722916666666667 0.09286111111111112 0.16814583333333333