0 0.3438993710691824 0.8458333333333333 0.13553459119496858 0.07777777777777778
0 0.44345911949685535 0.8159722222222222 0.08735849056603774 0.08472222222222223
0 0.5115932914046122 0.7708333333333334 0.09786163522012578 0.08333333333333333
0 0.5723689727463313 0.7368055555555556 0.11046121593291404 0.10416666666666667
0 0.33025157232704405 0.7805555555555556 0.16840670859538784 0.08055555555555556
0 0.4214255765199162 0.7381944444444445 0.17048218029350104 0.12361111111111112
0 0.4906079664570231 0.6534722222222222 0.1369182389937107 0.08194444444444444
0 0.6174423480083857 0.6604166666666667 0.08322851153039833 0.07361111111111111
0 0.6541299790356394 0.7430555555555556 0.09371069182389938 0.08055555555555556
0 0.7610272536687631 0.7395833333333334 0.10213836477987422 0.09027777777777778
0 0.8375262054507338 0.6979166666666666 0.07071278825995807 0.1125
0 0.7452830188679245 0.6666666666666666 0.12635220125786165 0.07777777777777778
0 0.7882599580712788 0.6020833333333333 0.09488469601677148 0.07361111111111111
0 0.8417190775681341 0.6222222222222222 0.06651991614255766 0.05555555555555555
0 0.7211740041928721 0.6 0.09071278825995807 0.058333333333333334
0 0.7631236897274633 0.5458333333333333 0.11052410901467505 0.04722222222222222
0 0.8165618448637316 0.50625 0.0790985324947589 0.03194444444444444
0 0.11962264150943397 0.7354166666666667 0.09354297693920335 0.10416666666666667
0 0.2181341719077568 0.7131944444444445 0.09356394129979036 0.08194444444444444
0 0.20974842767295596 0.7673611111111112 0.08517819706498952 0.06527777777777778
0 0.2988259958071279 0.7041666666666667 0.07473794549266247 0.08055555555555556
0 0.15735849056603773 0.5861111111111111 0.07677148846960168 0.058333333333333334
0 0.11647798742138366 0.48055555555555557 0.09981132075471698 0.05
0 0.12589098532494758 0.4361111111111111 0.08672955974842766 0.058333333333333334
0 0.11540880503144653 0.3819444444444444 0.07415094339622641 0.05277777777777778
0 0.19088050314465407 0.5277777777777778 0.0809853249475891 0.07222222222222222
0 0.11331236897274632 0.5333333333333333 0.07834381551362683 0.05277777777777778
0 0.2946540880503145 0.49722222222222223 0.09568134171907756 0.06111111111111111
0 0.3722012578616352 0.49236111111111114 0.0831446540880503 0.0625
0 0.26947589098532493 0.44513888888888886 0.10136268343815515 0.059722222222222225
0 0.34285115303983227 0.4375 0.05377358490566037 0.05277777777777778
0 0.26004192872117404 0.4048611111111111 0.08249475890985325 0.034722222222222224
0 0.33656184486373164 0.3923611111111111 0.07893081761006289 0.04861111111111111
0 0.24431865828092245 0.36041666666666666 0.08878406708595388 0.06805555555555555
0 0.29987421383647794 0.34305555555555556 0.055870020964360584 0.05555555555555555
0 0.22335429769392035 0.30972222222222223 0.08459119496855347 0.058333333333333334
0 0.27578616352201263 0.2881944444444444 0.07471698113207548 0.06527777777777778
0 0.5126415094339623 0.4861111111111111 0.09576519916142558 0.05
0 0.4287840670859539 0.4576388888888889 0.05517819706498952 0.08194444444444444
0 0.6142976939203354 0.5145833333333333 0.08530398322851153 0.05138888888888889
0 0.6740251572327044 0.5270833333333333 0.06647798742138365 0.05416666666666667
0 0.7232914046121593 0.4756944444444444 0.05180293501048218 0.07083333333333333
0 0.6562054507337526 0.46458333333333335 0.09911949685534592 0.0763888888888889
0 0.5880922431865828 0.47152777777777777 0.03417190775681342 0.05694444444444444
0 0.720146750524109 0.4236111111111111 0.07486373165618448 0.05555555555555555
0 0.6289517819706498 0.40208333333333335 0.11171907756813416 0.07916666666666666
0 0.7075681341719078 0.3680555555555556 0.08863731656184487 0.07222222222222222
0 0.6153249475890985 0.33194444444444443 0.08027253668763103 0.08055555555555556
0 0.6771698113207547 0.2972222222222222 0.08115303983228511 0.06388888888888888
0 0.5975052410901467 0.28541666666666665 0.09075471698113208 0.05138888888888889
0 0.6373584905660377 0.24930555555555556 0.06436058700209643 0.029166666666666667
0 0.5032075471698113 0.4201388888888889 0.10624737945492663 0.06527777777777778
0 0.4319287211740042 0.39652777777777776 0.06566037735849056 0.0625
0 0.5063522012578616 0.3541666666666667 0.11253668763102725 0.05555555555555555
0 0.42354297693920334 0.3333333333333333 0.06985324947589099 0.06111111111111111
0 0.48958071278826 0.29930555555555555 0.08735849056603774 0.059722222222222225
0 0.41620545073375265 0.27708333333333335 0.07614255765199161 0.05694444444444444
0 0.4790985324947589 0.2361111111111111 0.0789727463312369 0.058333333333333334
0 0.4172536687631027 0.2298611111111111 0.09081761006289309 0.07361111111111111
0 0.4728092243186583 0.18472222222222223 0.07477987421383649 0.041666666666666664
0 0.4109643605870021 0.18055555555555555 0.04471698113207547 0.022222222222222223
0 0.5052830188679246 0.5965277777777778 0.13270440251572327 0.04583333333333333
0 0.6142976939203354 0.5972222222222222 0.09788259958071278 0.05277777777777778