0 0.4449266247379455 0.5339444444444444 0.5154716981132076 0.33025
0 0.10379454926624737 0.3819444444444444 0.15750524109014674 0.165125
0 0.24469601677148847 0.28318055555555555 0.1738574423480084 0.11883333333333333
0 0.08238993710691823 0.2361111111111111 0.16475890985324948 0.120375
0 0.440335429769392 0.2939861111111111 0.22050314465408807 0.13116666666666665
0 0.6418029350104821 0.2939861111111111 0.20425576519916144 0.14351388888888889
0 0.7722222222222223 0.1952222222222222 0.16238993710691824 0.14351388888888889
0 0.5823689727463313 0.1597222222222222 0.22197064989517817 0.10648611111111111
0 0.3471278825995807 0.14275 0.3012368972746331 0.11883333333333333
0 0.09677148846960167 0.08565277777777779 0.18719077568134174 0.125
0 0.3180712788259958 0.03934722222222222 0.20415094339622641 0.07870833333333334
0 0.5684276729559748 0.04783333333333333 0.23916142557651993 0.09568055555555556
0 0.7861844863731656 0.057875 0.19964360587002097 0.11573611111111111
0 0.2540251572327044 0.8101805555555556 0.24838574423480084 0.21295833333333336
0 0.4880922431865828 0.7847222222222222 0.23681341719077567 0.1743888888888889
0 0.7070020964360587 0.7669722222222223 0.15769392033542975 0.1327222222222222
0 0.709329140461216 0.896611111111111 0.13442348008385746 0.1327222222222222
0 0.5020125786163522 0.9097222222222222 0.21966457023060798 0.08179166666666667
0 0.2667924528301887 0.9583333333333334 0.26631027253668765 0.08333333333333333
0 0.5777568134171908 0.9799444444444444 0.36027253668763104 0.040125
0 0.7663941299790357 0.5663611111111111 0.09484276729559749 0.27469444444444446
0 0.7756813417190775 0.3649722222222222 0.1240880503144654 0.10648611111111111
0 0.1480293501048218 0.5632777777777778 0.149916142557652 0.18209722222222224