0 0.18555555555555556 0.4690775681341719 0.08784722222222222 0.1380083857442348
0 0.09530555555555556 0.5110062893081762 0.07181944444444445 0.09958071278825996
0 0.20291666666666666 0.5974842767295597 0.07648611111111112 0.09433962264150944
0 0.11843055555555555 0.630670859538784 0.06472222222222222 0.08735849056603774
0 0.12363888888888888 0.7276310272536687 0.0705 0.07861635220125786
0 0.19481944444444446 0.6970649895178197 0.04870833333333333 0.08385744234800839
0 0.6038888888888889 0.7485953878406708 0.07034722222222221 0.08559748427672956
0 0.6744861111111111 0.739874213836478 0.07780555555555556 0.11006289308176101
0 0.7456527777777778 0.6865828092243187 0.07204166666666666 0.11530398322851153
0 0.6472777777777778 0.6254297693920335 0.09926388888888889 0.09784067085953879
0 0.7317638888888889 0.5677777777777777 0.07666666666666667 0.11180293501048218
0 0.5732222222222223 0.6656184486373166 0.06456944444444444 0.07687631027253669
0 0.543125 0.7337526205450734 0.06458333333333334 0.07687631027253669
0 0.6195138888888889 0.8036268343815514 0.05348611111111111 0.03842767295597484
0 0.8040833333333334 0.4612159329140461 0.06333333333333334 0.09433962264150944
0 0.875263888888889 0.4358909853249476 0.07670833333333332 0.11356394129979036
0 0.9377361111111111 0.4280293501048218 0.03204166666666667 0.14675052410901468
0 0.8064027777777778 0.5616771488469602 0.05470833333333333 0.11006289308176101
0 0.8764166666666666 0.5494339622641509 0.06513888888888889 0.07861635220125786
0 0.9284861111111111 0.5206079664570231 0.03969444444444444 0.0559119496855346