0 0.08080555555555556 0.12054507337526206 0.16162500000000002 0.24109014675052412
0 0.25079166666666663 0.1708595387840671 0.17720833333333333 0.32914046121593293
0 0.4299305555555556 0.20754716981132076 0.1744861111111111 0.3689727463312369
0 0.6118472222222222 0.21069182389937108 0.1912083333333333 0.42138364779874216
0 0.8069583333333333 0.22012578616352202 0.18155555555555555 0.44025157232704404
0 0.9302916666666666 0.20964360587002095 0.13943055555555556 0.4192872117400419
0 0.090375 0.4329140461215933 0.16584722222222223 0.3836477987421384
0 0.2785694444444444 0.5230607966457023 0.21331944444444445 0.3668763102725367
0 0.49798611111111113 0.5712788259958071 0.2189444444444444 0.3710691823899371
0 0.7028055555555556 0.5922431865828093 0.18430555555555553 0.3752620545073375
0 0.8944444444444445 0.6163522012578616 0.20936111111111114 0.36477987421383645
0 0.10191666666666666 0.810272536687631 0.20384722222222224 0.37945492662473795
0 0.30843055555555554 0.8480083857442348 0.23693055555555556 0.2830188679245283
0 0.5201944444444445 0.8469601677148847 0.20506944444444444 0.3060796645702306
0 0.7028055555555556 0.8626834381551363 0.17319444444444446 0.2746331236897275
0 0.9048472222222222 0.8668763102725366 0.18019444444444446 0.2662473794549266