0 0.9602777777777778 0.4332704402515723 0.07943055555555555 0.12928721174004193
0 0.9670416666666667 0.5852620545073376 0.06590277777777778 0.15723270440251572
0 0.8902916666666667 0.5249895178197065 0.08529166666666667 0.12752620545073376
0 0.8746666666666667 0.3939622641509434 0.10497222222222222 0.1310272536687631
0 0.7734166666666666 0.3310691823899371 0.08301388888888889 0.15549266247379456
0 0.7878888888888889 0.47955974842767296 0.08479166666666667 0.13452830188679246
0 0.6900972222222223 0.319706498951782 0.08536111111111111 0.11180293501048218
0 0.7028333333333333 0.4550943396226415 0.09286111111111112 0.15549266247379456
0 0.9400555555555556 0.34679245283018867 0.08990277777777779 0.0751153039832285
0 0.5870972222222222 0.2812788259958071 0.10854166666666668 0.12228511530398323
0 0.5819166666666666 0.3861006289308176 0.1124861111111111 0.12228511530398323
0 0.4789027777777778 0.24721174004192872 0.13055555555555556 0.12404612159329141
0 0.4355 0.3266876310272537 0.16181944444444446 0.12228511530398323
0 0.6455416666666667 0.16683438155136268 0.08884722222222222 0.08909853249475891
0 0.37937499999999996 0.19742138364779874 0.10744444444444444 0.12928721174004193
0 0.267125 0.16771488469601678 0.126 0.11180293501048218
0 0.2896944444444445 0.09870020964360586 0.09475 0.1310272536687631
0 0.21737499999999998 0.08211740041928721 0.06352777777777778 0.05939203354297694
0 0.16702777777777778 0.16247379454926625 0.08552777777777777 0.11180293501048218
0 0.08197222222222222 0.23758909853249477 0.11448611111111112 0.10832285115303984
0 0.17804166666666665 0.2768972746331237 0.08688888888888889 0.09958071278825996
0 0.2578888888888889 0.27865828092243183 0.08691666666666667 0.10656184486373166
0 0.3267361111111111 0.2926205450733753 0.06033333333333333 0.1170440251572327
0 0.049569444444444444 0.34679245283018867 0.09136111111111112 0.08909853249475891
0 0.12133333333333333 0.33192872117400424 0.06836111111111111 0.10832285115303984
0 0.1844027777777778 0.34241090146750525 0.07648611111111112 0.08035639412997903
0 0.24805555555555556 0.330188679245283 0.07881944444444444 0.0559119496855346
0 0.09991666666666667 0.16859538784067085 0.060097222222222225 0.06115303983228512
0 0.0195 0.24721174004192872 0.035819444444444445 0.12404612159329141
0 0.10454166666666666 0.9119496855345912 0.06240277777777778 0.07337526205450734
0 0.1456388888888889 0.8647798742138365 0.09383333333333334 0.09433962264150944
0 0.17340277777777777 0.8071278825995807 0.084375 0.06639412997903564
0 0.1971388888888889 0.7582180293501048 0.099625 0.06289308176100629
0 0.2578888888888889 0.7276310272536687 0.1517222222222222 0.11356394129979036
0 0.3996527777777778 0.7084276729559749 0.09969444444444445 0.10308176100628931
0 0.30243055555555554 0.6228092243186583 0.07854166666666666 0.10308176100628931
0 0.25787499999999997 0.6560167714884696 0.05426388888888889 0.07861635220125786
0 0.17456944444444444 0.9529979035639413 0.09152777777777779 0.07861635220125786
0 0.2607777777777778 0.949517819706499 0.07881944444444444 0.08211740041928721
0 0.22084722222222222 0.8717610062893082 0.06120833333333334 0.07337526205450734
0 0.279875 0.8534171907756813 0.10544444444444445 0.12054507337526206
0 0.3059027777777778 0.9346540880503145 0.03255555555555556 0.08385744234800839
0 0.3637777777777778 0.8455555555555555 0.07654166666666666 0.15025157232704403
0 0.41931944444444447 0.8245911949685534 0.04415277777777778 0.11880503144654088
0 0.38169444444444445 0.6332914046121593 0.06579166666666666 0.07861635220125786
0 0.43609722222222225 0.6437735849056604 0.05688888888888889 0.09607966457023061
0 0.4829583333333334 0.7258909853249476 0.05575 0.10656184486373166
0 0.45749999999999996 0.7931446540880502 0.05343055555555555 0.08035639412997903
0 0.4956805555555555 0.6324318658280923 0.07384722222222223 0.11180293501048218
0 0.5593472222222222 0.6551362683438156 0.06734722222222222 0.12928721174004193
0 0.5275138888888888 0.7162893081761007 0.04954166666666667 0.09083857442348008
0 0.6195138888888889 0.710167714884696 0.05811111111111111 0.08211740041928721
0 0.6166111111111111 0.620188679245283 0.07959722222222222 0.08385744234800839
0 0.6686944444444444 0.7031865828092243 0.04540277777777778 0.08559748427672956
0 0.6773611111111111 0.6062264150943396 0.059902777777777784 0.10132075471698113
0 0.7207777777777779 0.6734800838574424 0.061625 0.09259958071278826
0 0.7433194444444445 0.590503144654088 0.08533333333333333 0.09784067085953879
0 0.7873194444444445 0.6725995807127882 0.06973611111111111 0.07337526205450734
0 0.8115972222222223 0.6088469601677149 0.06680555555555556 0.06813417190775681
0 0.8625277777777778 0.6429140461215933 0.044305555555555556 0.09433962264150944
0 0.8318611111111112 0.6725995807127882 0.017027777777777777 0.06639412997903564
0 0.10918055555555556 0.9760587002096436 0.03926388888888889 0.047861635220125785