0 0.38490277777777776 0.1990677966101695 0.1755 0.21627118644067797
0 0.6111388888888889 0.20347457627118645 0.23458333333333334 0.23216101694915253
0 0.806125 0.21582627118644068 0.15018055555555554 0.21097457627118643
0 0.09733333333333333 0.884978813559322 0.12563888888888888 0.16154661016949154
0 0.13320833333333332 0.6845762711864407 0.11870833333333333 0.1986228813559322
0 0.1621388888888889 0.4391737288135593 0.09558333333333333 0.15625
0 0.34902777777777777 0.4047457627118644 0.1754861111111111 0.1721398305084746
0 0.5428611111111111 0.42063559322033894 0.1998472222222222 0.20391949152542374
0 0.770263888888889 0.3985593220338983 0.2265416666666667 0.19508474576271187
0 0.8958055555555556 0.5786440677966102 0.12820833333333334 0.24453389830508476
0 0.9413055555555556 0.8214194915254237 0.11738888888888889 0.25334745762711863
0 0.5405416666666667 0.6969491525423729 0.23915277777777777 0.24805084745762712
0 0.7262777777777777 0.7596186440677967 0.15479166666666666 0.26042372881355935
0 0.32415277777777773 0.8002330508474575 0.17200000000000001 0.3345762711864407
0 0.5862777777777778 0.9139406779661017 0.3491388888888889 0.1721398305084746
0 0.20668055555555556 0.2352542372881356 0.10137499999999999 0.16154661016949154