0 0.29115277777777776 0.19704166666666667 0.04904166666666667 0.0711875
0 0.4225 0.20139583333333333 0.08408333333333333 0.048604166666666664
0 0.3536388888888889 0.2421875 0.058277777777777776 0.0850625
0 0.28826388888888893 0.28993749999999996 0.05163888888888889 0.10764583333333334
0 0.23155555555555554 0.32379166666666664 0.06641666666666667 0.09202083333333334
0 0.2147916666666667 0.42535416666666664 0.14534722222222224 0.12847916666666667
0 0.2454583333333333 0.51475 0.13031944444444443 0.0850625
0 0.22866666666666666 0.6267291666666667 0.10369444444444444 0.1180625
0 0.3166111111111111 0.41233333333333333 0.07448611111111111 0.10589583333333333
0 0.3941527777777778 0.41839583333333336 0.10375000000000001 0.15972916666666667
0 0.355375 0.34027083333333336 0.09645833333333334 0.09027083333333333
0 0.4340694444444444 0.32464583333333336 0.08640277777777777 0.125
0 0.4971388888888889 0.32118749999999996 0.071375 0.12847916666666667
0 0.49655555555555553 0.2604166666666667 0.09641666666666666 0.09027083333333333
0 0.5833472222222222 0.27170833333333333 0.061000000000000006 0.11979166666666667
0 0.5497916666666667 0.3880208333333333 0.04709722222222222 0.15797916666666667
0 0.47977777777777775 0.4348958333333333 0.06905555555555555 0.12672916666666667
0 0.4433333333333333 0.5486041666666667 0.08872222222222223 0.125
0 0.36406944444444445 0.5685833333333333 0.08059722222222222 0.13368750000000001
0 0.3252916666666667 0.625 0.07941666666666666 0.125
0 0.3270277777777778 0.7022499999999999 0.06901388888888889 0.060770833333333336
0 0.3924166666666667 0.7265625 0.08406944444444445 0.10589583333333333
0 0.4317638888888889 0.6831666666666667 0.09334722222222222 0.13020833333333334
0 0.4288611111111111 0.7881874999999999 0.06441666666666666 0.09027083333333333
0 0.4930972222222222 0.703125 0.05170833333333333 0.1006875
0 0.5197083333333333 0.6284791666666667 0.07486111111111111 0.1180625
0 0.550375 0.532125 0.09916666666666668 0.13714583333333333
0 0.5902916666666667 0.5095416666666667 0.04711111111111111 0.16493750000000001
0 0.6122916666666667 0.3984375 0.08183333333333334 0.15452083333333333
0 0.6591527777777777 0.30641666666666667 0.07143055555555555 0.12327083333333334
0 0.7129583333333334 0.32639583333333333 0.05177777777777778 0.09375
0 0.7667777777777778 0.33160416666666664 0.057583333333333334 0.10764583333333334
0 0.6944444444444444 0.42014583333333333 0.06797222222222223 0.13541666666666666
0 0.7505694444444444 0.45139583333333333 0.05294444444444444 0.12152083333333333
0 0.795125 0.5095416666666667 0.042555555555555555 0.09895833333333333
0 0.682875 0.5329791666666667 0.11888888888888888 0.1006875
0 0.6012777777777778 0.6571250000000001 0.07902777777777778 0.09895833333333333
0 0.6834583333333333 0.6510416666666666 0.08995833333333333 0.13541666666666666
0 0.7575138888888888 0.6328125 0.09461111111111112 0.1163125
0 0.82 0.6006874999999999 0.050652777777777776 0.10764583333333334
0 0.5717777777777778 0.7638958333333333 0.058680555555555555 0.08333333333333333
0 0.5758333333333334 0.8359375 0.04826388888888889 0.09202083333333334
0 0.4757361111111111 0.8446250000000001 0.0355 0.0538125
0 0.11756944444444445 0.250875 0.059680555555555556 0.0711875
0 0.090375 0.31683333333333336 0.06545833333333334 0.078125
0 0.016416666666666666 0.34202083333333333 0.03283333333333333 0.08333333333333333
0 0.07359722222222223 0.21006249999999999 0.04911111111111111 0.06597916666666667
0 0.3247083333333333 0.5208333333333334 0.058291666666666665 0.11110416666666666
0 0.20145833333333335 0.19879166666666667 0.06873611111111111 0.060770833333333336
0 0.07763888888888888 0.8697916666666666 0.04563888888888889 0.05902083333333333
0 0.13145833333333334 0.9461875000000001 0.03654166666666667 0.048604166666666664
0 0.9039027777777777 0.37066666666666664 0.0657361111111111 0.109375
0 0.9391944444444444 0.40712499999999996 0.06226388888888889 0.13368750000000001
0 0.896375 0.5138958333333333 0.048374999999999994 0.10416666666666667
0 0.973125 0.6163124999999999 0.053750000000000006 0.1180625
0 0.9200972222222222 0.2838541666666667 0.05230555555555555 0.08854166666666667
0 0.9725416666666666 0.28297916666666667 0.05491666666666666 0.07291666666666667
0 0.11987500000000001 0.5043333333333334 0.04909722222222222 0.07464583333333333
0 0.12508333333333332 0.6041666666666666 0.07802777777777778 0.08333333333333333