0 0.029611111111111112 0.5991101694915254 0.059208333333333335 0.16243644067796612
0 0.11891666666666667 0.625 0.11825 0.18597457627118644
0 0.04686111111111112 0.4555084745762712 0.09372222222222223 0.11063559322033899
0 0.13511111111111113 0.4661016949152542 0.09819444444444445 0.15536016949152542
0 0.105 0.3425211864406779 0.11937500000000001 0.11063559322033899
0 0.21688888888888888 0.4343220338983051 0.11981944444444444 0.18597457627118644
0 0.33029166666666665 0.5072881355932203 0.11215277777777778 0.17184322033898305
0 0.33106944444444447 0.4001906779661017 0.16615277777777776 0.12241525423728813
0 0.28706944444444443 0.262478813559322 0.11005555555555555 0.1483050847457627
0 0.3912361111111111 0.3072033898305085 0.11370833333333334 0.12476694915254237
0 0.4853611111111111 0.35781779661016944 0.11065277777777778 0.17419491525423728
0 0.5756249999999999 0.3872457627118644 0.08445833333333333 0.18127118644067797
0 0.6705138888888889 0.3660593220338983 0.11072222222222222 0.16713983050847459
0 0.7638611111111111 0.3472245762711864 0.10302777777777779 0.20008474576271185
0 0.8649305555555555 0.3260381355932203 0.08301388888888889 0.2095127118644068
0 0.9389861111111112 0.3260381355932203 0.07377777777777778 0.21891949152542373
0 0.9873055555555555 0.3295762711864407 0.02538888888888889 0.23540254237288136
0 0.46605555555555556 0.523771186440678 0.13159722222222223 0.15771186440677964
0 0.5902777777777778 0.5508474576271186 0.10451388888888889 0.16008474576271187
0 0.6867222222222222 0.543792372881356 0.11534722222222221 0.17419491525423728
0 0.7831527777777778 0.5379025423728814 0.08298611111111111 0.17654661016949152
0 0.8649305555555555 0.5414406779661017 0.07991666666666666 0.20716101694915254
0 0.9518194444444443 0.5473093220338983 0.0963611111111111 0.22834745762711864
0 0.23308333333333334 0.6273516949152542 0.09976388888888889 0.18127118644067797
0 0.34341666666666665 0.6661864406779661 0.11677777777777777 0.16008474576271187
0 0.4552777777777778 0.6685593220338983 0.09984722222222223 0.14125000000000001
0 0.5509305555555556 0.6803177966101696 0.09679166666666666 0.15065677966101695
0 0.652 0.7179872881355932 0.10145833333333333 0.15536016949152542
0 0.755375 0.706207627118644 0.08605555555555555 0.14125000000000001
0 0.8649305555555555 0.714449152542373 0.10152777777777777 0.16243644067796612
0 0.9695555555555556 0.7344703389830509 0.060875 0.14125000000000001
0 0.23926388888888891 0.7850847457627119 0.0905138888888889 0.1200635593220339
0 0.3341527777777778 0.7921398305084746 0.08283333333333333 0.08239406779661017
0 0.4143888888888889 0.7838983050847458 0.08286111111111111 0.08944915254237287
0 0.49924999999999997 0.7709533898305084 0.073625 0.08709745762711864
0 0.15361111111111111 0.7944915254237288 0.11472222222222221 0.1483050847457627