0 0.6761844863731656 0.225 0.14601677148846962 0.10555555555555556
0 0.5409643605870021 0.21805555555555556 0.16635220125786163 0.13055555555555556
0 0.39004192872117405 0.28402777777777777 0.1622222222222222 0.10694444444444444
0 0.2748008385744235 0.3840277777777778 0.13958071278825995 0.10694444444444444
0 0.26222222222222225 0.5076388888888889 0.15635220125786164 0.14027777777777778
0 0.559853249475891 0.41180555555555554 0.12291404612159329 0.09861111111111111
0 0.4738993710691824 0.4847222222222222 0.1370230607966457 0.08611111111111111
0 0.5871069182389937 0.5597222222222222 0.13129979035639414 0.11388888888888889
0 0.8092872117400419 0.37083333333333335 0.13557651991614256 0.125
0 0.9199999999999999 0.28194444444444444 0.15999999999999998 0.10833333333333334
0 0.8438574423480083 0.1638888888888889 0.22285115303983227 0.1361111111111111
0 0.6751153039832285 0.08125 0.1579245283018868 0.08472222222222223
0 0.4885744234800839 0.12083333333333333 0.1831446540880503 0.11666666666666667
0 0.359664570230608 0.16458333333333333 0.19366876310272535 0.10972222222222222
0 0.22658280922431864 0.26666666666666666 0.13955974842767294 0.09166666666666666
0 0.19618448637316563 0.3819444444444444 0.14584905660377356 0.1
0 0.2140041928721174 0.6020833333333333 0.16052410901467504 0.13194444444444445
0 0.41 0.6625 0.22138364779874212 0.1527777777777778
0 0.6175052410901468 0.7388888888888889 0.2382180293501048 0.11666666666666667
0 0.4278197064989518 0.8270833333333333 0.22767295597484274 0.13472222222222222
0 0.6353249475890985 0.8569444444444444 0.2151572327044025 0.15555555555555556
0 0.26846960167714884 0.7638888888888888 0.17482180293501048 0.13055555555555556
0 0.8365408805031446 0.7472222222222222 0.17331236897274632 0.18611111111111112
0 0.8773794549266247 0.5861111111111111 0.22283018867924528 0.10277777777777777
0 0.8710901467505241 0.49444444444444446 0.22283018867924528 0.11388888888888889
0 0.9395807127882599 0.39166666666666666 0.12081761006289309 0.11388888888888889
0 0.6814046121593291 0.43194444444444446 0.1159958071278826 0.11944444444444445