0 0.33802893309222426 0.042541666666666665 0.1257866184448463 0.06770833333333333
0 0.3233453887884268 0.140625 0.15517179023508137 0.09375
0 0.23969258589511755 0.057291666666666664 0.057305605786618447 0.0763888888888889
0 0.2781374321880651 0.2665 0.1189873417721519 0.1440972222222222
0 0.40582278481012657 0.265625 0.10773960216998191 0.1076388888888889
0 0.5290054249547921 0.33941666666666664 0.15072332730560578 0.16145833333333334
0 0.3866003616636528 0.3819444444444444 0.11602169981916817 0.1076388888888889
0 0.3707956600361664 0.5190972222222222 0.12806509945750452 0.1527777777777778
0 0.2882820976491862 0.40191666666666664 0.10023508137432188 0.0954861111111111
0 0.3289873417721519 0.6944444444444444 0.07155515370705244 0.11805555555555555
0 0.4510126582278481 0.6753472222222222 0.1272875226039783 0.1388888888888889
0 0.5222242314647378 0.5729166666666666 0.14168173598553344 0.13541666666666666
0 0.5244484629294756 0.4583333333333333 0.14309222423146473 0.1076388888888889
0 0.6544303797468354 0.5824722222222222 0.13041591320072335 0.13020833333333334
0 0.6634538878842676 0.47656944444444443 0.11817359855334537 0.109375
0 0.7301446654611211 0.453125 0.14173598553345387 0.08333333333333333
0 0.55499095840868 0.6996527777777778 0.1077757685352622 0.1111111111111111
0 0.7007594936708861 0.719625 0.15981916817359854 0.14756944444444445
0 0.3504339963833635 0.7873333333333333 0.17479204339963833 0.08854166666666667
0 0.527866184448463 0.8307361111111111 0.15298372513562386 0.1371527777777778
0 0.6747739602169982 0.859375 0.09878842676311031 0.1701388888888889
0 0.3628571428571429 0.8637222222222222 0.17251356238698012 0.05381944444444445
0 0.5369077757685353 0.9262222222222222 0.1484629294755877 0.1267361111111111
0 0.704122965641953 0.9783055555555555 0.11365280289330923 0.043402777777777776
0 0.7629113924050632 0.5694444444444444 0.07622061482820976 0.13541666666666666
0 0.6883001808318264 0.3420138888888889 0.15886075949367087 0.12152777777777778
0 0.7979385171790235 0.3715277777777778 0.11012658227848102 0.08333333333333333
0 0.3447739602169982 0.9331666666666667 0.18157323688969257 0.11979166666666667