0 0.16011111111111112 0.1930398322851153 0.13434722222222223 0.3861006289308176
0 0.3140277777777778 0.26947589098532493 0.19456944444444446 0.32058700209643604
0 0.43147222222222226 0.4371907756813417 0.10548611111111111 0.20178197064989517
0 0.21334722222222224 0.5210482180293501 0.1575 0.2856394129979036
0 0.37245833333333334 0.6739203354297694 0.1425 0.2908805031446541
0 0.5929027777777778 0.3192662473794549 0.16455555555555557 0.280398322851153
0 0.5286805555555555 0.6171278825995807 0.11016666666666666 0.27865828092243183
0 0.6646666666666666 0.48436058700209644 0.13220833333333332 0.28213836477987425
0 0.7942638888888889 0.44157232704402516 0.1322361111111111 0.280398322851153
0 0.750875 0.19742138364779874 0.16115277777777778 0.24459119496855347
0 0.9099861111111112 0.1179245283018868 0.1322638888888889 0.2358490566037736
0 0.6391944444444445 0.6852620545073376 0.08126388888888889 0.17033542976939203
0 0.7410277777777777 0.6677987421383649 0.10675 0.17383647798742138