0 0.4259583333333333 0.8536440677966102 0.10338888888888889 0.12182203389830508
0 0.3559444444444444 0.892478813559322 0.06984722222222223 0.12536016949152542
0 0.3021388888888889 0.9383898305084746 0.07565277777777778 0.12182203389830508
0 0.232125 0.9599152542372881 0.06526388888888889 0.0625
0 0.5046666666666667 0.8651059322033898 0.05402777777777778 0.0988771186440678
0 0.539375 0.800677966101695 0.06098611111111111 0.15360169491525424
0 0.4404166666666667 0.751228813559322 0.13 0.14654661016949153
0 0.395875 0.6426483050847457 0.09876388888888889 0.1271186440677966
0 0.30619444444444444 0.6815042372881356 0.09763888888888889 0.15184322033898306
0 0.22170833333333334 0.7194491525423728 0.09534722222222224 0.16065677966101694
0 0.16675 0.7971398305084746 0.059500000000000004 0.06885593220338983
0 0.15170833333333333 0.7203389830508474 0.0780138888888889 0.10947033898305085
0 0.344375 0.558792372881356 0.04438888888888889 0.12536016949152542
0 0.4890416666666667 0.6241101694915254 0.08294444444444445 0.12887711864406778
0 0.40802777777777777 0.528771186440678 0.09065277777777778 0.11122881355932203
0 0.4867222222222222 0.5040677966101694 0.07831944444444444 0.14654661016949153
0 0.41206944444444443 0.4272669491525423 0.0895 0.13417372881355932
0 0.3420694444444444 0.4334322033898305 0.08373611111111111 0.11476694915254237
0 0.2460138888888889 0.4740466101694915 0.12311111111111112 0.11122881355932203
0 0.14129166666666668 0.473156779661017 0.08959722222222223 0.1200635593220339
0 0.16269444444444445 0.3928389830508474 0.08148611111111112 0.06885593220338983
0 0.23619444444444446 0.3945974576271186 0.06549999999999999 0.06531779661016948
0 0.10020833333333334 0.3990042372881356 0.06298611111111112 0.060021186440677964
0 0.049652777777777775 0.4784533898305085 0.09930555555555555 0.14125000000000001
0 0.1679166666666667 0.12887711864406778 0.10019444444444445 0.15184322033898306
0 0.23676388888888888 0.18449152542372882 0.05509722222222223 0.11122881355932203
0 0.051722222222222225 0.16065677966101694 0.10343055555555555 0.0988771186440678
0 0.11815277777777777 0.1694915254237288 0.058527777777777776 0.11298728813559322
0 0.0743888888888889 0.08298728813559322 0.14879166666666666 0.04942796610169491
0 0.44044444444444447 0.3195550847457627 0.06904166666666667 0.13771186440677965
0 0.5474861111111111 0.6603177966101695 0.05404166666666666 0.0988771186440678
0 0.5874027777777778 0.625 0.04826388888888889 0.11652542372881355
0 0.8697638888888889 0.6726694915254238 0.06225 0.14476694915254237
0 0.673625 0.5455508474576272 0.08416666666666667 0.09180084745762712
0 0.7847083333333333 0.5367161016949152 0.13280555555555557 0.1271186440677966
0 0.8784444444444445 0.5411440677966102 0.07498611111111111 0.13595338983050848
0 0.898125 0.4184322033898305 0.10044444444444443 0.13771186440677965
0 0.7893194444444444 0.3875423728813559 0.13102777777777777 0.17124999999999999
0 0.6932777777777778 0.3654661016949153 0.08940277777777779 0.1271186440677966
0 0.634263888888889 0.2860169491525424 0.0917361111111111 0.13065677966101696
0 0.5630833333333334 0.20832627118644068 0.12069444444444445 0.1694915254237288
0 0.4896111111111111 0.15536016949152542 0.06170833333333333 0.0988771186440678
0 0.7019722222222222 0.18891949152542373 0.15245833333333333 0.21540254237288137
0 0.7985972222222222 0.22510593220338984 0.09809722222222221 0.14654661016949153
0 0.877861111111111 0.26572033898305086 0.0761388888888889 0.18891949152542373
0 0.8049444444444444 0.11563559322033898 0.10441666666666667 0.11828389830508475
0 0.61575 0.06180084745762712 0.06165277777777778 0.0988771186440678
0 0.6863472222222222 0.043262711864406785 0.10037499999999999 0.07944915254237288
0 0.7719861111111112 0.04855932203389831 0.09577777777777777 0.09004237288135593
0 0.5202916666666667 0.3248516949152543 0.09916666666666668 0.13417372881355932
0 0.6175 0.4140254237288135 0.08068055555555556 0.15360169491525424
0 0.6915555555555556 0.4555084745762712 0.08765277777777777 0.13417372881355932
0 0.5544027777777778 0.4899364406779661 0.140375 0.22069915254237288
0 0.467625 0.4069491525423729 0.05938888888888889 0.09004237288135593
0 0.35365277777777776 0.22510593220338984 0.06438888888888888 0.07591101694915253
0 0.4045694444444445 0.18008474576271186 0.06440277777777778 0.11652542372881355
0 0.303875 0.13065677966101696 0.06061111111111111 0.07415254237288135
0 0.36348611111111107 0.3063135593220339 0.044722222222222226 0.08298728813559322