0 0.46877777777777774 0.07415254237288135 0.05476388888888889 0.05296610169491525
0 0.4635833333333333 0.13065677966101696 0.06673611111111111 0.09180084745762712
0 0.5318611111111111 0.20832627118644068 0.059819444444444446 0.05296610169491525
0 0.5358888888888889 0.14654661016949153 0.08945833333333333 0.08828389830508475
0 0.6145972222222222 0.19156779661016948 0.06331944444444446 0.11122881355932203
0 0.5827638888888889 0.2542372881355932 0.04894444444444445 0.0635593220338983
0 0.6909722222222222 0.2559957627118644 0.06334722222222222 0.11298728813559322
0 0.75925 0.3027966101694915 0.072625 0.11476694915254237
0 0.6388888888888888 0.2904237288135593 0.05702777777777778 0.0865042372881356
0 0.703125 0.3769491525423729 0.06913888888888889 0.09709745762711865
0 0.8257916666666667 0.4254872881355932 0.08537499999999999 0.11652542372881355
0 0.7580833333333334 0.4184322033898305 0.05466666666666667 0.11652542372881355
0 0.8547222222222222 0.5420127118644068 0.07844444444444444 0.13771186440677965
0 0.7638611111111111 0.5596822033898305 0.0755 0.11652542372881355
0 0.8587777777777779 0.6973940677966102 0.06802777777777777 0.14476694915254237
0 0.8344722222222223 0.8253813559322034 0.06108333333333333 0.1076906779661017
0 0.762125 0.6894491525423729 0.09980555555555555 0.14654661016949153
0 0.6979166666666666 0.7980296610169492 0.03386111111111111 0.04591101694915255
0 0.7632916666666667 0.8333262711864406 0.06970833333333333 0.1059322033898305
0 0.6689861111111112 0.8756991525423728 0.09343055555555554 0.0988771186440678
0 0.557875 0.8342161016949152 0.1264861111111111 0.13947033898305083
0 0.6464166666666666 0.7309322033898306 0.08131944444444444 0.13417372881355932
0 0.662625 0.5923305084745762 0.08301388888888889 0.10417372881355932
0 0.6400416666666666 0.4661016949152542 0.105625 0.1059322033898305
0 0.6006944444444444 0.4095974576271187 0.10101388888888889 0.04942796610169491
0 0.5549861111111111 0.3628177966101695 0.11838888888888888 0.06531779661016948
0 0.4190138888888889 0.3645762711864407 0.13115277777777778 0.09004237288135593
0 0.252375 0.3063135593220339 0.08029166666666666 0.06180084745762712
0 0.3166111111111111 0.3566313559322034 0.05512499999999999 0.11298728813559322
0 0.18988888888888888 0.3142584745762712 0.06643055555555555 0.0847457627118644
0 0.26048611111111114 0.3769491525423729 0.06551388888888889 0.0865042372881356
0 0.13955555555555557 0.3116101694915254 0.03288888888888889 0.06180084745762712
0 0.19569444444444445 0.372521186440678 0.06780555555555555 0.03883474576271186
0 0.3958888888888889 0.4396186440677966 0.08870833333333333 0.060021186440677964
0 0.4965694444444444 0.4678601694915254 0.09568055555555556 0.12358050847457627
0 0.5740972222222223 0.5534957627118644 0.05636111111111111 0.18891949152542373
0 0.12393055555555556 0.4466737288135593 0.07340277777777778 0.0635593220338983
0 0.15287499999999998 0.518177966101695 0.11408333333333333 0.08298728813559322
0 0.2633888888888889 0.513771186440678 0.07130555555555557 0.04591101694915255
0 0.20783333333333331 0.4599152542372882 0.07220833333333333 0.06885593220338983
0 0.26106944444444447 0.5614406779661016 0.082875 0.0635593220338983
0 0.35538888888888887 0.5817372881355932 0.10488888888888888 0.11476694915254237
0 0.3889444444444445 0.5376059322033898 0.1349861111111111 0.12536016949152542
0 0.4751527777777778 0.6223516949152542 0.09915277777777778 0.15006355932203388
0 0.5538472222222222 0.6709110169491526 0.05288888888888889 0.13417372881355932
0 0.5220138888888889 0.5729237288135594 0.10566666666666666 0.11476694915254237
0 0.58625 0.7291737288135594 0.07141666666666667 0.08120762711864406
0 0.46934722222222225 0.7371186440677966 0.13923611111111112 0.09709745762711865
0 0.30791666666666667 0.7344703389830509 0.12656944444444443 0.0988771186440678
0 0.3744722222222222 0.706207627118644 0.08059722222222222 0.09180084745762712
0 0.23908333333333331 0.6965042372881356 0.10831944444444444 0.07944915254237288
0 0.1592222222222222 0.6965042372881356 0.06297222222222222 0.09004237288135593
0 0.18469444444444444 0.746822033898305 0.06895833333333333 0.04942796610169491
0 0.469375 0.8351059322033899 0.059805555555555556 0.0847457627118644
0 0.26337499999999997 0.892478813559322 0.06756944444444445 0.06180084745762712
0 0.4161388888888889 0.8545127118644067 0.06209722222222222 0.09533898305084745
0 0.34379166666666666 0.8765889830508474 0.09183333333333334 0.10063559322033898
0 0.28477777777777774 0.9392584745762712 0.08491666666666667 0.04942796610169491
0 0.4612638888888889 0.8871822033898306 0.050541666666666665 0.04766949152542373
0 0.3738888888888889 0.926906779661017 0.05248611111111111 0.028241525423728812
0 0.23502777777777778 0.7521186440677966 0.04558333333333334 0.0565042372881356
0 0.07069444444444445 0.4793432203389831 0.034069444444444444 0.06885593220338983