0 0.30020833333333335 0.4350104821802935 0.07665277777777778 0.11763102725366877
0 0.3572916666666667 0.4128721174004193 0.06431944444444444 0.09666666666666666
0 0.42133333333333334 0.4023899371069182 0.11526388888888889 0.13161425576519917
0 0.5254861111111111 0.38958071278826 0.11993055555555555 0.1479245283018868
0 0.6219166666666667 0.3837735849056604 0.11533333333333334 0.15955974842767295
0 0.396625 0.48859538784067086 0.08841666666666666 0.05939203354297694
0 0.48613888888888884 0.48859538784067086 0.08751388888888889 0.07570230607966456
0 0.557875 0.4781132075471698 0.08290277777777777 0.06872117400419288
0 0.6419722222222223 0.46645702306079667 0.10608333333333332 0.07337526205450734
0 0.7229722222222221 0.450146750524109 0.09222222222222223 0.13859538784067085
0 0.9027222222222223 0.8123689727463312 0.07222222222222222 0.1269601677148847
0 0.7314583333333333 0.5968972746331237 0.07833333333333334 0.12461215932914045
0 0.6620138888888889 0.6446540880503144 0.08831944444444445 0.13859538784067085
0 0.5933611111111111 0.7215303983228512 0.08908333333333333 0.17819706498951782
0 0.5138888888888888 0.7681132075471698 0.10688888888888888 0.1851781970649895