0 0.2066666666666667 0.680461215932914 0.1046111111111111 0.08211740041928721
0 0.22 0.8045073375262054 0.11641666666666665 0.10656184486373166
0 0.13145833333333334 0.7861635220125787 0.06529166666666666 0.10132075471698113
0 0.2217222222222222 0.8962264150943396 0.0782361111111111 0.08735849056603774
0 0.14418055555555556 0.9032075471698113 0.08148611111111112 0.11180293501048218
0 0.22520833333333334 0.7424947589098533 0.12220833333333332 0.06639412997903564
0 0.11177777777777778 0.6848427672955976 0.0815 0.11180293501048218
0 0.20668055555555556 0.6009853249475892 0.11526388888888889 0.045429769392033546
0 0.11525 0.570398322851153 0.05372222222222222 0.09607966457023061
0 0.10483333333333333 0.4830607966457023 0.05604166666666667 0.11356394129979036
0 0.10309722222222223 0.38522012578616355 0.05720833333333333 0.11006289308176101
0 0.09731944444444443 0.30136268343815514 0.01786111111111111 0.06463312368972746
0 0.2379166666666667 0.21138364779874214 0.035166666666666666 0.034947589098532496
0 0.2917222222222222 0.30486373165618447 0.024736111111111108 0.09259958071278826
0 0.29056944444444444 0.40182389937106916 0.03168055555555555 0.06987421383647799
0 0.28594444444444445 0.4830607966457023 0.036305555555555556 0.06463312368972746
0 0.21534722222222225 0.560796645702306 0.10113888888888888 0.03842767295597484
0 0.15806944444444446 0.5669182389937107 0.03751388888888889 0.06115303983228512
0 0.27784722222222225 0.5625366876310273 0.05394444444444445 0.07687631027253669
0 0.27669444444444447 0.669979035639413 0.04005555555555555 0.12404612159329141
0 0.4132361111111111 0.13626834381551362 0.03858333333333334 0.09433962264150944
0 0.4335 0.26467505241090145 0.05747222222222222 0.09958071278825996
0 0.4178611111111111 0.2148846960167715 0.052472222222222226 0.0559119496855346
0 0.6093888888888889 0.057651991614255764 0.02347222222222222 0.08735849056603774
0 0.6192222222222222 0.16159329140461215 0.05175 0.10656184486373166
0 0.6012916666666667 0.27603773584905655 0.05752777777777778 0.11180293501048218
0 0.5017638888888889 0.3275681341719078 0.058222222222222224 0.04716981132075472
0 0.5463194444444445 0.33454926624737946 0.04015277777777778 0.10308176100628931
0 0.5671527777777778 0.2637945492662474 0.017708333333333333 0.05241090146750524
0 0.4502638888888889 0.3642557651991614 0.06865277777777777 0.09259958071278826
0 0.5266527777777777 0.39832285115303984 0.07023611111111111 0.09784067085953879
0 0.6041805555555555 0.40444444444444444 0.06794444444444445 0.12404612159329141
0 0.4572083333333333 0.449853249475891 0.06402777777777778 0.06813417190775681
0 0.5445833333333334 0.480440251572327 0.08991666666666666 0.04890985324947589
0 0.6065 0.5031446540880503 0.04711111111111111 0.06987421383647799
0 0.5775694444444445 0.6472746331236897 0.04479166666666667 0.07861635220125786
0 0.382 0.6629979035639413 0.04704166666666666 0.07163522012578617
0 0.416125 0.5485744234800839 0.058249999999999996 0.08035639412997903
0 0.4711111111111111 0.6140880503144655 0.07252777777777777 0.09259958071278826
0 0.4728333333333333 0.5188679245283019 0.07443055555555556 0.09433962264150944
0 0.53475 0.6228092243186583 0.05402777777777778 0.11006289308176101
0 0.5457361111111111 0.5241090146750524 0.06977777777777779 0.09784067085953879
0 0.6012916666666667 0.5948637316561844 0.059847222222222225 0.12752620545073376
0 0.4132361111111111 0.46471698113207544 0.05477777777777777 0.07337526205450734
0 0.4045555555555555 0.3581341719077568 0.035111111111111114 0.15025157232704403
0 0.4149722222222222 0.6219496855345912 0.051305555555555556 0.04890985324947589
0 0.665513888888889 0.4577148846960168 0.029236111111111112 0.06987421383647799
0 0.6701388888888888 0.5249895178197065 0.033875 0.057651991614255764
0 0.6857638888888888 0.6036058700209644 0.04890277777777778 0.06813417190775681
0 0.7378333333333333 0.6254297693920335 0.04656944444444445 0.06639412997903564
0 0.7818055555555555 0.6385324947589098 0.048874999999999995 0.06115303983228512
0 0.8286805555555555 0.6062264150943396 0.050013888888888886 0.06987421383647799
0 0.8483472222222221 0.5538155136268345 0.036125000000000004 0.05939203354297694
0 0.8500833333333333 0.4891614255765199 0.030333333333333334 0.08385744234800839
0 0.8425694444444444 0.4079245283018868 0.019930555555555556 0.07861635220125786
0 0.6869166666666666 0.35377358490566035 0.025152777777777777 0.05415094339622641
0 0.7742777777777778 0.3232075471698113 0.059291666666666666 0.03842767295597484
0 0.7337777777777779 0.7075471698113207 0.07087500000000001 0.08735849056603774
0 0.7806527777777779 0.7381132075471698 0.059902777777777784 0.12054507337526206
0 0.8604999999999999 0.8053878406708596 0.050666666666666665 0.11530398322851153
0 0.8633888888888889 0.689203354297694 0.05694444444444444 0.06813417190775681
0 0.81075 0.8184905660377358 0.04834722222222222 0.10656184486373166
0 0.678236111111111 0.7180293501048218 0.04544444444444444 0.13626834381551362