0 0.2792243186582809 0.5117222222222222 0.2506498951781971 0.22656944444444443
0 0.5661215932914047 0.43359722222222224 0.2847798742138365 0.20226388888888888
0 0.5936268343815514 0.6193611111111111 0.22976939203354296 0.15365277777777778
0 0.3565199161425577 0.7408888888888889 0.30044025157232707 0.19879166666666667
0 0.8019077568134172 0.5941805555555556 0.14861635220125785 0.09288888888888888
0 0.9505660377358491 0.5108472222222222 0.09888888888888889 0.06858333333333334
0 0.20320754716981135 0.352 0.16672955974842768 0.09462499999999999
0 0.18880503144654087 0.26431944444444444 0.15362683438155136 0.09288888888888888
0 0.3827044025157233 0.2868888888888889 0.12228511530398323 0.04775
0 0.3813836477987421 0.16797222222222222 0.13536687631027253 0.1432361111111111
0 0.560859538784067 0.25130555555555556 0.15377358490566037 0.13281944444444443
0 0.5779035639412998 0.09070833333333334 0.1459329140461216 0.13106944444444446
0 0.7521174004192872 0.24956944444444445 0.1381132075471698 0.125875
0 0.7573794549266247 0.11848611111111111 0.14859538784067086 0.12066666666666666