0 0.07544444444444444 0.7322083333333332 0.12543055555555555 0.23004166666666667
0 0.10543055555555556 0.4935 0.1557361111111111 0.23870833333333333
0 0.2720694444444444 0.17231249999999998 0.19974999999999998 0.34462499999999996
0 0.491375 0.26779166666666665 0.27043055555555556 0.3671875
0 0.7280138888888888 0.16233333333333333 0.22305555555555553 0.32464583333333336
0 0.7442222222222222 0.48393749999999996 0.23925 0.32725000000000004
0 0.29927777777777775 0.5499166666666666 0.24491666666666667 0.37587499999999996
0 0.5168194444444445 0.6288958333333333 0.19868055555555558 0.35329166666666667
0 0.9260555555555555 0.3164166666666667 0.14790277777777777 0.23177083333333334
0 0.9453472222222222 0.586375 0.10929166666666666 0.28558333333333336
0 0.7123888888888888 0.7712708333333332 0.16402777777777777 0.23870833333333333
0 0.8564583333333333 0.7356666666666667 0.07265277777777777 0.18141666666666667