0 0.47165277777777775 0.5538155136268345 0.2526527777777778 0.31446540880503143
0 0.703125 0.4061844863731656 0.1131111111111111 0.2079035639412998
0 0.6296388888888889 0.4970230607966457 0.08415277777777778 0.24283018867924527
0 0.48901388888888886 0.3520335429769392 0.20866666666666667 0.11356394129979036
0 0.3519027777777778 0.36513626834381546 0.08258333333333333 0.16771488469601678
0 0.27494444444444444 0.34679245283018867 0.05598611111111111 0.10656184486373166
0 0.46819444444444447 0.2341090146750524 0.16701388888888888 0.10132075471698113
0 0.6093888888888889 0.29962264150943396 0.06909722222222223 0.1380083857442348
0 0.7100694444444444 0.24633123689727462 0.127 0.12578616352201258
0 0.7875972222222223 0.3336897274633123 0.050652777777777776 0.13626834381551362
0 0.8269444444444444 0.2690356394129979 0.076125 0.10832285115303984
0 0.60475 0.20266247379454927 0.127625 0.07337526205450734
0 0.27031944444444445 0.24545073375262055 0.07913888888888888 0.11006289308176101
0 0.30330555555555555 0.5826415094339623 0.06552777777777778 0.17295597484276728
0 0.4271388888888889 0.7573375262054507 0.18591666666666667 0.1380083857442348
0 0.5619444444444445 0.7809224318658281 0.08991666666666666 0.15373165618448636
0 0.6522083333333333 0.7206498951781971 0.10845833333333334 0.19742138364779874
0 0.7395833333333334 0.7949056603773585 0.04716666666666667 0.11530398322851153
0 0.6550972222222222 0.8534171907756813 0.06395833333333333 0.05415094339622641
0 0.5318472222222222 0.8883647798742138 0.11608333333333333 0.06115303983228512
0 0.4109027777777778 0.8770020964360586 0.18208333333333332 0.12928721174004193
0 0.2940416666666667 0.730251572327044 0.10343055555555555 0.12928721174004193
0 0.26511111111111113 0.42888888888888893 0.0965 0.1380083857442348
0 0.12738888888888888 0.3232075471698113 0.18911111111111112 0.25855345911949684
0 0.17602777777777778 0.16073375262054507 0.14418055555555556 0.06289308176100629
0 0.06375 0.16771488469601678 0.09425 0.06639412997903564