0 0.9437222222222222 0.14247881355932204 0.08302777777777778 0.1430084745762712
0 0.7229305555555555 0.3034957627118644 0.13572222222222222 0.2319915254237288
0 0.8527638888888889 0.2770127118644068 0.08715277777777777 0.24258474576271186
0 0.897888888888889 0.5111228813559322 0.08856944444444445 0.1641949152542373
0 0.9694027777777778 0.5852754237288136 0.056652777777777774 0.17266949152542374
0 0.8805416666666667 0.7039194915254238 0.12050000000000001 0.20233050847457626
0 0.9497222222222221 0.7346398305084746 0.08112499999999999 0.2044491525423729
0 0.7472083333333334 0.7282838983050848 0.13227777777777777 0.2574152542372881
0 0.623625 0.7282838983050848 0.11288888888888889 0.2786016949152542
0 0.7846944444444445 0.5026483050847458 0.1267222222222222 0.17902542372881355
0 0.65 0.4846398305084746 0.1517638888888889 0.20233050847457626
0 0.5784861111111111 0.2717161016949153 0.10872222222222222 0.15360169491525424
0 0.6125138888888889 0.12658898305084745 0.12676388888888887 0.1472457627118644
0 0.7305694444444444 0.10116525423728813 0.10377777777777777 0.1620762711864407
0 0.4791944444444444 0.14141949152542374 0.14348611111111112 0.15148305084745764
0 0.46811111111111114 0.3320974576271186 0.11758333333333333 0.225635593220339
0 0.5160138888888889 0.5058262711864406 0.11620833333333333 0.15783898305084745
0 0.5229583333333333 0.6784957627118644 0.11620833333333333 0.18114406779661016
0 0.42087499999999994 0.5259533898305084 0.09906944444444445 0.17478813559322035
0 0.3993472222222222 0.7070974576271186 0.11712499999999999 0.19809322033898305
0 0.3403333333333333 0.3066737288135593 0.15741666666666668 0.24470338983050846
0 0.20425000000000001 0.3448093220338983 0.12691666666666665 0.24046610169491525
0 0.30494444444444446 0.517478813559322 0.12169444444444445 0.17690677966101695
0 0.1952222222222222 0.5354872881355932 0.10330555555555555 0.1641949152542373
0 0.29105555555555557 0.732521186440678 0.08836111111111111 0.13241525423728814
0 0.10218055555555555 0.7251059322033898 0.14500000000000002 0.1663135593220339
0 0.05915277777777778 0.3109110169491525 0.11327777777777778 0.149364406779661
0 0.07440277777777778 0.20497881355932204 0.10334722222222222 0.09216101694915255
0 0.17093055555555556 0.19120762711864406 0.081375 0.07521186440677965
0 0.0889861111111111 0.4973516949152542 0.11861111111111113 0.15995762711864406
0 0.8770694444444445 0.8479872881355932 0.13576388888888888 0.09639830508474577
0 0.5139305555555556 0.8204449152542372 0.11481944444444445 0.1048728813559322