0 0.48240277777777774 0.13948497854077252 0.05733333333333333 0.09079399141630902
0 0.42470833333333335 0.1419527896995708 0.05590277777777778 0.11225321888412018
0 0.4840138888888889 0.24431330472103002 0.052 0.11225321888412018
0 0.4252638888888889 0.28969957081545067 0.06906944444444443 0.18321888412017168
0 0.49469444444444444 0.379656652360515 0.05413888888888888 0.1617596566523605
0 0.470125 0.5240987124463519 0.04772222222222222 0.12710300429184548
0 0.4268472222222222 0.42341201716738197 0.0943611111111111 0.09409871244635193
0 0.3873333333333333 0.1559871244635193 0.046625 0.0709871244635193
0 0.3718472222222223 0.2690557939914163 0.07759722222222222 0.1584763948497854
0 0.30401388888888886 0.24182403433476393 0.066625 0.14690987124463517
0 0.34406944444444443 0.18321888412017168 0.060500000000000005 0.08914163090128756
0 0.28156944444444443 0.11306866952789699 0.07304166666666667 0.11721030042918454
0 0.24580555555555555 0.24512875536480688 0.07969444444444444 0.17332618025751073
0 0.2222916666666667 0.11967811158798283 0.057041666666666664 0.09409871244635193
0 0.160875 0.19066523605150212 0.07218055555555555 0.163412017167382
0 0.10425000000000001 0.26824034334763946 0.04533333333333334 0.10068669527896996
0 0.04070833333333333 0.30124463519313305 0.06680555555555556 0.08087982832618025
0 0.06794444444444445 0.2550429184549356 0.03038888888888889 0.03796137339055794
0 0.10479166666666667 0.20139484978540773 0.03051388888888889 0.04291845493562232
0 0.35475 0.4044206008583691 0.049819444444444444 0.10564377682403432
0 0.3109444444444444 0.38379828326180254 0.05061111111111111 0.13701716738197425
0 0.2356388888888889 0.4134978540772532 0.08588888888888889 0.14030042918454935
0 0.33820833333333333 0.5191416309012875 0.08293055555555556 0.11390557939914163
0 0.4167083333333333 0.5282188841201717 0.06906944444444443 0.13866952789699571
0 0.2730277777777778 0.5174892703862661 0.07305555555555555 0.09409871244635193
0 0.21320833333333333 0.5331759656652361 0.049569444444444444 0.08253218884120171
0 0.31416666666666665 0.6313948497854077 0.06048611111111111 0.1072961373390558
0 0.30669444444444444 0.7395278969957082 0.07116666666666667 0.11225321888412018
0 0.3077638888888889 0.8393776824034335 0.06688888888888889 0.09738197424892704
0 0.29547222222222225 0.931824034334764 0.05727777777777778 0.07757510729613734
0 0.384125 0.9210944206008584 0.04876388888888889 0.07592274678111588
0 0.40602777777777777 0.8550643776824034 0.043430555555555556 0.09244635193133047
0 0.3766527777777778 0.827832618025751 0.028152777777777777 0.09409871244635193
0 0.4001527777777778 0.7675751072961373 0.04236111111111111 0.0792274678111588
0 0.3718472222222223 0.7518884120171674 0.022819444444444444 0.10399141630901287
0 0.3910694444444444 0.7007296137339056 0.03915277777777778 0.09079399141630902
0 0.3915972222222222 0.6413090128755365 0.060194444444444446 0.10068669527896996
0 0.48133333333333334 0.6223175965665236 0.06161111111111111 0.08583690987124463
0 0.4391388888888889 0.6313948497854077 0.035611111111111114 0.08418454935622317
0 0.46958333333333335 0.7131115879828326 0.07015277777777777 0.09244635193133047
0 0.458375 0.7725321888412017 0.034902777777777776 0.04291845493562232
0 0.5096388888888889 0.7873819742489271 0.047736111111111104 0.06603004291845493
0 0.528875 0.7098068669527896 0.04559722222222222 0.10564377682403432
0 0.5416944444444444 0.6215021459227468 0.05415277777777778 0.10399141630901287
0 0.5609166666666667 0.5777467811158798 0.03920833333333333 0.10233905579399141
0 0.5352777777777777 0.5472103004291845 0.03130555555555555 0.05776824034334764
0 0.6031111111111112 0.9326609442060086 0.050972222222222224 0.08914163090128756
0 0.6244722222222222 0.8567167381974249 0.04029166666666667 0.08583690987124463
0 0.5988333333333333 0.8492918454935622 0.040902777777777774 0.07757510729613734
0 0.6276805555555556 0.7675751072961373 0.04884722222222222 0.08253218884120171
0 0.6009722222222222 0.7651072961373391 0.01952777777777778 0.08418454935622317
0 0.6308888888888889 0.6966094420600858 0.04884722222222222 0.06272532188841201
0 0.5993611111111111 0.6974248927038627 0.024875 0.06437768240343347
0 0.6271527777777778 0.6289270386266094 0.049916666666666665 0.08253218884120171
0 0.23030555555555554 0.58931330472103 0.04870833333333333 0.08253218884120171
0 0.20413888888888887 0.5983905579399142 0.03141666666666667 0.0709871244635193
0 0.2393888888888889 0.6487339055793991 0.024138888888888887 0.0594206008583691
0 0.20093055555555553 0.6875107296137339 0.049763888888888885 0.10068669527896996
0 0.23351388888888888 0.7081545064377682 0.025208333333333333 0.07263948497854078
0 0.2212361111111111 0.7741845493562232 0.034819444444444445 0.06272532188841201
0 0.18544444444444447 0.7774892703862661 0.034625 0.08253218884120171
0 0.20093055555555553 0.837725321888412 0.058319444444444445 0.06107296137339056
0 0.6730833333333334 0.9714377682403433 0.04779166666666666 0.05118025751072962
0 0.7019166666666666 0.944206008583691 0.022166666666666668 0.04952789699570815
0 0.6693333333333333 0.9194420600858368 0.036597222222222225 0.06272532188841201
0 0.7024583333333333 0.8806437768240343 0.04459722222222222 0.07429184549356223
0 0.6736111111111112 0.8517596566523605 0.036597222222222225 0.06603004291845493
0 0.7115277777777778 0.8080257510729614 0.052069444444444446 0.0676824034334764
0 0.6773472222222222 0.7882188841201717 0.03980555555555555 0.05446351931330472
0 0.7200833333333334 0.740343347639485 0.043527777777777776 0.08087982832618025
0 0.6752083333333333 0.7172317596566524 0.02698611111111111 0.0874892703862661
0 0.7163472222222222 0.6627682403433477 0.051013888888888886 0.0709871244635193
0 0.6752083333333333 0.627274678111588 0.033388888888888885 0.11555793991416309
0 0.7595972222222221 0.9687982832618025 0.03927777777777778 0.06240343347639485
0 0.7900416666666668 0.9235622317596567 0.025402777777777778 0.05446351931330472
0 0.7601249999999999 0.897167381974249 0.03656944444444444 0.05776824034334764
0 0.789513888888889 0.8550643776824034 0.041416666666666664 0.06933476394849786
0 0.7611944444444444 0.8352575107296137 0.03229166666666667 0.06933476394849786
0 0.7943194444444444 0.7700643776824034 0.05102777777777778 0.09079399141630902
0 0.7628055555555556 0.7601502145922747 0.03977777777777778 0.09079399141630902
0 0.7927222222222222 0.6866952789699571 0.032875 0.08914163090128756
0 0.7601249999999999 0.6850429184549357 0.042972222222222224 0.08583690987124463
0 0.8012638888888889 0.6520386266094421 0.03501388888888889 0.09903433476394849
0 0.7312777777777778 0.5851716738197424 0.08998611111111111 0.10068669527896996
0 0.8071388888888889 0.5595922746781116 0.05318055555555556 0.12875536480686695
0 0.6228611111111111 0.5546351931330472 0.07186111111111111 0.07263948497854078
0 0.5619722222222222 0.49356223175965663 0.06547222222222222 0.0594206008583691
0 0.6314166666666666 0.4869527896995708 0.07341666666666667 0.1188412017167382
0 0.6752222222222223 0.5463948497854078 0.05419444444444445 0.10564377682403432
0 0.7393055555555554 0.4886051502145923 0.0798611111111111 0.12875536480686695
0 0.8055416666666667 0.45394849785407726 0.04569444444444444 0.12545064377682402
0 0.5625138888888889 0.4217596566523605 0.09004166666666666 0.08418454935622317
0 0.6917777777777777 0.44156652360515025 0.05313888888888889 0.09409871244635193
0 0.6394166666666666 0.37553648068669526 0.07293055555555555 0.09079399141630902
0 0.5657083333333334 0.33261802575107297 0.08363888888888889 0.09409871244635193
0 0.5790694444444444 0.25090128755364804 0.10393055555555555 0.0792274678111588
0 0.56625 0.18321888412017168 0.08897222222222223 0.09575107296137339
0 0.6495833333333333 0.2145922746781116 0.07769444444444444 0.12875536480686695
0 0.7216805555555555 0.2286266094420601 0.09159722222222223 0.15351931330472104
0 0.7975277777777778 0.22285407725321887 0.07880555555555556 0.1419527896995708
0 0.8712361111111111 0.25008583690987124 0.08097222222222222 0.14690987124463517
0 0.9390555555555555 0.3392274678111588 0.047875 0.12710300429184548
0 0.8899166666666667 0.35077253218884125 0.03931944444444444 0.06437768240343347
0 0.9789166666666668 0.3697639484978541 0.04215277777777778 0.09575107296137339
0 0.98125 0.43495708154506435 0.023319444444444445 0.03465665236051502
0 0.9550694444444444 0.4275321888412017 0.03970833333333333 0.0396137339055794
0 0.7264861111111112 0.3681115879828326 0.08840277777777777 0.10894849785407726
0 0.8146111111111111 0.3548927038626609 0.08094444444444444 0.12214592274678111