0 0.19140461215932913 0.07205555555555555 0.14503144654088052 0.10243055555555555
0 0.3158909853249476 0.036458333333333336 0.17727463312368974 0.07291666666666667
0 0.37616352201257863 0.15191666666666667 0.21398322851153037 0.08854166666666667
0 0.11018867924528303 0.2152777777777778 0.11362683438155137 0.08680555555555555
0 0.560859538784067 0.12109722222222222 0.17473794549266247 0.10504166666666666
0 0.57916142557652 0.03776388888888889 0.2759119496855346 0.06858333333333334
0 0.7953668763102725 0.0855 0.17744234800838574 0.1276111111111111
0 0.9211320754716981 0.09765277777777778 0.13555555555555554 0.17275
0 0.6931656184486373 0.19661111111111113 0.11605870020964361 0.059902777777777784
0 0.7429559748427673 0.29470833333333335 0.15121593291404611 0.11545833333333333
0 0.5031865828092243 0.305125 0.23926624737945493 0.16580555555555554
0 0.3027882599580713 0.27820833333333334 0.11438155136268344 0.12413888888888888
0 0.14817610062893083 0.32075 0.1791194968553459 0.09288888888888888
0 0.10888888888888888 0.43359722222222224 0.1719706498951782 0.11545833333333333
0 0.2949266247379455 0.42491666666666666 0.16679245283018868 0.15018055555555554
0 0.46392033542976935 0.45269444444444445 0.1380293501048218 0.13281944444444443
0 0.6041090146750525 0.476125 0.1721383647798742 0.1588611111111111
0 0.7324947589098532 0.42925 0.2088469601677149 0.17622222222222222
0 0.9119077568134172 0.2721388888888889 0.17618448637316564 0.09983333333333333
0 0.9132704402515723 0.398 0.14079664570230607 0.15538888888888888
0 0.9014465408805031 0.523 0.19197064989517817 0.11893055555555555
0 0.880524109014675 0.6349861111111111 0.1538784067085954 0.09462499999999999
0 0.740314465408805 0.5716111111111111 0.1422431865828092 0.10851388888888888
0 0.6316142557651991 0.6679722222222222 0.18524109014675053 0.11545833333333333
0 0.5621383647798742 0.5811666666666666 0.2523480083857442 0.079
0 0.3420545073375262 0.6445277777777778 0.22620545073375264 0.10504166666666666
0 0.3459958071278826 0.5664027777777778 0.18691823899371068 0.08768055555555555
0 0.12721174004192873 0.5690138888888889 0.18960167714884696 0.11024999999999999
0 0.12723270440251572 0.6914027777777778 0.16672955974842768 0.13455555555555554
0 0.3381341719077568 0.7417499999999999 0.23406708595387843 0.0772638888888889
0 0.5674213836477988 0.7695277777777777 0.2140461215932914 0.11719444444444443
0 0.8163312368972746 0.7513055555555557 0.13551362683438156 0.13976388888888888
0 0.9486373165618449 0.7712638888888889 0.09626834381551364 0.16580555555555554
0 0.7180503144654088 0.8181388888888889 0.12914046121593292 0.125875
0 0.891006289308176 0.9075555555555557 0.16960167714884697 0.13281944444444443
0 0.45733752620545076 0.8641527777777779 0.18949685534591196 0.08247222222222222
0 0.6761425576519916 0.9084166666666665 0.1538155136268344 0.0963611111111111
0 0.12064989517819706 0.7964444444444445 0.18174004192872117 0.0963611111111111
0 0.27526205450733754 0.8580694444444443 0.12748427672955975 0.11372222222222221
0 0.1049475890985325 0.8910555555555555 0.15555555555555556 0.06684722222222222
0 0.2988469601677149 0.9448749999999999 0.14844863731656185 0.08247222222222222
0 0.46786163522012575 0.9561666666666667 0.1668553459119497 0.07379166666666667
0 0.6617400419287212 0.9726527777777777 0.20358490566037735 0.04427777777777778
0 0.8821383647798742 0.9856805555555557 0.23572327044025157 0.028652777777777777
0 0.14817610062893083 0.9665833333333335 0.1319496855345912 0.04775
0 0.4167295597484277 0.7920972222222221 0.1030398322851153 0.063375