0 0.7522916666666666 0.3834800838574423 0.09401388888888888 0.11006289308176101
0 0.8142222222222222 0.4533542976939203 0.052972222222222226 0.14849056603773583
0 0.6880694444444445 0.43150943396226416 0.06279166666666666 0.11530398322851153
0 0.75925 0.5110062893081762 0.06568055555555555 0.1310272536687631
0 0.6857638888888888 0.5887421383647798 0.07606944444444445 0.15723270440251572
0 0.6371666666666667 0.6551362683438156 0.03902777777777778 0.22362683438155137
0 0.8159444444444445 0.6053459119496856 0.05695833333333333 0.1310272536687631
0 0.7754583333333334 0.6682389937106918 0.09115277777777778 0.19041928721174003
0 0.7118055555555556 0.7660796645702307 0.10038888888888889 0.16247379454926625
0 0.792236111111111 0.8228511530398323 0.05527777777777777 0.12228511530398323
0 0.8280972222222223 0.7232704402515723 0.03265277777777778 0.09433962264150944
0 0.795125 0.940251572327044 0.07263888888888889 0.11949685534591195
0 0.7245277777777778 0.9058280922431865 0.07781944444444444 0.14849056603773583
0 0.6440972222222222 0.8822431865828092 0.09288888888888888 0.1851781970649895
0 0.5885555555555555 0.1109433962264151 0.05356944444444445 0.10656184486373166
0 0.6070833333333334 0.2349685534591195 0.059847222222222225 0.1519916142557652
0 0.5735138888888889 0.37647798742138366 0.06215277777777778 0.1589727463312369
0 0.5295277777777778 0.09958071278825996 0.07209722222222222 0.11530398322851153
0 0.5237361111111111 0.22448637316561845 0.13227777777777777 0.1519916142557652
0 0.4809444444444444 0.35027253668763103 0.0898888888888889 0.13452830188679246
0 0.4896111111111111 0.1310272536687631 0.06633333333333333 0.08385744234800839
0 0.5793055555555556 0.4979035639412998 0.07140277777777777 0.13626834381551362
0 0.5069583333333333 0.4638364779874214 0.09409722222222222 0.1380083857442348
0 0.43405555555555553 0.480440251572327 0.0895 0.18169811320754717
0 0.416125 0.3441719077568134 0.049 0.13276729559748426
0 0.447375 0.24633123689727462 0.051305555555555556 0.15373165618448636
0 0.618638888888889 0.40444444444444444 0.025791666666666668 0.16247379454926625
0 0.5804583333333333 0.6560167714884696 0.05752777777777778 0.17295597484276728
0 0.52375 0.5878825995807129 0.06747222222222223 0.1380083857442348
0 0.5492222222222222 0.7529769392033543 0.08527777777777777 0.15373165618448636
0 0.4583611111111111 0.6752201257861635 0.11031944444444446 0.15549266247379456
0 0.5029305555555555 0.8158700209643606 0.09915277777777778 0.13276729559748426
0 0.40744444444444444 0.7459748427672955 0.10570833333333333 0.16421383647798743
0 0.4126527777777778 0.6263102725366876 0.06056944444444445 0.12404612159329141
0 0.39181944444444444 0.1519916142557652 0.08372222222222223 0.09784067085953879
0 0.3252777777777778 0.17645702306079664 0.0756388888888889 0.10832285115303984
0 0.36869444444444444 0.27951781970649897 0.08059722222222222 0.10832285115303984
0 0.3032916666666667 0.27253668763102723 0.07102777777777777 0.10832285115303984
0 0.27205555555555555 0.38784067085953877 0.09418055555555556 0.11180293501048218
0 0.35191666666666666 0.3948218029350105 0.06786111111111111 0.15025157232704403
0 0.25006944444444446 0.49266247379454925 0.09881944444444445 0.13626834381551362
0 0.33570833333333333 0.5214884696016772 0.08405555555555556 0.1450104821802935
0 0.27727777777777773 0.6140880503144655 0.06668055555555555 0.15549266247379456
0 0.22461111111111112 0.6263102725366876 0.07568055555555556 0.12054507337526206
0 0.33918055555555554 0.6481551362683439 0.06786111111111111 0.11880503144654088
0 0.20551388888888888 0.7320125786163523 0.09304166666666666 0.11180293501048218
0 0.29000000000000004 0.7381132075471698 0.10370833333333333 0.11006289308176101
0 0.13434722222222223 0.49092243186582807 0.06876388888888889 0.10832285115303984
0 0.08458333333333333 0.5145073375262055 0.07341666666666667 0.10656184486373166
0 0.1366666666666667 0.6018448637316561 0.056222222222222215 0.1170440251572327
0 0.07880555555555556 0.6350524109014676 0.07008333333333333 0.12404612159329141
0 0.022208333333333333 0.6507756813417191 0.04440277777777778 0.1310272536687631
0 0.04408333333333333 0.560796645702306 0.06416666666666668 0.09083857442348008
0 0.1308888888888889 0.6979454926624739 0.04695833333333334 0.1380083857442348
0 0.08575 0.7616981132075471 0.07240277777777779 0.11880503144654088
0 0.02625 0.779182389937107 0.052513888888888895 0.13276729559748426