0 0.04658333333333333 0.6126483050847458 0.09315277777777776 0.2106779661016949
0 0.12662500000000002 0.5361440677966102 0.11825 0.19421610169491527
0 0.21302777777777776 0.5161228813559322 0.09359722222222222 0.20597457627118643
0 0.29480555555555554 0.5008262711864406 0.12756944444444443 0.2177542372881356
0 0.37581944444444443 0.3960593220338983 0.13530555555555557 0.18713983050847458
0 0.23229166666666667 0.3489830508474576 0.14863888888888888 0.16595338983050847
0 0.47687500000000005 0.3843008474576271 0.09676388888888889 0.1965677966101695
0 0.4413611111111111 0.23953389830508476 0.14702777777777779 0.15419491525423729
0 0.5810277777777777 0.2936652542372882 0.13845833333333332 0.22716101694915253
0 0.6743750000000001 0.3042584745762712 0.09991666666666667 0.2106779661016949
0 0.7785277777777777 0.3795974576271186 0.1416111111111111 0.262478813559322
0 0.9189305555555556 0.4396186440677966 0.11697222222222223 0.26953389830508473
0 0.9811388888888888 0.4431567796610169 0.037736111111111116 0.17302966101694917
0 0.9385555555555556 0.27953389830508474 0.1228888888888889 0.13536016949152543
0 0.8170833333333333 0.20421610169491525 0.12684722222222222 0.08828389830508475
0 0.6442638888888889 0.15006355932203388 0.12381944444444445 0.13065677966101696
0 0.5378055555555556 0.13830508474576272 0.09299999999999999 0.13065677966101696
0 0.25390277777777776 0.20302966101694914 0.09926388888888889 0.1047457627118644
0 0.17830555555555555 0.20891949152542372 0.08386111111111111 0.11652542372881355
0 0.8996388888888889 0.636186440677966 0.09381944444444444 0.1683050847457627
0 0.7916388888888889 0.6397033898305085 0.10304166666666667 0.1894915254237288
0 0.6728333333333333 0.6491313559322034 0.10918055555555556 0.18478813559322033
0 0.6566111111111111 0.4819915254237288 0.1485 0.14476694915254237
0 0.12738888888888888 0.3466313559322034 0.05609722222222222 0.10947033898305085
0 0.5154444444444445 0.716228813559322 0.004208333333333333 0.0011864406779661019