0 0.18268055555555557 0.12327083333333334 0.17252777777777778 0.24652083333333333
0 0.36725 0.23045833333333335 0.11588888888888889 0.1640625
0 0.2017638888888889 0.428375 0.171375 0.250875
0 0.22433333333333336 0.6471250000000001 0.12395833333333334 0.22308333333333333
0 0.31401388888888887 0.8884583333333332 0.060319444444444446 0.13974999999999999
0 0.3284722222222222 0.5733541666666666 0.07305555555555555 0.20400000000000001
0 0.41815277777777776 0.7999166666666666 0.06729166666666667 0.17447916666666666
0 0.38981944444444444 0.44747916666666665 0.11705555555555555 0.2682291666666667
0 0.5049583333333333 0.5091041666666667 0.11825 0.21787499999999999
0 0.5743888888888888 0.26779166666666665 0.12520833333333334 0.23870833333333333
0 0.7392916666666666 0.21570833333333334 0.18659722222222222 0.28733333333333333
0 0.6669722222222223 0.4804583333333333 0.13681944444444444 0.21962500000000001
0 0.657125 0.6896666666666668 0.11019444444444446 0.19010416666666666
0 0.7543333333333333 0.7478333333333332 0.10329166666666667 0.22308333333333333
0 0.7774861111111111 0.4674375 0.09404166666666666 0.21787499999999999
0 0.8544305555555556 0.4387916666666667 0.08365277777777777 0.26129166666666664
0 0.8619583333333334 0.6818541666666668 0.0825 0.22308333333333333