0 0.24808333333333335 0.15155136268343816 0.19919444444444442 0.3031027253668763
0 0.25095833333333334 0.39090146750524113 0.14941666666666667 0.2070230607966457
0 0.41816666666666663 0.1908595387840671 0.17838888888888887 0.3817190775681342
0 0.38865277777777774 0.4756394129979036 0.14483333333333334 0.22274633123689727
0 0.38055555555555554 0.6765408805031446 0.1286111111111111 0.19828092243186582
0 0.5766944444444445 0.6730398322851153 0.10668055555555556 0.19480083857442348
0 0.5709166666666666 0.4459329140461216 0.14372222222222222 0.2681761006289308
0 0.7080555555555555 0.35245283018867923 0.13798611111111111 0.2489517819706499
0 0.5685833333333333 0.16553459119496855 0.12936111111111112 0.3310691823899371
0 0.850375 0.20832285115303983 0.13570833333333332 0.2611740041928721
0 0.6976111111111111 0.12534591194968553 0.15130555555555555 0.25069182389937106
0 0.5269444444444444 0.8285324947589098 0.07659722222222222 0.12142557651991615
0 0.08951388888888889 0.29394129979035644 0.08570833333333333 0.18081761006289307