0 0.22577777777777777 0.0715042372881356 0.07722222222222222 0.13665254237288135
0 0.31951388888888893 0.07574152542372882 0.09531944444444444 0.1451271186440678
0 0.2341388888888889 0.22616525423728814 0.08006944444444444 0.15783898305084745
0 0.3320138888888889 0.2441737288135593 0.1119861111111111 0.17266949152542374
0 0.4271388888888889 0.2791313559322034 0.08006944444444444 0.1832627118644068
0 0.48754166666666665 0.2801906779661017 0.07593055555555556 0.15572033898305085
0 0.27022222222222225 0.3945974576271186 0.09390277777777778 0.1641949152542373
0 0.3570138888888889 0.3882415254237288 0.07033333333333333 0.1684322033898305
0 0.4285277777777778 0.4369703389830508 0.06895833333333333 0.1260593220338983
0 0.5125416666666667 0.420021186440678 0.08981944444444445 0.1641949152542373
0 0.35423611111111114 0.5492584745762712 0.07309722222222223 0.15995762711864406
0 0.29659722222222223 0.520656779661017 0.05327777777777778 0.0836864406779661
0 0.43338888888888893 0.5704449152542372 0.06479166666666666 0.11334745762711865
0 0.5021249999999999 0.583156779661017 0.08009722222222222 0.1260593220338983
0 0.5757222222222222 0.555614406779661 0.07456944444444444 0.11334745762711865
0 0.6507083333333333 0.5238347457627118 0.08570833333333333 0.1260593220338983
0 0.3834027777777778 0.653072033898305 0.07866666666666666 0.09216101694915255
0 0.4653333333333334 0.6954449152542372 0.08424999999999999 0.13029661016949154
0 0.5424027777777778 0.7102754237288136 0.069 0.09639830508474577
0 0.6166944444444444 0.6954449152542372 0.07041666666666667 0.1684322033898305
0 0.6889027777777778 0.6604872881355932 0.07877777777777778 0.13665254237288135
0 0.4445 0.791843220338983 0.06202777777777777 0.11970338983050847
0 0.5083749999999999 0.8246822033898306 0.07870833333333334 0.11758474576271187
0 0.5722499999999999 0.8066737288135594 0.06484722222222222 0.10699152542372882
0 0.39519444444444446 0.7356991525423728 0.053250000000000006 0.0815677966101695
0 0.5923888888888889 0.3585805084745763 0.07734722222222222 0.10911016949152542
0 0.6618194444444444 0.2960805084745763 0.06626388888888889 0.09427966101694915
0 0.5798888888888889 0.22616525423728814 0.08290277777777777 0.11970338983050847
0 0.6625138888888888 0.180614406779661 0.10931944444444444 0.1430084745762712
0 0.7534722222222222 0.1393008474576271 0.07738888888888888 0.1281779661016949
0 0.5194861111111111 0.1170550847457627 0.09261111111111112 0.12182203389830508
0 0.5861388888888889 0.1159957627118644 0.06484722222222222 0.09004237288135593
0 0.6521111111111111 0.04978813559322034 0.10791666666666667 0.09957627118644068
0 0.7583333333333333 0.034957627118644065 0.09268055555555556 0.06991525423728813
0 0.506986111111111 0.028601694915254237 0.12315277777777778 0.057203389830508475
0 0.5812777777777778 0.025423728813559324 0.06068055555555555 0.05084745762711865
0 0.41672222222222227 0.0858050847457627 0.10923611111111112 0.1716101694915254