0 0.07340277777777778 0.271885593220339 0.14445833333333333 0.1906779661016949
0 0.19759722222222223 0.24010593220338983 0.13370833333333332 0.24010593220338983
0 0.306375 0.1683050847457627 0.12602777777777777 0.22364406779661017
0 0.19063888888888889 0.09063559322033898 0.102375 0.08239406779661017
0 0.09575 0.13771186440677965 0.09159722222222223 0.0635593220338983
0 0.43906944444444446 0.11063559322033899 0.12606944444444443 0.20245762711864407
0 0.3565138888888889 0.032966101694915255 0.045222222222222226 0.06591101694915254
0 0.5655972222222222 0.08709745762711864 0.10451388888888889 0.17419491525423728
0 0.6496805555555555 0.07533898305084746 0.07522222222222222 0.15065677966101695
0 0.7808333333333334 0.18008474576271186 0.08144444444444444 0.1906779661016949
0 0.871875 0.22716101694915253 0.08763888888888889 0.14360169491525424
0 0.6851527777777778 0.2248093220338983 0.13152777777777777 0.17184322033898305
0 0.5594027777777778 0.2671822033898305 0.10841666666666668 0.18597457627118644
0 0.44213888888888886 0.32720338983050845 0.16091666666666665 0.22127118644067797
0 0.3256527777777778 0.37311440677966107 0.113125 0.1906779661016949
0 0.23230555555555554 0.4307838983050848 0.11779166666666667 0.16008474576271187
0 0.43598611111111113 0.5473093220338983 0.11680555555555555 0.20008474576271185
0 0.5578888888888889 0.5414406779661017 0.12611111111111112 0.20716101694915254
0 0.6273194444444444 0.4355084745762712 0.224875 0.16478813559322034
0 0.7384166666666666 0.41548728813559327 0.2002361111111111 0.24245762711864408
0 0.8965555555555556 0.3978389830508475 0.11851388888888889 0.2306991525423729
0 0.9772777777777778 0.3436864406779661 0.04544444444444444 0.09415254237288136
0 0.9507638888888889 0.6320550847457627 0.09845833333333333 0.21421610169491526
0 0.8440833333333333 0.6214618644067796 0.1098611111111111 0.24010593220338983
0 0.7198749999999999 0.6438347457627118 0.13304166666666667 0.2330508474576271
0 0.6242083333333334 0.6391313559322034 0.06211111111111111 0.24718220338983052
0 0.76 0.8298093220338983 0.08605555555555555 0.15771186440677964
0 0.5339444444444444 0.7238771186440678 0.147 0.18597457627118644
0 0.4097361111111111 0.7309322033898306 0.15168055555555554 0.23775423728813558
0 0.5632916666666666 0.8968855932203389 0.15851388888888887 0.17419491525423728
0 0.4182222222222222 0.9154872881355932 0.10383333333333335 0.1643220338983051
0 0.6766805555555555 0.8298093220338983 0.0798611111111111 0.18597457627118644
0 0.8425555555555555 0.8721822033898305 0.06294444444444444 0.08709745762711864
0 0.33105555555555555 0.5331991525423728 0.09923611111111111 0.14360169491525424
0 0.09055555555555556 0.4625635593220339 0.181125 0.22364406779661017
0 0.2338611111111111 0.574385593220339 0.07970833333333334 0.13182203389830507
0 0.3102361111111111 0.6532415254237288 0.06276388888888888 0.12476694915254237
0 0.31254166666666666 0.795677966101695 0.04579166666666667 0.15065677966101695
0 0.18369444444444444 0.7050423728813558 0.10700000000000001 0.12476694915254237