0 0.5289583333333334 0.372521186440678 0.04780555555555556 0.0565042372881356
0 0.5960694444444444 0.4396186440677966 0.043152777777777776 0.06709745762711865
0 0.6342777777777778 0.5358474576271186 0.06563888888888889 0.09004237288135593
0 0.6088055555555555 0.3743008474576271 0.07786111111111112 0.11298728813559322
0 0.622125 0.2639406779661017 0.08993055555555556 0.06531779661016948
0 0.5972222222222222 0.19773305084745763 0.0825 0.0847457627118644
0 0.5254722222222222 0.22510593220338984 0.10797222222222222 0.11122881355932203
0 0.5011805555555556 0.3310381355932203 0.15195833333333333 0.06885593220338983
0 0.447375 0.25247881355932206 0.0675 0.10947033898305085
0 0.39008333333333334 0.3504661016949152 0.075625 0.07944915254237288
0 0.4190277777777778 0.4458050847457627 0.07251388888888889 0.12182203389830508
0 0.3571111111111111 0.4519703389830509 0.06752777777777777 0.08828389830508475
0 0.39126388888888886 0.5667372881355932 0.08176388888888889 0.11652542372881355
0 0.3229722222222222 0.5658474576271186 0.06176388888888889 0.12536016949152542
0 0.4456388888888889 0.6647245762711864 0.051694444444444446 0.11828389830508475
0 0.544 0.6832627118644068 0.11491666666666665 0.1059322033898305
0 0.6331111111111111 0.6373516949152542 0.07490277777777778 0.10239406779661017
0 0.6053333333333333 0.5314194915254238 0.07091666666666667 0.14125000000000001
0 0.517375 0.4272669491525423 0.08715277777777777 0.07415254237288135
0 0.4554722222222222 0.4307838983050848 0.030472222222222223 0.10947033898305085
0 0.6562638888888889 0.4908262711864407 0.07259722222222223 0.11652542372881355
0 0.678236111111111 0.4078389830508475 0.06395833333333333 0.11652542372881355
0 0.6979166666666666 0.3425211864406779 0.06566666666666666 0.1483050847457627
0 0.7309027777777778 0.4784533898305085 0.050625 0.15536016949152542
0 0.70775 0.6232415254237288 0.11772222222222223 0.17654661016949152
0 0.7783472222222222 0.6241101694915254 0.046013888888888896 0.10417372881355932
0 0.7904861111111111 0.5234745762711864 0.040777777777777774 0.10063559322033898
0 0.3067638888888889 0.6611864406779661 0.07565277777777778 0.06531779661016948
0 0.39356944444444447 0.6965042372881356 0.06093055555555555 0.15006355932203388
0 0.3114027777777778 0.7379872881355932 0.08954166666666666 0.10947033898305085
0 0.39936111111111117 0.826271186440678 0.08638888888888889 0.10239406779661017
0 0.32875 0.8359745762711864 0.08027777777777777 0.11476694915254237
0 0.4080416666666667 0.9357415254237288 0.10375000000000001 0.10239406779661017
0 0.49945833333333334 0.911906779661017 0.11998611111111111 0.09358050847457627
0 0.4693611111111111 0.7971398305084746 0.0675 0.11828389830508475
0 0.53475 0.79625 0.1072638888888889 0.12358050847457627
0 0.6336944444444444 0.7909533898305084 0.09456944444444446 0.1694915254237288
0 0.6035972222222222 0.9136652542372882 0.0743888888888889 0.07239406779661017
0 0.7239583333333334 0.7847881355932204 0.08301388888888889 0.15006355932203388
0 0.6614583333333334 0.8907203389830509 0.05061111111111111 0.05826271186440678
0 0.774875 0.7220974576271186 0.032125 0.1059322033898305
0 0.3009861111111111 0.4352118644067796 0.050194444444444444 0.12887711864406778
0 0.32008333333333333 0.3319279661016949 0.060597222222222226 0.1271186440677966
0 0.39355555555555555 0.2648305084745763 0.043222222222222224 0.0988771186440678
0 0.45084722222222223 0.16860169491525423 0.062875 0.06180084745762712
0 0.5220138888888889 0.14476694915254237 0.07326388888888889 0.03883474576271186