0 0.603875 0.7035593220338983 0.107375 0.1641949152542373
0 0.5060972222222222 0.7159322033898305 0.09930555555555555 0.14654661016949153
0 0.41352777777777777 0.6894491525423729 0.0785138888888889 0.17124999999999999
0 0.693 0.7335805084745762 0.08475 0.1924364406779661
0 0.6964583333333333 0.6179449152542373 0.07030555555555555 0.06709745762711865
0 0.6062083333333333 0.3584110169491525 0.08472222222222223 0.20127118644067796
0 0.5130416666666666 0.3292796610169491 0.08773611111111111 0.19951271186440678
0 0.5980972222222222 0.20038135593220338 0.10275000000000001 0.1076906779661017
0 0.6715972222222223 0.3266313559322034 0.07201388888888889 0.17654661016949152
0 0.7433333333333334 0.3239830508474576 0.06277777777777778 0.15713983050847458
0 0.7039722222222222 0.19421610169491527 0.113125 0.1200635593220339
0 0.39790277777777777 0.3089618644067797 0.1097638888888889 0.11652542372881355
0 0.594625 0.08828389830508475 0.10275000000000001 0.13771186440677965
0 0.6877916666666667 0.07504237288135594 0.0974861111111111 0.13241525423728814
0 0.4644305555555555 0.08209745762711865 0.13866666666666666 0.11476694915254237
0 0.5066944444444444 0.18802966101694915 0.08005555555555556 0.08298728813559322
0 0.40368055555555554 0.19508474576271187 0.11669444444444443 0.10063559322033898
0 0.35797222222222225 0.07504237288135594 0.09009722222222223 0.15006355932203388
0 0.3290416666666667 0.3769491525423729 0.04613888888888889 0.06531779661016948
0 0.7149861111111111 0.4846398305084746 0.11022222222222222 0.12536016949152542
0 0.8960833333333332 0.554385593220339 0.05126388888888889 0.0776906779661017
0 0.93775 0.5022881355932204 0.06284722222222222 0.10417372881355932
0 0.9579861111111111 0.408728813559322 0.07022222222222223 0.07944915254237288
0 0.9799861111111111 0.4819915254237288 0.033930555555555554 0.10239406779661017
0 0.9510416666666667 0.3478177966101695 0.06097222222222222 0.0776906779661017
0 0.9886666666666667 0.3416313559322034 0.00963888888888889 0.06531779661016948
0 0.9359999999999999 0.24983050847457627 0.04940277777777778 0.06180084745762712
0 0.9872916666666667 0.24983050847457627 0.025402777777777778 0.10417372881355932
0 0.9412083333333333 0.17567796610169492 0.041305555555555554 0.06180084745762712
0 0.8850833333333333 0.0697457627118644 0.05404166666666666 0.0865042372881356
0 0.9336944444444444 0.1138771186440678 0.05243055555555556 0.06531779661016948
0 0.9643611111111111 0.16684322033898305 0.04665277777777778 0.07239406779661017
0 0.9357083333333334 0.6563347457627119 0.06038888888888889 0.05915254237288136
0 0.9796944444444444 0.7163771186440678 0.03219444444444444 0.15271186440677967
0 0.9235694444444444 0.7375423728813559 0.05461111111111111 0.10504237288135593
0 0.9818055555555555 0.8620127118644068 0.03640277777777778 0.055614406779661014
0 0.9357222222222222 0.8417161016949153 0.041874999999999996 0.08739406779661017
0 0.9823749999999999 0.9361652542372881 0.03525 0.07680084745762712
0 0.943236111111111 0.9361652542372881 0.03840277777777778 0.06091101694915254
0 0.9524999999999999 0.9824364406779661 0.06111111111111111 0.03512711864406779
0 0.7661944444444444 0.8417161016949153 0.05643055555555556 0.15271186440677967
0 0.6741805555555556 0.8743855932203389 0.12297222222222223 0.11033898305084745
0 0.5775555555555555 0.8461440677966101 0.07093055555555555 0.16330508474576272
0 0.5793055555555556 0.9559533898305085 0.07372222222222222 0.08809322033898305
0 0.11409722222222222 0.703135593220339 0.09306944444444445 0.1138771186440678
0 0.1748611111111111 0.7772881355932203 0.07705555555555556 0.15095338983050846
0 0.24544444444444444 0.8796822033898305 0.06781944444444445 0.12976694915254236
0 0.04755555555555556 0.6898940677966101 0.07573611111111112 0.12271186440677967
0 0.08748611111111111 0.5945550847457627 0.059666666666666666 0.10328389830508475
0 0.03251388888888889 0.5839406779661017 0.05027777777777778 0.09444915254237288
0 0.08690277777777777 0.49567796610169496 0.051569444444444446 0.0715042372881356
0 0.2060972222222222 0.45065677966101697 0.03772222222222222 0.030889830508474575
0 0.14997222222222223 0.4524152542372881 0.05370833333333334 0.06444915254237288
0 0.04466666666666666 0.506271186440678 0.03755555555555556 0.052076271186440676
0 0.07359722222222223 0.3959322033898305 0.03652777777777778 0.0697457627118644
0 0.03172222222222222 0.32707627118644067 0.06343055555555556 0.10328389830508475
0 0.04119444444444444 0.20701271186440676 0.06891666666666667 0.10504237288135593
0 0.10484722222222222 0.13021186440677968 0.09902777777777777 0.08563559322033899
0 0.14130555555555555 0.06754237288135594 0.07009722222222223 0.08385593220338983
0 0.209 0.04722457627118644 0.06202777777777777 0.08563559322033899
0 0.27611111111111114 0.03796610169491526 0.07130555555555557 0.07591101694915253
0 0.46877777777777774 0.8549576271186441 0.12883333333333333 0.12447033898305085
0 0.3536388888888889 0.8346610169491525 0.058277777777777776 0.08739406779661017
0 0.4375555555555556 0.9450000000000001 0.10491666666666667 0.09093220338983052
0 0.35075 0.9370550847457627 0.06869444444444445 0.09444915254237288