0 0.24831944444444443 0.6328125 0.11848611111111111 0.17535416666666667
0 0.3270277777777778 0.6388958333333333 0.07595833333333334 0.17360416666666667
0 0.39473611111111107 0.5972291666666667 0.10259722222222223 0.16666666666666666
0 0.3119722222222222 0.5052083333333334 0.10688888888888888 0.08333333333333333
0 0.4352361111111111 0.47743749999999996 0.12575 0.13541666666666666
0 0.5364861111111111 0.41058333333333336 0.124625 0.16839583333333333
0 0.6417916666666666 0.37587499999999996 0.11772222222222223 0.18229166666666666
0 0.7540416666666666 0.36024999999999996 0.11775000000000001 0.21702083333333333
0 0.8466250000000001 0.40016666666666667 0.06455555555555555 0.28993749999999996
0 0.4953888888888889 0.6310833333333333 0.1450138888888889 0.19964583333333333
0 0.6227083333333334 0.6119791666666666 0.11655555555555555 0.24131249999999999
0 0.7355277777777778 0.6415000000000001 0.11543055555555555 0.30035416666666664
0 0.8327361111111112 0.6840208333333333 0.06223611111111112 0.2604166666666667
0 0.6967361111111111 0.49391666666666667 0.23290277777777776 0.109375
0 0.9021666666666666 0.6779583333333333 0.06688888888888889 0.27256250000000004
0 0.3212361111111111 0.39931249999999996 0.06986111111111111 0.0868125
0 0.2396527777777778 0.36285416666666664 0.07336111111111111 0.08333333333333333
0 0.41498611111111117 0.328125 0.1222638888888889 0.11110416666666666
0 0.5382083333333333 0.26995833333333336 0.09872222222222223 0.13020833333333334
0 0.7881666666666667 0.20224999999999999 0.14029166666666668 0.09202083333333334
0 0.6712916666666666 0.22047916666666667 0.07784722222222222 0.10764583333333334