0 0.48844444444444446 0.46645702306079667 0.19825 0.22012578616352202
0 0.26683333333333337 0.6516352201257861 0.16940277777777776 0.29000000000000004
0 0.4109305555555556 0.7442348008385744 0.10491666666666667 0.22012578616352202
0 0.5174027777777778 0.749475890985325 0.10956944444444444 0.19218029350104823
0 0.5463333333333333 0.640293501048218 0.16976388888888888 0.17295597484276728
0 0.662625 0.6210691823899371 0.07606944444444445 0.16247379454926625
0 0.6406388888888889 0.45947589098532493 0.12466666666666668 0.15723270440251572
0 0.7123888888888888 0.39308176100628933 0.10848611111111112 0.13276729559748426
0 0.6082222222222222 0.3284486373165618 0.12994444444444445 0.12928721174004193
0 0.5029166666666667 0.29000000000000004 0.11840277777777777 0.12928721174004193
0 0.4028194444444444 0.2847589098532495 0.11959722222222222 0.14675052410901468
0 0.3195 0.4114255765199161 0.13119444444444445 0.17295597484276728
0 0.40109722222222227 0.5887421383647798 0.11531944444444445 0.13276729559748426
0 0.49425 0.15025157232704403 0.10725 0.08735849056603774
0 0.39413888888888887 0.17731656184486372 0.09297222222222222 0.07163522012578617
0 0.5787222222222222 0.22012578616352202 0.10033333333333333 0.10482180293501048
0 0.6151805555555556 0.15025157232704403 0.11538888888888889 0.09083857442348008
0 0.7216388888888889 0.08647798742138364 0.05756944444444445 0.057651991614255764
0 0.49597222222222226 0.20004192872117402 0.08831944444444445 0.04018867924528302
0 0.6985 0.24459119496855347 0.09690277777777777 0.15373165618448636
0 0.211875 0.42102725366876315 0.11040277777777777 0.16771488469601678
0 0.28075 0.25069182389937106 0.11759722222222223 0.14150943396226415