0 0.6017190775681341 0.9003472222222222 0.13561844863731656 0.12152777777777778
0 0.6771698113207547 0.8170138888888889 0.13266247379454926 0.14791666666666667
0 0.7819916142557651 0.7565972222222223 0.11471698113207547 0.10625
0 0.8427672955974843 0.7059027777777778 0.12731656184486373 0.14097222222222222
0 0.31457023060796646 0.5802083333333333 0.16905660377358492 0.13125
0 0.17937106918238993 0.6836805555555555 0.18368972746331239 0.10208333333333333
0 0.15943396226415094 0.5871527777777777 0.1831446540880503 0.12986111111111112
0 0.15211740041928723 0.4670138888888889 0.12498951781970649 0.08819444444444445
0 0.16991614255765197 0.39895833333333336 0.1370230607966457 0.06736111111111111
0 0.19505241090146752 0.34479166666666666 0.1328092243186583 0.08402777777777778
0 0.18563941299790357 0.265625 0.12654088050314466 0.08680555555555555
0 0.33761006289308176 0.403125 0.13134171907756814 0.09375
0 0.3459958071278826 0.3107638888888889 0.15230607966457024 0.08958333333333333
0 0.33444444444444443 0.24270833333333333 0.15163522012578615 0.07430555555555556
0 0.3428301886792453 0.17743055555555556 0.12228511530398323 0.06319444444444444
0 0.33444444444444443 0.11701388888888889 0.10970649895178197 0.06458333333333334
0 0.4969182389937107 0.09409722222222222 0.1439622641509434 0.11736111111111111
0 0.5126415094339623 0.20381944444444444 0.19218029350104823 0.10069444444444445
0 0.5220754716981132 0.303125 0.15654088050314466 0.08263888888888889
0 0.529412997903564 0.390625 0.1670230607966457 0.09375
0 0.6520335429769392 0.11215277777777778 0.13563941299790358 0.07291666666666667
0 0.6750943396226414 0.18715277777777778 0.13563941299790358 0.08680555555555555
0 0.7012997903563941 0.26840277777777777 0.18805031446540882 0.09652777777777778
0 0.7274842767295597 0.36909722222222224 0.17339622641509433 0.09513888888888888
0 0.7851362683438154 0.47118055555555555 0.13358490566037737 0.09652777777777778
0 0.779895178197065 0.5565972222222222 0.13568134171907756 0.11458333333333333
0 0.640482180293501 0.4753472222222222 0.159916142557652 0.09236111111111112
0 0.46125786163522015 0.4857638888888889 0.1578825995807128 0.09930555555555555
0 0.6488888888888888 0.5579861111111111 0.13773584905660377 0.08680555555555555