0 0.25005555555555553 0.9652708333333333 0.10575 0.0694375
0 0.5104444444444444 0.34808333333333336 0.08020833333333334 0.09895833333333333
0 0.6024444444444444 0.40191666666666664 0.08993055555555556 0.13368750000000001
0 0.4872916666666667 0.27777083333333336 0.10798611111111112 0.0555625
0 0.5619444444444445 0.29079166666666667 0.08991666666666666 0.078125
0 0.43522222222222223 0.3411458333333333 0.0756111111111111 0.09547916666666666
0 0.44854166666666667 0.44964583333333336 0.08293055555555556 0.11458333333333333
0 0.5081388888888889 0.42795833333333333 0.04940277777777778 0.08160416666666667
0 0.384875 0.4036458333333333 0.0628888888888889 0.08854166666666667
0 0.3767916666666667 0.5060833333333333 0.04819444444444445 0.15104166666666666
0 0.4207638888888889 0.6267291666666667 0.06672222222222222 0.19097916666666667
0 0.4398472222222222 0.5286458333333334 0.05708333333333333 0.0711875
0 0.4809444444444444 0.7612916666666667 0.06211111111111111 0.1163125
0 0.36288888888888887 0.6328125 0.07909722222222222 0.11285416666666667
0 0.5202916666666667 0.8116249999999999 0.06676388888888889 0.0850625
0 0.5995555555555556 0.8237916666666667 0.11886111111111111 0.09202083333333334
0 0.6753472222222222 0.7048541666666667 0.057555555555555554 0.07639583333333334
0 0.6707083333333334 0.5685833333333333 0.06279166666666666 0.17881249999999999
0 0.6597361111111111 0.8072916666666666 0.09341666666666668 0.12847916666666667
0 0.728 0.65625 0.056416666666666664 0.0868125
0 0.6915416666666667 0.4427083333333333 0.083625 0.11110416666666666
0 0.6689722222222223 0.32464583333333336 0.12412500000000001 0.10416666666666667
0 0.7980138888888889 0.7612916666666667 0.06916666666666667 0.11285416666666667
0 0.6840277777777778 0.8984375 0.058708333333333335 0.06770833333333333
0 0.5272222222222223 0.0694375 0.04663888888888889 0.052083333333333336
0 0.5874027777777778 0.17360416666666667 0.0922361111111111 0.07639583333333334
0 0.6984861111111111 0.09895833333333333 0.05352777777777778 0.0625
0 0.7980138888888889 0.22743750000000001 0.06454166666666666 0.1180625
0 0.8130555555555555 0.5555625000000001 0.06737499999999999 0.09722916666666667
0 0.30793055555555554 0.49391666666666667 0.08722222222222221 0.15797916666666667
0 0.34554166666666664 0.24479166666666666 0.06754166666666667 0.1006875
0 0.427125 0.0555625 0.058625000000000003 0.08333333333333333
0 0.20262499999999997 0.23958333333333334 0.08725 0.12152083333333333
0 0.13204166666666667 0.5998333333333333 0.08861111111111111 0.12327083333333334
0 0.08979166666666667 0.7491249999999999 0.08151388888888889 0.09202083333333334
0 0.11005555555555555 0.38454166666666667 0.06315277777777778 0.08160416666666667
0 0.057972222222222224 0.28472916666666664 0.034069444444444444 0.0625
0 0.22866666666666666 0.1006875 0.07361111111111111 0.08333333333333333
0 0.35075 0.08854166666666667 0.04470833333333333 0.07639583333333334
0 0.9287777777777778 0.4401041666666667 0.044194444444444446 0.060770833333333336
0 0.9750694444444444 0.6241249999999999 0.029875000000000002 0.1024375
0 0.9062083333333334 0.9253541666666667 0.054625 0.07639583333333334
0 0.927611111111111 0.7708333333333334 0.05345833333333334 0.10764583333333334
0 0.9577083333333333 0.19443749999999999 0.05533333333333334 0.11458333333333333