0 0.4051388888888889 0.31077083333333333 0.06404166666666666 0.07985416666666666
0 0.49770833333333336 0.16145833333333334 0.0455 0.05902083333333333
0 0.5451666666666667 0.21875 0.05634722222222222 0.09375
0 0.6099722222222222 0.24566666666666667 0.061000000000000006 0.0850625
0 0.647 0.26214583333333336 0.058694444444444445 0.0868125
0 0.7008055555555556 0.28818750000000004 0.05525 0.07985416666666666
0 0.5636666666666666 0.33681249999999996 0.08019444444444444 0.13193749999999999
0 0.6365833333333333 0.38368749999999996 0.07720833333333334 0.16318749999999999
0 0.709486111111111 0.4036458333333333 0.07261111111111111 0.16839583333333333
0 0.7604027777777778 0.3958333333333333 0.04948611111111111 0.08333333333333333
0 0.3929861111111111 0.4036458333333333 0.0628888888888889 0.08160416666666667
0 0.3906805555555556 0.4609375 0.10605555555555556 0.10589583333333333
0 0.3073472222222222 0.2942708333333333 0.06986111111111111 0.0850625
0 0.22925 0.34287500000000004 0.07013888888888889 0.07464583333333333
0 0.24255555555555552 0.46875 0.092125 0.07985416666666666
0 0.29231944444444447 0.44183333333333336 0.064375 0.10589583333333333
0 0.182375 0.47047916666666667 0.07222222222222222 0.0868125
0 0.20147222222222222 0.5520833333333334 0.08863888888888889 0.11110416666666666
0 0.27554166666666663 0.5625 0.07245833333333333 0.14583333333333334
0 0.34844444444444445 0.5763958333333333 0.07943055555555555 0.16318749999999999
0 0.4063055555555556 0.5911458333333334 0.058625000000000003 0.16145833333333334
0 0.4797638888888889 0.5043333333333334 0.08831944444444445 0.08160416666666667
0 0.50525 0.42535416666666664 0.08758333333333333 0.09375
0 0.47977777777777775 0.33506250000000004 0.07906944444444444 0.09027083333333333
0 0.5781388888888889 0.46875 0.050583333333333334 0.12847916666666667
0 0.5538472222222222 0.5286458333333334 0.07140277777777777 0.11285416666666667
0 0.48556944444444444 0.5998333333333333 0.12229166666666666 0.140625
0 0.5885555555555555 0.6501666666666667 0.07372222222222222 0.15104166666666666
0 0.6360138888888889 0.5798541666666667 0.09456944444444446 0.18402083333333333
0 0.6718888888888889 0.5295208333333333 0.11772222222222223 0.15972916666666667
0 0.7505694444444444 0.5807291666666666 0.057583333333333334 0.16839583333333333
0 0.7511527777777778 0.7074583333333333 0.072625 0.10589583333333333
0 0.6759166666666667 0.7230833333333333 0.09866666666666668 0.09895833333333333
0 0.8061111111111111 0.7334999999999999 0.06454166666666666 0.1163125
0 0.8385138888888889 0.6519166666666667 0.076125 0.11285416666666667
0 0.8923333333333333 0.6171875 0.051833333333333335 0.08854166666666667
0 0.8130555555555555 0.530375 0.06969444444444445 0.09547916666666666
0 0.8593333333333334 0.44964583333333336 0.08125 0.06597916666666667
0 0.8639861111111112 0.37847916666666664 0.12473611111111112 0.13193749999999999
0 0.4896111111111111 0.7118125000000001 0.11030555555555556 0.1006875
0 0.5955 0.7665000000000001 0.07836111111111112 0.09895833333333333
0 0.4010833333333333 0.7066041666666667 0.07215277777777779 0.09375
0 0.3200694444444444 0.6961875000000001 0.10456944444444445 0.09722916666666667
0 0.23675000000000002 0.6623333333333333 0.10459722222222223 0.109375
0 0.1355 0.765625 0.10116666666666667 0.1180625
0 0.02047222222222222 0.48089583333333336 0.04093055555555555 0.08333333333333333
0 0.18179166666666666 0.26735416666666667 0.09420833333333332 0.09027083333333333
0 0.4132361111111111 0.23264583333333333 0.10338888888888889 0.09027083333333333
0 0.4971388888888889 0.24131249999999999 0.04897222222222222 0.07291666666666667
0 0.6903888888888888 0.828125 0.06511111111111112 0.07291666666666667
0 0.760986111111111 0.8628541666666667 0.06683333333333333 0.1180625
0 0.8119027777777779 0.8515625 0.052972222222222226 0.12327083333333334
0 0.8946388888888889 0.7743125000000001 0.05693055555555556 0.0694375
0 0.9484583333333333 0.8402708333333333 0.04838888888888889 0.09375
0 0.9328194444444444 0.7152708333333333 0.06155555555555556 0.08333333333333333
0 0.9678055555555556 0.6345416666666667 0.06438888888888888 0.0850625
0 0.5399444444444444 0.8081666666666667 0.07672222222222222 0.09895833333333333
0 0.631375 0.8654583333333333 0.08299999999999999 0.1024375
0 0.39644444444444443 0.78125 0.09297222222222222 0.0694375
0 0.47804166666666664 0.7977500000000001 0.05401388888888889 0.09202083333333334
0 0.3102361111111111 0.7881874999999999 0.08490277777777779 0.07639583333333334
0 0.4109305555555556 0.8645833333333334 0.11648611111111112 0.10764583333333334
0 0.5075555555555555 0.9001666666666667 0.07369444444444445 0.13714583333333333
0 0.5839305555555556 0.9131874999999999 0.07604166666666666 0.12152083333333333
0 0.6556805555555555 0.9470416666666667 0.0644861111111111 0.0711875
0 0.7193333333333333 0.9149375000000001 0.06913888888888889 0.09722916666666667
0 0.8587638888888888 0.8628541666666667 0.05413888888888888 0.07291666666666667
0 0.9085277777777777 0.8558958333333333 0.058791666666666666 0.09027083333333333
0 0.9038888888888889 0.53125 0.06156944444444444 0.06597916666666667
0 0.9629166666666666 0.49566666666666664 0.051861111111111115 0.06422916666666666
0 0.3264444444444444 0.8506874999999999 0.08952777777777778 0.0694375
0 0.2379166666666667 0.8454791666666667 0.06988888888888889 0.0868125
0 0.44275 0.9444374999999999 0.05052777777777778 0.07639583333333334
0 0.2257638888888889 0.7465208333333333 0.09419444444444444 0.08333333333333333
0 0.14127777777777778 0.6510416666666666 0.10116666666666667 0.09027083333333333
0 0.12161111111111111 0.4609375 0.04794444444444445 0.07464583333333333
0 0.17718055555555554 0.36891666666666667 0.08169444444444444 0.1163125
0 0.3252777777777778 0.23004166666666667 0.1057361111111111 0.07464583333333333
0 0.2385 0.23958333333333334 0.06873611111111111 0.11110416666666666
0 0.961763888888889 0.35243749999999996 0.05880555555555556 0.07291666666666667
0 0.9623472222222222 0.41233333333333333 0.06227777777777778 0.060770833333333336
0 0.7899027777777778 0.31337499999999996 0.053500000000000006 0.06770833333333333
0 0.7534583333333333 0.31858333333333333 0.03615277777777778 0.1024375
0 0.8344722222222223 0.2786458333333333 0.06802777777777777 0.0399375
0 0.7401527777777778 0.22829166666666667 0.034999999999999996 0.06422916666666666
0 0.7731388888888888 0.24391666666666667 0.04716666666666667 0.0538125
0 0.6869166666666666 0.20833333333333334 0.06973611111111111 0.07291666666666667