0 0.12233333333333334 0.520656779661017 0.07858333333333332 0.1451271186440678
0 0.2000972222222222 0.4888771186440678 0.08416666666666667 0.1620762711864407
0 0.26813888888888887 0.4899364406779661 0.056416666666666664 0.1472457627118644
0 0.13969444444444445 0.6583686440677966 0.07719444444444444 0.1281779661016949
0 0.21536111111111111 0.6371822033898306 0.05638888888888889 0.11546610169491525
0 0.15704166666666666 0.8098516949152542 0.07859722222222222 0.15572033898305085
0 0.248 0.791843220338983 0.08834722222222222 0.19597457627118645
0 0.32993055555555556 0.756885593220339 0.0772638888888889 0.1684322033898305
0 0.37506944444444446 0.6276483050847458 0.087 0.11758474576271187
0 0.2889583333333334 0.6445974576271186 0.07966666666666666 0.09851694915254237
0 0.46186111111111117 0.6488347457627118 0.07175 0.12182203389830508
0 0.41255555555555556 0.756885593220339 0.07590277777777778 0.13453389830508475
0 0.3368611111111111 0.8744703389830508 0.07548611111111111 0.07097457627118645
0 0.20077777777777778 0.9433262711864406 0.08386111111111111 0.09851694915254237
0 0.2813333333333333 0.933792372881356 0.06891666666666667 0.0858050847457627
0 0.11606944444444443 0.3840042372881356 0.07833333333333334 0.07733050847457627
0 0.18481944444444443 0.3871822033898305 0.07026388888888889 0.04766949152542373
0 0.27022222222222225 0.3659957627118644 0.07725 0.09004237288135593
0 0.30077777777777776 0.2854872881355932 0.09947222222222223 0.07309322033898305
0 0.3896388888888889 0.2791313559322034 0.07172222222222223 0.11122881355932203
0 0.3597916666666667 0.3893008474576271 0.0758888888888889 0.1027542372881356
0 0.4445 0.3935381355932203 0.07591666666666666 0.1281779661016949
0 0.4340833333333334 0.5005296610169492 0.07452777777777778 0.09639830508474577
0 0.5285138888888888 0.5100635593220338 0.09122222222222223 0.13665254237288135
0 0.5215555555555556 0.4115466101694915 0.06431944444444444 0.0858050847457627
0 0.60975 0.5121822033898306 0.07041666666666667 0.1281779661016949
0 0.5479583333333333 0.6350635593220338 0.08566666666666667 0.10699152542372882
0 0.6278055555555555 0.6647245762711864 0.08152777777777778 0.15360169491525424
0 0.7000138888888888 0.5895127118644068 0.09266666666666666 0.1684322033898305
0 0.7131805555555556 0.7515889830508474 0.07180555555555555 0.1408898305084746
0 0.6354305555555555 0.7801906779661016 0.06705555555555556 0.07309322033898305
0 0.7194583333333333 0.8564618644067796 0.0898888888888889 0.07097457627118645
0 0.8013750000000001 0.8617584745762712 0.06215277777777778 0.07733050847457627
0 0.795125 0.7452330508474576 0.08366666666666667 0.1260593220338983
0 0.8527638888888889 0.8511652542372882 0.0455 0.0858050847457627
0 0.788875 0.607521186440678 0.07394444444444445 0.13453389830508475
0 0.8680416666666667 0.7441737288135594 0.056611111111111105 0.15148305084745764
0 0.8833055555555556 0.6255296610169492 0.07113888888888889 0.0815677966101695
0 0.8770555555555556 0.534427966101695 0.10030555555555555 0.09427966101694915
0 0.7847083333333333 0.4729872881355932 0.08505555555555556 0.13665254237288135
0 0.6118333333333333 0.3988347457627119 0.06625 0.10911016949152542
0 0.5680833333333333 0.3490466101694915 0.05458333333333333 0.0836864406779661
0 0.6701527777777778 0.3617584745762712 0.06348611111111112 0.1239406779661017
0 0.6722361111111111 0.4284957627118644 0.03988888888888889 0.05826271186440678
0 0.6152916666666667 0.2664194915254237 0.07122222222222223 0.1048728813559322
0 0.6770972222222222 0.2579449152542373 0.06904166666666667 0.09004237288135593
0 0.7173611111111111 0.3236228813559322 0.05240277777777777 0.07733050847457627
0 0.7166666666666667 0.3871822033898305 0.03156944444444444 0.06885593220338983
0 0.8805416666666667 0.4104872881355932 0.07883333333333332 0.13241525423728814
0 0.8131666666666667 0.3723516949152542 0.05866666666666667 0.07944915254237288
0 0.8708194444444445 0.3003177966101695 0.05938888888888889 0.09004237288135593
0 0.1202361111111111 0.3077330508474576 0.06444444444444444 0.0646186440677966
0 0.12440277777777776 0.2367584745762712 0.050555555555555555 0.07097457627118645
0 0.330625 0.07891949152542373 0.06198611111111112 0.06673728813559322
0 0.4049166666666667 0.06197033898305085 0.060625 0.09216101694915255
0 0.46323611111111107 0.059322033898305086 0.057861111111111106 0.11864406779661017
0 0.5250416666666666 0.05826271186440678 0.07872222222222222 0.11652542372881355
0 0.6014166666666666 0.059322033898305086 0.059291666666666666 0.11016949152542373
0 0.6583472222222222 0.06408898305084745 0.05376388888888889 0.10911016949152542
0 0.5250416666666666 0.1721398305084746 0.06205555555555556 0.12182203389830508
0 0.35005555555555556 0.1541313559322034 0.05465277777777778 0.07097457627118645
0 0.41602777777777783 0.14141949152542374 0.04673611111111111 0.0646186440677966
0 0.47504166666666664 0.16366525423728814 0.042597222222222224 0.08792372881355932
0 0.5271111111111111 0.2833686440677966 0.057875 0.09004237288135593
0 0.46601388888888884 0.2611228813559322 0.05322222222222222 0.11122881355932203