0 0.06525 0.27623611111111107 0.13047916666666667 0.10802777777777778
0 0.27095833333333336 0.5817916666666666 0.12645833333333334 0.10802777777777778
0 0.30681250000000004 0.5 0.15820833333333334 0.09259722222222222
0 0.3160625 0.3981527777777778 0.16283333333333333 0.12345833333333334
0 0.3611875 0.2986111111111111 0.142 0.13116666666666665
0 0.5405833333333334 0.6280833333333333 0.11033333333333334 0.07716666666666668
0 0.5984583333333333 0.5617222222222222 0.1335 0.120375
0 0.5695 0.4907361111111111 0.15581250000000002 0.10802777777777778
0 0.6447291666666667 0.44366666666666665 0.16591666666666666 0.1342638888888889
0 0.6342916666666666 0.3626527777777778 0.12802083333333333 0.11419444444444445
0 0.689875 0.26929166666666665 0.15899999999999997 0.11883333333333333
0 0.38087499999999996 0.19830555555555557 0.13041666666666668 0.09105555555555556