0 0.22954166666666667 0.2913135593220339 0.11352777777777777 0.14125000000000001
0 0.32384722222222223 0.22421610169491524 0.09388888888888888 0.15536016949152542
0 0.3643472222222222 0.12887711864406778 0.08233333333333334 0.0988771186440678
0 0.47313888888888894 0.18627118644067797 0.09856944444444445 0.14654661016949153
0 0.5859583333333334 0.23040254237288135 0.09744444444444444 0.15006355932203388
0 0.6796944444444445 0.2895550847457627 0.08590277777777779 0.16243644067796612
0 0.7809583333333333 0.357521186440678 0.10793055555555554 0.15360169491525424
0 0.866 0.4201906779661017 0.055874999999999994 0.1271186440677966
0 0.7994444444444445 0.5208262711864408 0.1235138888888889 0.1059322033898305
0 0.6686805555555555 0.4705084745762712 0.1119861111111111 0.14654661016949153
0 0.5616388888888889 0.4201906779661017 0.10854166666666668 0.17302966101694917
0 0.45749999999999996 0.3734110169491525 0.1016388888888889 0.16773305084745763
0 0.35565277777777776 0.383114406779661 0.11555555555555556 0.1271186440677966
0 0.24283333333333335 0.4069491525423729 0.121375 0.09004237288135593
0 0.12769444444444444 0.3486864406779661 0.07859722222222222 0.11122881355932203
0 0.11206944444444444 0.24540254237288137 0.10522222222222223 0.08828389830508475
0 0.06868055555555556 0.3213347457627118 0.034652777777777775 0.04942796610169491
0 0.2127638888888889 0.18627118644067797 0.08690277777777777 0.04061440677966102
0 0.3024444444444444 0.11476694915254237 0.02791666666666667 0.03177966101694915
0 0.25672222222222224 0.08385593220338983 0.05426388888888889 0.05472457627118644
0 0.17919444444444446 0.10947033898305085 0.033666666666666664 0.07061440677966101
0 0.13116666666666665 0.12358050847457627 0.046375 0.07061440677966101
0 0.08256944444444445 0.15271186440677967 0.037097222222222226 0.05472457627118644
0 0.39501388888888894 0.24540254237288137 0.03916666666666667 0.09533898305084745
0 0.5709027777777778 0.3213347457627118 0.1108611111111111 0.028241525423728812
0 0.4771666666666667 0.2780720338983051 0.097 0.022944915254237287
0 0.2920138888888889 0.5411440677966102 0.09706944444444444 0.11828389830508475
0 0.403125 0.5746822033898306 0.10895833333333334 0.12182203389830508
0 0.5020555555555556 0.5967584745762712 0.07775 0.14125000000000001
0 0.5784305555555556 0.5852754237288136 0.07777777777777778 0.11828389830508475
0 0.6808472222222222 0.625 0.09516666666666666 0.13771186440677965
0 0.7722638888888889 0.6497245762711865 0.06741666666666667 0.13771186440677965
0 0.8399722222222222 0.6673728813559322 0.06859722222222223 0.15184322033898306
0 0.21622222222222223 0.5640889830508474 0.042694444444444445 0.10063559322033898
0 0.24805555555555556 0.6841525423728814 0.12279166666666666 0.13241525423728814
0 0.34641666666666665 0.6903177966101695 0.07654166666666666 0.13417372881355932
0 0.4227916666666667 0.6947457627118644 0.07656944444444445 0.12536016949152542
0 0.5055277777777778 0.7212288135593221 0.087 0.10417372881355932
0 0.598111111111111 0.7203389830508474 0.09398611111111112 0.13771186440677965
0 0.6947361111111111 0.7432838983050847 0.1067361111111111 0.0988771186440678
0 0.7873194444444445 0.7733050847457628 0.06048611111111111 0.10947033898305085
0 0.8347638888888889 0.770656779661017 0.051236111111111114 0.07591101694915253
0 0.24688888888888888 0.7980296610169492 0.07856944444444444 0.0847457627118644
0 0.33484722222222224 0.8209745762711864 0.10198611111111112 0.11298728813559322
0 0.43668055555555557 0.8342161016949152 0.08119444444444444 0.13595338983050848
0 0.5113194444444444 0.8430508474576272 0.06154166666666667 0.13947033898305083
0 0.582486111111111 0.8439194915254237 0.07893055555555556 0.1059322033898305
0 0.6594444444444445 0.8501059322033898 0.05697222222222223 0.11122881355932203
0 0.7207777777777779 0.8465677966101695 0.06855555555555555 0.09004237288135593
0 0.7757361111111111 0.836864406779661 0.02113888888888889 0.0423728813559322
0 0.15604166666666666 0.5985169491525424 0.042722222222222224 0.07061440677966101
0 0.11033333333333332 0.6664830508474576 0.09480555555555556 0.07944915254237288
0 0.04495833333333333 0.700042372881356 0.017291666666666667 0.030021186440677965
0 0.08604166666666667 0.7229872881355932 0.06719444444444445 0.03353813559322034
0 0.10802777777777778 0.770656779661017 0.055624999999999994 0.04413135593220339
0 0.127125 0.8527542372881356 0.045222222222222226 0.0565042372881356
0 0.17398611111111112 0.866885593220339 0.0325 0.08120762711864406
0 0.24284722222222221 0.9145550847457627 0.05451388888888889 0.060021186440677964
0 0.33773611111111107 0.9225 0.09158333333333334 0.05120762711864407
0 0.41930555555555554 0.926906779661017 0.04147222222222222 0.028241525423728812
0 0.7693611111111112 0.2542372881355932 0.05408333333333333 0.0423728813559322