0 0.3322222222222222 0.7439305555555555 0.2589727463312369 0.1267361111111111
0 0.6649895178197065 0.9123333333333333 0.21169811320754717 0.10590277777777778
0 0.8615303983228512 0.8836805555555556 0.14471698113207548 0.14583333333333334
0 0.7003563941299791 0.8255277777777777 0.1409433962264151 0.07465277777777778
0 0.5418448637316562 0.7421944444444445 0.10693920335429768 0.09895833333333333
0 0.3741509433962264 0.6666666666666666 0.14366876310272536 0.04513888888888889
0 0.1291823899371069 0.7552083333333334 0.1358909853249476 0.12152777777777778
0 0.21563941299790357 0.5572916666666666 0.18825995807127882 0.11458333333333333
0 0.389895178197065 0.4982638888888889 0.16027253668763103 0.11458333333333333
0 0.5628092243186582 0.45052777777777775 0.20647798742138362 0.1267361111111111
0 0.7475471698113207 0.39670833333333333 0.11584905660377358 0.109375
0 0.31914046121593287 0.43316666666666664 0.09651991614255764 0.03298611111111111
0 0.26935010482180294 0.3246527777777778 0.169895178197065 0.10069444444444445
0 0.589035639412998 0.2369861111111111 0.15509433962264152 0.11284722222222222
0 0.7370649895178196 0.2048611111111111 0.12633123689727463 0.08333333333333333
0 0.6518867924528302 0.13194444444444445 0.11213836477987421 0.04861111111111111
0 0.8680712788259958 0.1371527777777778 0.1630607966457023 0.11805555555555555
0 0.7213207547169811 0.08854166666666667 0.09901467505241089 0.06597222222222222
0 0.9217610062893082 0.7881944444444444 0.13299790356394128 0.06944444444444445