0 0.09036111111111111 0.44675 0.10434722222222222 0.14814583333333334
0 0.27629166666666666 0.3900416666666667 0.09361111111111112 0.08102083333333333
0 0.37426388888888895 0.3935208333333333 0.10752777777777778 0.10647916666666667
0 0.4830416666666667 0.3900416666666667 0.09676388888888889 0.10879166666666666
0 0.5617361111111111 0.35533333333333333 0.0813611111111111 0.13658333333333333
0 0.6442777777777777 0.30325 0.08293055555555556 0.10647916666666667
0 0.7414861111111111 0.26389583333333333 0.09222222222222223 0.10647916666666667
0 0.26856944444444447 0.48610416666666667 0.08434722222222221 0.15741666666666668
0 0.37272222222222223 0.48841666666666667 0.09519444444444446 0.09258333333333332
0 0.4714722222222222 0.5138958333333333 0.0921388888888889 0.125
0 0.5655972222222222 0.5011666666666666 0.08908333333333333 0.13658333333333333
0 0.6735972222222222 0.45485416666666667 0.1076388888888889 0.17360416666666667
0 0.7762083333333334 0.40277083333333336 0.08143055555555556 0.15741666666666668
0 0.8572083333333335 0.353 0.08299999999999999 0.13193749999999999
0 0.8456250000000001 0.24652083333333333 0.11295833333333333 0.1180625
0 0.9397638888888888 0.20602083333333335 0.1 0.16666666666666666
0 0.9587638888888889 0.36110416666666667 0.08247222222222222 0.14352083333333335
0 0.9657083333333333 0.4872708333333333 0.06858333333333334 0.11341666666666667
0 0.8811111111111111 0.48841666666666667 0.09443055555555555 0.13889583333333333
0 0.9636805555555555 0.6087916666666667 0.07069444444444445 0.120375
0 0.7900833333333334 0.5543958333333333 0.08211111111111111 0.1226875
0 0.8888472222222222 0.6388958333333333 0.07222222222222222 0.16666666666666666
0 0.37270833333333336 0.5810208333333333 0.10230555555555555 0.10647916666666667
0 0.4799583333333333 0.6388958333333333 0.09676388888888889 0.11575
0 0.5694583333333333 0.6319374999999999 0.10605555555555556 0.129625
0 0.6681944444444444 0.6331041666666667 0.09683333333333333 0.16435416666666666
0 0.7630972222222222 0.6736041666666667 0.11383333333333333 0.13889583333333333
0 0.27781944444444445 0.6267291666666667 0.10080555555555555 0.13310416666666666
0 0.3866111111111111 0.6915416666666666 0.10444444444444445 0.13079166666666667
0 0.2731944444444444 0.7471041666666667 0.11623611111111111 0.0960625
0 0.5031111111111112 0.7644583333333334 0.10912499999999999 0.10533333333333333
0 0.6003055555555556 0.7760416666666666 0.0906388888888889 0.15625
0 0.678236111111111 0.7864583333333334 0.089125 0.1585625
0 0.39045833333333335 0.806125 0.10384722222222222 0.103
0 0.49924999999999997 0.850125 0.1322638888888889 0.0914375