0 0.48920833333333336 0.6143815513626835 0.05752777777777778 0.08735849056603774
0 0.45990277777777777 0.7028930817610062 0.06590277777777778 0.09433962264150944
0 0.3927638888888889 0.7844234800838574 0.06836111111111111 0.07337526205450734
0 0.5270138888888889 0.6830817610062893 0.064375 0.1479245283018868
0 0.7268333333333334 0.8111949685534591 0.09684722222222222 0.10132075471698113
0 0.7345416666666666 0.8974004192872117 0.05673611111111111 0.0920125786163522
0 0.3241111111111111 0.14268343815513626 0.051402777777777776 0.05241090146750524
0 0.378125 0.18461215932914046 0.07822222222222222 0.10132075471698113
0 0.6327083333333333 0.11238993710691823 0.062875 0.10132075471698113
0 0.6774583333333333 0.07278825995807128 0.08140277777777778 0.11064989517819707
0 0.7306944444444444 0.05532494758909853 0.07679166666666666 0.10832285115303984
0 0.47762499999999997 0.15081761006289307 0.10227777777777777 0.11530398322851153
0 0.24156944444444445 0.03842767295597484 0.076625 0.07687631027253669
0 0.1767638888888889 0.1589727463312369 0.04375 0.05241090146750524
0 0.7700416666666666 0.5747798742138365 0.09994444444444443 0.07570230607966456
0 0.207625 0.5386582809224318 0.05501388888888889 0.07337526205450734
0 0.252375 0.5561425576519916 0.051944444444444446 0.0710482180293501
0 0.2971111111111111 0.5386582809224318 0.03344444444444444 0.08268343815513626
0 0.32566666666666666 0.5328511530398322 0.05351388888888889 0.05706498951781971
0 0.6820694444444444 0.5654507337526206 0.060541666666666674 0.06872117400419288
0 0.7353194444444444 0.6085534591194968 0.06444444444444444 0.06872117400419288
0 0.7916388888888889 0.610880503144654 0.04441666666666667 0.05008385744234801