0 0.13377358490566038 0.03125 0.1240880503144654 0.04861111111111111
0 0.24907756813417192 0.07379166666666667 0.1431865828092243 0.10590277777777778
0 0.32111111111111107 0.08247222222222222 0.056750524109014676 0.06076388888888889
0 0.15079664570230608 0.08941666666666666 0.090020964360587 0.05381944444444445
0 0.15737945492662472 0.1579861111111111 0.14840670859538785 0.09722222222222222
0 0.1010062893081761 0.0954861111111111 0.1110062893081761 0.06597222222222222
0 0.2857442348008386 0.1736111111111111 0.10651991614255765 0.10069444444444445
0 0.12851153039832283 0.24479166666666666 0.1712578616352201 0.09722222222222222
0 0.23465408805031449 0.24479166666666666 0.130083857442348 0.1076388888888889
0 0.3250524109014675 0.27865277777777775 0.10129979035639414 0.11631944444444445
0 0.21763102725366876 0.3402777777777778 0.13270440251572327 0.09375
0 0.09446540880503144 0.3298611111111111 0.12410901467505242 0.0763888888888889
0 0.15473794549266248 0.4262222222222222 0.1379245283018868 0.11979166666666667
0 0.2805031446540881 0.44358333333333333 0.1379664570230608 0.0954861111111111
0 0.3368553459119497 0.3680555555555556 0.13536687631027253 0.0763888888888889
0 0.2909643605870021 0.5338611111111111 0.13452830188679246 0.08159722222222222
0 0.1730817610062893 0.54775 0.10647798742138365 0.10243055555555555
0 0.2608595387840671 0.6137222222222222 0.11962264150943397 0.0920138888888889
0 0.35909853249475887 0.6649305555555556 0.03842767295597484 0.08333333333333333
0 0.1940461215932914 0.719625 0.13268343815513628 0.10590277777777778
0 0.18880503144654087 0.7908055555555555 0.12220125786163522 0.08159722222222222
0 0.1809433962264151 0.8559027777777778 0.11171907756813416 0.0625
0 0.31587002096436056 0.7690972222222222 0.07425576519916142 0.09375
0 0.3132494758909853 0.8611111111111112 0.09522012578616353 0.0763888888888889
0 0.7023270440251572 0.03386111111111111 0.16582809224318656 0.06770833333333333
0 0.7888050314465409 0.1076388888888889 0.08048218029350104 0.09722222222222222
0 0.6866037735849057 0.10851388888888888 0.10819706498951782 0.078125
0 0.6197903563941299 0.1076388888888889 0.05842767295597485 0.0798611111111111
0 0.630293501048218 0.18490277777777778 0.16165618448637317 0.08159722222222222
0 0.6486373165618449 0.24566666666666667 0.18262054507337527 0.05381944444444445
0 0.7835429769392034 0.17708333333333334 0.1238784067085954 0.0625
0 0.76 0.23177777777777778 0.10144654088050314 0.08506944444444445
0 0.5438155136268343 0.2604166666666667 0.1108595387840671 0.05555555555555555
0 0.44555555555555554 0.3107638888888889 0.07159329140461215 0.0763888888888889
0 0.549077568134172 0.3159722222222222 0.11970649895178197 0.04861111111111111
0 0.6827044025157232 0.32552777777777775 0.13547169811320756 0.0920138888888889
0 0.6774423480083858 0.4045138888888889 0.14750524109014676 0.08680555555555555
0 0.500587002096436 0.44879166666666664 0.13444444444444442 0.08159722222222222
0 0.6538784067085953 0.4791666666666667 0.13023060796645702 0.08333333333333333
0 0.5372536687631027 0.5434027777777778 0.12920335429769392 0.0798611111111111
0 0.6499371069182389 0.5590277777777778 0.07519916142557652 0.08333333333333333
0 0.44425576519916143 0.6658055555555555 0.05155136268343816 0.05381944444444445
0 0.5136897274633123 0.6510416666666666 0.10136268343815515 0.0763888888888889
0 0.5267714884696016 0.5972222222222222 0.18161425576519916 0.05555555555555555
0 0.621132075471698 0.6458333333333334 0.10664570230607966 0.0798611111111111
0 0.6132704402515723 0.704 0.10138364779874214 0.05381944444444445
0 0.49666666666666665 0.7230972222222222 0.09874213836477988 0.08854166666666667
0 0.5123689727463312 0.7994861111111111 0.1842348008385744 0.05381944444444445
0 0.5621802935010483 0.8506944444444444 0.14067085953878405 0.0763888888888889
0 0.5988469601677149 0.7690972222222222 0.08463312368972746 0.0625
0 0.5542976939203353 0.375 0.12658280922431867 0.06944444444444445
0 0.490104821802935 0.16319444444444445 0.07681341719077568 0.06597222222222222
0 0.580503144654088 0.10590277777777778 0.0689308176100629 0.0763888888888889
0 0.4625995807127882 0.8854166666666666 0.089916142557652 0.0763888888888889
0 0.6263522012578616 0.9305555555555556 0.0820125786163522 0.05555555555555555
0 0.16651991614255768 0.6354166666666666 0.10050314465408805 0.07291666666666667
0 0.3027672955974843 0.6909722222222222 0.09522012578616353 0.0625