0 0.26119444444444445 0.6546610169491526 0.10640277777777778 0.1864406779661017
0 0.35909722222222223 0.663135593220339 0.11338888888888889 0.2245762711864407
0 0.45422222222222225 0.6885593220338984 0.07591666666666666 0.2033898305084746
0 0.5437916666666667 0.7192796610169492 0.11900000000000001 0.23516949152542374
0 0.6340555555555555 0.7161016949152542 0.11069444444444444 0.24152542372881355
0 0.7291666666666666 0.7161016949152542 0.11490277777777778 0.2542372881355932
0 0.8222083333333333 0.715042372881356 0.07326388888888889 0.2690677966101695
0 0.5777916666666667 0.5497881355932204 0.1378888888888889 0.15466101694915255
0 0.6902916666666666 0.5307203389830508 0.1121111111111111 0.1461864406779661
0 0.7930555555555555 0.538135593220339 0.10658333333333332 0.16101694915254236
0 0.9622083333333333 0.6938559322033898 0.07558333333333334 0.15466101694915255
0 0.941625 0.5858050847457628 0.10722222222222223 0.13347457627118645
0 0.9582777777777778 0.5222457627118644 0.08222222222222222 0.1038135593220339
0 0.2632638888888889 0.5158898305084746 0.09494444444444444 0.11652542372881355
0 0.3604861111111111 0.5201271186440678 0.11338888888888889 0.125
0 0.4500555555555556 0.5116525423728814 0.10369444444444444 0.15466101694915255
0 0.48893055555555553 0.3029661016949153 0.07037500000000001 0.1440677966101695
0 0.5687777777777777 0.3167372881355932 0.0912361111111111 0.15466101694915255
0 0.5430694444444444 0.1875 0.08791666666666666 0.06991525423728813
0 0.42504166666666665 0.2595338983050847 0.057402777777777775 0.1419491525423729
0 0.47156944444444443 0.1885593220338983 0.058777777777777776 0.1059322033898305
0 0.6437638888888889 0.298728813559322 0.060708333333333336 0.1016949152542373
0 0.6180694444444444 0.20233050847457626 0.08511111111111111 0.11652542372881355
0 0.7007083333333333 0.3135593220338983 0.09683333333333333 0.1864406779661017
0 0.6347361111111111 0.3728813559322034 0.03233333333333333 0.059322033898305086
0 0.7076527777777778 0.1853813559322034 0.09683333333333333 0.125
0 0.7756944444444445 0.3379237288135593 0.07186111111111111 0.13347457627118645
0 0.9673194444444445 0.2775423728813559 0.06359722222222222 0.1652542372881356
0 0.9537222222222221 0.1440677966101695 0.09254166666666666 0.11016949152542373
0 0.9844305555555555 0.3940677966101695 0.031152777777777776 0.09745762711864407
0 0.3118888888888889 0.4480932203389831 0.16336111111111112 0.057203389830508475