0 0.1849056603773585 0.5151944444444444 0.2506079664570231 0.19184722222222222
0 0.37222222222222223 0.6870694444444444 0.25851153039832286 0.16406944444444443
0 0.6368553459119496 0.6827222222222222 0.2690775681341719 0.18663888888888888
0 0.47048218029350103 0.5013055555555556 0.2768972746331237 0.20226388888888888
0 0.7482180293501047 0.49956944444444445 0.24031446540880502 0.16059722222222222
0 0.37092243186582813 0.3650138888888889 0.20352201257861635 0.09983333333333333
0 0.5510691823899372 0.3428888888888889 0.13417190775681342 0.0920138888888889
0 0.6466666666666666 0.22829166666666667 0.13939203354297694 0.10243055555555555
0 0.6270230607966456 0.07118055555555555 0.1420125786163522 0.10069444444444445
0 0.4868553459119497 0.204 0.11314465408805031 0.0920138888888889
0 0.5012578616352201 0.07379166666666667 0.14194968553459117 0.08506944444444445
0 0.3414255765199162 0.2326388888888889 0.11048218029350106 0.0798611111111111
0 0.3257023060796646 0.0920138888888889 0.08951781970649896 0.09027777777777778
0 0.8091194968553459 0.3550277777777778 0.11324947589098533 0.08854166666666667
0 0.8772327044025158 0.22134722222222222 0.09230607966457023 0.10590277777777778