0 0.23270833333333335 0.2895550847457627 0.03169444444444444 0.06709745762711865
0 0.28305555555555556 0.3177966101694915 0.04122222222222222 0.04942796610169491
0 0.30793055555555554 0.23834745762711865 0.07795833333333334 0.08828389830508475
0 0.3733194444444445 0.23129237288135593 0.05281944444444445 0.10239406779661017
0 0.43869444444444444 0.13152542372881357 0.06634722222222222 0.06180084745762712
0 0.44044444444444447 0.25247881355932206 0.07136111111111111 0.10239406779661017
0 0.37677777777777777 0.3893008474576271 0.05363888888888889 0.07239406779661017
0 0.39473611111111107 0.4705084745762712 0.08870833333333333 0.11476694915254237
0 0.4224861111111111 0.6029237288135593 0.06172222222222222 0.07944915254237288
0 0.447375 0.3654661016949153 0.0767638888888889 0.0847457627118644
0 0.5017777777777778 0.3469279661016949 0.08758333333333333 0.0865042372881356
0 0.5277916666666667 0.2780720338983051 0.06631944444444444 0.10417372881355932
0 0.5827777777777778 0.3884110169491526 0.08529166666666667 0.14476694915254237
0 0.5931805555555555 0.3019067796610169 0.08133333333333334 0.13065677966101696
0 0.6140138888888889 0.530550847457627 0.04595833333333334 0.13595338983050848
0 0.5035 0.6408898305084746 0.06631944444444444 0.07415254237288135
0 0.58625 0.6479449152542373 0.096875 0.11298728813559322
0 0.4149722222222222 0.5579025423728813 0.08140277777777778 0.08120762711864406
0 0.46416666666666667 0.6223516949152542 0.08409722222222221 0.08298728813559322
0 0.3501666666666667 0.6232415254237288 0.09299999999999999 0.11298728813559322
0 0.4282916666666667 0.6965042372881356 0.07251388888888889 0.10063559322033898
0 0.3131388888888889 0.473156779661017 0.08143055555555556 0.17654661016949152
0 0.3247083333333333 0.3610593220338983 0.055972222222222215 0.0865042372881356
0 0.37216666666666665 0.3054449152542373 0.05976388888888889 0.08120762711864406
0 0.5035138888888888 0.7318220338983051 0.093375 0.07944915254237288
0 0.3785277777777778 0.7450635593220339 0.07944444444444444 0.10947033898305085
0 0.5740972222222223 0.7238771186440678 0.11190277777777777 0.07415254237288135
0 0.6707083333333334 0.7309322033898306 0.04659722222222222 0.07415254237288135
0 0.7378472222222222 0.655021186440678 0.04831944444444444 0.0847457627118644
0 0.6689722222222223 0.6276483050847458 0.059333333333333335 0.1076906779661017
0 0.6880833333333334 0.5314194915254238 0.08763888888888889 0.10239406779661017
0 0.6568333333333334 0.4263771186440678 0.06048611111111111 0.10417372881355932
0 0.6886666666666666 0.3151483050847458 0.07954166666666668 0.08298728813559322
0 0.6284722222222222 0.1986228813559322 0.07091666666666667 0.07944915254237288
0 0.5428333333333333 0.20127118644067796 0.10102777777777777 0.0847457627118644
0 0.5388055555555555 0.10328389830508475 0.09454166666666666 0.07239406779661017
0 0.6765138888888889 0.13947033898305083 0.03904166666666667 0.07415254237288135
0 0.6394722222222222 0.09622881355932204 0.04429166666666667 0.07944915254237288
0 0.5266527777777777 0.022076271186440677 0.04940277777777778 0.04413135593220339
0 0.4462083333333333 0.06885593220338983 0.04898611111111111 0.06709745762711865
0 0.3432222222222222 0.07504237288135594 0.03976388888888889 0.04766949152542373
0 0.36869444444444444 0.07504237288135594 0.04819444444444445 0.09709745762711865
0 0.18468055555555554 0.15095338983050846 0.06990277777777777 0.06885593220338983
0 0.29115277777777776 0.1403601694915254 0.050486111111111114 0.07591101694915253
0 0.2043472222222222 0.363707627118644 0.10693055555555554 0.1200635593220339
0 0.22056944444444446 0.4978813559322034 0.08748611111111111 0.16243644067796612
0 0.14418055555555556 0.4890466101694915 0.05372222222222222 0.0988771186440678
0 0.2124722222222222 0.6523728813559322 0.059708333333333335 0.10063559322033898
0 0.17252777777777778 0.7168008474576271 0.06180555555555556 0.1059322033898305
0 0.28420833333333334 0.7371186440677966 0.050472222222222224 0.21010593220338983
0 0.23733333333333334 0.7724152542372881 0.05252777777777778 0.07239406779661017
0 0.3542222222222222 0.8739406779661016 0.06554166666666666 0.08120762711864406
0 0.4242361111111111 0.8783474576271186 0.05747222222222222 0.09709745762711865
0 0.5029305555555555 0.8351059322033899 0.0806388888888889 0.11652542372881355
0 0.6475833333333333 0.9004237288135594 0.07143055555555555 0.0847457627118644
0 0.7725555555555556 0.5049364406779662 0.05527777777777777 0.09180084745762712
0 0.8240555555555557 0.4555084745762712 0.03793055555555555 0.05296610169491525
0 0.74825 0.3486864406779661 0.043694444444444445 0.08298728813559322
0 0.8148055555555556 0.3107415254237288 0.08652777777777777 0.14125000000000001
0 0.7858611111111112 0.14654661016949153 0.05697222222222223 0.0635593220338983
0 0.9108472222222221 0.15536016949152542 0.07268055555555555 0.07415254237288135
0 0.08805555555555555 0.3107415254237288 0.07109722222222221 0.09180084745762712
0 0.08343055555555555 0.18184322033898304 0.06415277777777778 0.07061440677966101
0 0.10252777777777777 0.594978813559322 0.044472222222222225 0.0635593220338983
0 0.09731944444444443 0.7176906779661016 0.05488888888888889 0.09004237288135593
0 0.8529861111111111 0.03883474576271186 0.07034722222222221 0.0776906779661017