0 0.3414046121593291 0.18793055555555555 0.08865828092243186 0.059902777777777784
0 0.489433962264151 0.180125 0.14362683438155138 0.0963611111111111
0 0.650607966457023 0.20181944444444444 0.11056603773584905 0.09288888888888888
0 0.29949685534591197 0.2756111111111111 0.13058700209643606 0.07552777777777778
0 0.44754716981132076 0.28255555555555556 0.1340880503144654 0.09115277777777778
0 0.6217819706498952 0.28341666666666665 0.1682180293501048 0.06858333333333334
0 0.7776729559748428 0.35894444444444445 0.11846960167714884 0.10156944444444443
0 0.7488469601677149 0.25477777777777777 0.08064989517819707 0.06511111111111112
0 0.2588679245283019 0.40147222222222223 0.1541928721174004 0.09115277777777778
0 0.469832285115304 0.398875 0.22056603773584904 0.08420833333333334
0 0.6728721174004192 0.43359722222222224 0.14465408805031446 0.11893055555555555
0 0.8143605870020965 0.507375 0.11324947589098533 0.12413888888888888
0 0.26935010482180294 0.5195277777777778 0.18037735849056605 0.11545833333333333
0 0.46457023060796643 0.5577222222222222 0.17339622641509433 0.12066666666666666
0 0.6558490566037736 0.5768194444444444 0.17345911949685533 0.13108333333333333
0 0.8379454926624738 0.6462638888888889 0.12373165618448638 0.13802777777777778
0 0.36109014675052414 0.7408888888888889 0.17073375262054508 0.16406944444444443
0 0.27459119496855344 0.6158888888888889 0.16465408805031448 0.06858333333333334
0 0.5523480083857443 0.7061666666666666 0.12364779874213835 0.12934722222222222
0 0.7056184486373165 0.7330694444444443 0.13155136268343814 0.14497222222222222
0 0.8497274633123689 0.7964444444444445 0.15255765199161425 0.13629166666666667
0 0.31914046121593287 0.8867222222222223 0.1908385744234801 0.12066666666666666
0 0.5182809224318659 0.8936666666666667 0.14983228511530397 0.157125
0 0.6768134171907756 0.8823749999999999 0.17870020964360586 0.14844444444444443
0 0.8693920335429769 0.9283888888888889 0.17090146750524107 0.1119861111111111