0 0.24547916666666666 0.027000000000000003 0.12647916666666667 0.05401388888888889
0 0.426 0.024694444444444446 0.09877083333333332 0.04938888888888889
0 0.29177083333333337 0.10918055555555556 0.11722916666666668 0.102625
0 0.4294791666666667 0.11072222222222222 0.16587500000000002 0.11805555555555555
0 0.5625625 0.098375 0.16360416666666666 0.1334861111111111
0 0.8021041666666666 0.07677777777777778 0.10120833333333333 0.10570833333333333
0 0.8148333333333333 0.16011111111111112 0.07575 0.07176388888888889
0 0.6586041666666667 0.19019444444444444 0.11966666666666666 0.09490277777777778
0 0.6875208333333334 0.10223611111111111 0.09093749999999999 0.07176388888888889
0 0.2975625 0.21026388888888886 0.1334375 0.067125
0 0.20495833333333333 0.16011111111111112 0.09341666666666668 0.0763888888888889
0 0.22464583333333332 0.25887499999999997 0.11258333333333333 0.0933611111111111
0 0.40518750000000003 0.25887499999999997 0.14504166666666668 0.102625
0 0.5417291666666666 0.26581944444444444 0.16360416666666666 0.11959722222222222
0 0.6944791666666668 0.2851111111111111 0.13125 0.10879166666666666
0 0.7974791666666667 0.29281944444444447 0.1475 0.11805555555555555
0 0.8703749999999999 0.23495833333333332 0.11279166666666667 0.08873611111111111
0 0.5868541666666667 0.3784722222222222 0.1705625 0.11033333333333332
0 0.4051458333333333 0.37925 0.18822916666666664 0.12268055555555556
0 0.25125 0.38463888888888886 0.1350625 0.1334861111111111
0 0.7465625 0.4232222222222223 0.16597916666666668 0.14429166666666668
0 0.7581249999999999 0.5451388888888888 0.16135416666666666 0.10416666666666667
0 0.5822083333333333 0.4756944444444444 0.15345833333333334 0.09027777777777778
0 0.5996041666666667 0.5729166666666666 0.18677083333333336 0.09181944444444444
0 0.4155625 0.4965277777777778 0.15814583333333332 0.10725
0 0.40170833333333333 0.603013888888889 0.20289583333333333 0.102625
0 0.25935416666666666 0.5026944444444444 0.14662499999999998 0.08873611111111111
0 0.35079166666666667 0.7148888888888889 0.14733333333333334 0.08873611111111111
0 0.24777083333333336 0.6006944444444444 0.10960416666666667 0.11497222222222223
0 0.48502083333333335 0.7102638888888889 0.14739583333333334 0.10725
0 0.6134791666666667 0.6878888888888889 0.13122916666666667 0.11497222222222223
0 0.76275 0.6794027777777778 0.13358333333333333 0.15355555555555556
0 0.3334375 0.8005416666666666 0.10335416666666666 0.08101388888888889
0 0.45725 0.8013055555555556 0.14275 0.08565277777777779
0 0.60075 0.8044027777777777 0.13354166666666664 0.10108333333333333
0 0.74425 0.8190555555555556 0.16135416666666666 0.11805555555555555
0 0.30681250000000004 0.8861944444444444 0.11491666666666665 0.10108333333333333
0 0.4283125 0.8823333333333333 0.13579166666666667 0.09027777777777778
0 0.564875 0.9023888888888889 0.14047916666666668 0.1118888888888889
0 0.7048958333333334 0.9131944444444444 0.16597916666666668 0.09644444444444444
0 0.3079791666666667 0.9695277777777777 0.121875 0.06095833333333334
0 0.43527083333333333 0.9571805555555555 0.12191666666666667 0.07330555555555555
0 0.5532916666666666 0.9602638888888889 0.12658333333333333 0.05477777777777777
0 0.7014166666666667 0.9718333333333333 0.15439583333333334 0.05633333333333334