0 0.6464360587002097 0.5563333333333333 0.10178197064989518 0.0941388888888889
0 0.5579454926624737 0.6512361111111111 0.1529979035639413 0.0895
0 0.43335429769392037 0.7168194444444445 0.14132075471698113 0.09722222222222222
0 0.3762683438155136 0.6064861111111112 0.12188679245283018 0.10494444444444445
0 0.48459119496855346 0.567125 0.10872117400419287 0.08795833333333333
0 0.38442348008385746 0.42438888888888887 0.13352201257861634 0.07406944444444444
0 0.6545911949685534 0.36651388888888886 0.10878406708595388 0.0941388888888889
0 0.5229769392033543 0.37422222222222223 0.16840670859538784 0.13116666666666665
0 0.399538784067086 0.21141666666666667 0.4013626834381551 0.2314861111111111
0 0.6930188679245283 0.17669444444444443 0.08781970649895178 0.10648611111111111
0 0.6452620545073375 0.051694444444444446 0.11014675052410901 0.0663611111111111
0 0.7209643605870021 0.08565277777777779 0.05989517819706499 0.05401388888888889
0 0.5043605870020965 0.043986111111111115 0.11719077568134172 0.05401388888888889
0 0.4228511530398323 0.06404166666666666 0.09857442348008387 0.06327777777777778
0 0.5684067085953878 0.48070833333333335 0.17073375262054508 0.08179166666666667
0 0.690691823899371 0.45911111111111114 0.07851153039832286 0.084875
0 0.6638993710691824 0.37345833333333334 0.007672955974842768 0.0030833333333333338
0 0.6871907756813418 0.28934722222222226 0.1008176100628931 0.06327777777777778
0 0.36461215932914043 0.504625 0.19176100628930817 0.09568055555555556
0 0.6557651991614256 0.682875 0.06918238993710692 0.14351388888888889
0 0.6068553459119498 0.8472222222222222 0.07381551362683439 0.07716666666666668
0 0.7279454926624739 0.370375 0.027295597484276728 0.08641666666666667