0 0.4959958071278826 0.13629166666666667 0.1357651991614256 0.06770833333333333
0 0.6388050314465409 0.2204861111111111 0.13939203354297694 0.1111111111111111
0 0.5025576519916143 0.2534722222222222 0.14459119496855347 0.125
0 0.340104821802935 0.22830555555555554 0.1489098532494759 0.14756944444444445
0 0.2850943396226415 0.40191666666666664 0.13926624737945495 0.11631944444444445
0 0.4763731656184486 0.4088611111111111 0.20222222222222222 0.1371527777777778
0 0.6663312368972746 0.4045138888888889 0.15773584905660376 0.18055555555555555
0 0.2431865828092243 0.609375 0.19165618448637317 0.18055555555555555
0 0.46457023060796643 0.6171944444444445 0.1681551362683438 0.1857638888888889
0 0.6728721174004192 0.6397638888888889 0.21800838574423478 0.22743055555555555
0 0.6362054507337527 0.8585138888888889 0.17083857442348008 0.1684027777777778
0 0.32960167714884697 0.7881944444444444 0.28517819706498954 0.1111111111111111
0 0.46457023060796643 0.9305555555555556 0.1681551362683438 0.13194444444444445
0 0.2863731656184486 0.9244861111111111 0.16203354297693923 0.1371527777777778
0 0.6623899371069182 0.9704861111111112 0.19180293501048218 0.059027777777777776