0 0.5078825995807128 0.09529166666666666 0.17394129979035639 0.1211388888888889
0 0.62083857442348 0.29436111111111113 0.14368972746331238 0.10879166666666666
0 0.689538784067086 0.4340277777777778 0.14138364779874213 0.10725
0 0.7361215932914046 0.5790833333333333 0.229916142557652 0.11651388888888889
0 0.4170230607966457 0.4371111111111112 0.12419287211740042 0.09027777777777778
0 0.32155136268343815 0.571375 0.15058700209643605 0.08565277777777779
0 0.30991614255765204 0.7735277777777778 0.1179664570230608 0.08565277777777779
0 0.7512578616352201 0.7388055555555556 0.1251153039832285 0.13040277777777778
0 0.681383647798742 0.8499166666666668 0.19029350104821802 0.1118888888888889
0 0.6825366876310273 0.05670833333333333 0.0808385744234801 0.08719444444444445
0 0.7384486373165619 0.17476388888888889 0.1507337526205451 0.098
0 0.8048218029350105 0.27584722222222224 0.10184486373165619 0.09644444444444444
0 0.7617400419287212 0.33294444444444443 0.12744234800838575 0.08101388888888889
0 0.2936058700209644 0.4023888888888889 0.07605870020964361 0.050152777777777775
0 0.24469601677148847 0.3275416666666667 0.06670859538784067 0.05477777777777777