0 0.3383055555555556 0.03796610169491526 0.05770833333333333 0.07591101694915253
0 0.04611111111111112 0.12622881355932203 0.07284722222222223 0.09709745762711865
0 0.12191666666666667 0.1483050847457627 0.07183333333333333 0.08828389830508475
0 0.360875 0.12447033898305085 0.05223611111111111 0.06885593220338983
0 0.16530555555555554 0.3372245762711864 0.07743055555555556 0.13417372881355932
0 0.04091666666666667 0.20391949152542374 0.06486111111111112 0.09004237288135593
0 0.02625 0.3389830508474576 0.052513888888888895 0.11298728813559322
0 0.028569444444444446 0.4616949152542373 0.05713888888888889 0.11828389830508475
0 0.025861111111111112 0.5534957627118644 0.04634722222222222 0.09004237288135593
0 0.09934722222222223 0.4546186440677966 0.07298611111111111 0.09004237288135593
0 0.4708055555555556 0.13682203389830508 0.06344444444444444 0.09709745762711865
0 0.4303194444444444 0.22069915254237288 0.08004166666666666 0.1059322033898305
0 0.40715277777777775 0.13947033898305083 0.06115277777777778 0.08120762711864406
0 0.35740277777777774 0.24453389830508476 0.06380555555555555 0.10417372881355932
0 0.3128472222222222 0.1924364406779661 0.06002777777777778 0.0847457627118644
0 0.29144444444444445 0.26572033898305086 0.07998611111111112 0.12536016949152542
0 0.3695555555555555 0.3495762711864407 0.08118055555555556 0.10239406779661017
0 0.43609722222222225 0.3363347457627119 0.049944444444444444 0.1076906779661017
0 0.48933333333333334 0.3283898305084746 0.06616666666666667 0.11652542372881355
0 0.5095833333333333 0.2356991525423729 0.08354166666666667 0.09709745762711865
0 0.551236111111111 0.17654661016949152 0.06734722222222222 0.10239406779661017
0 0.30648611111111107 0.3866525423728814 0.04961111111111111 0.10239406779661017
0 0.37302777777777774 0.4413771186440678 0.06729166666666667 0.08120762711864406
0 0.44245833333333334 0.4511016949152542 0.07425 0.10063559322033898
0 0.5338888888888889 0.4661016949152542 0.109 0.13417372881355932
0 0.5529583333333333 0.3557627118644068 0.08887500000000001 0.11122881355932203
0 0.613736111111111 0.4016525423728814 0.076625 0.12887711864406778
0 0.79425 0.3001483050847457 0.08763888888888889 0.0847457627118644
0 0.6785277777777778 0.13860169491525423 0.03676388888888889 0.06180084745762712
0 0.6368611111111111 0.21627118644067797 0.05759722222222222 0.09004237288135593
0 0.708625 0.23129237288135593 0.06277777777777778 0.08120762711864406
0 0.6756388888888889 0.060021186440677964 0.05411111111111111 0.08120762711864406
0 0.7757361111111111 0.21716101694915255 0.06048611111111111 0.07415254237288135
0 0.8683055555555554 0.23658898305084747 0.04826388888888889 0.07415254237288135
0 0.9516388888888888 0.3857627118644068 0.05359722222222223 0.07591101694915253
0 0.9319583333333333 0.1853813559322034 0.06906944444444443 0.1059322033898305
0 0.8590555555555556 0.12800847457627118 0.06909722222222223 0.09709745762711865
0 0.7786388888888889 0.4113771186440678 0.06395833333333333 0.09180084745762712
0 0.8046666666666666 0.5084745762711864 0.03902777777777778 0.05296610169491525
0 0.823763888888889 0.6152966101694916 0.11488888888888889 0.10063559322033898
0 0.9261805555555556 0.5208262711864408 0.04201388888888889 0.0988771186440678
0 0.8740972222222223 0.524364406779661 0.05520833333333333 0.07415254237288135
0 0.9730416666666667 0.6435381355932204 0.04781944444444444 0.1076906779661017
0 0.9816944444444445 0.539364406779661 0.03661111111111111 0.14654661016949153
0 0.9215555555555556 0.6656144067796611 0.06052777777777778 0.0988771186440678
0 0.3244166666666667 0.4811016949152543 0.04844444444444445 0.09004237288135593
0 0.3851805555555555 0.5411440677966102 0.06844444444444445 0.10417372881355932
0 0.45056944444444447 0.5790889830508474 0.06731944444444445 0.10947033898305085
0 0.5130555555555555 0.5835169491525424 0.08354166666666667 0.12887711864406778
0 0.5709166666666666 0.605572033898305 0.05809722222222222 0.12358050847457627
0 0.6148888888888889 0.6152966101694916 0.04884722222222222 0.1076906779661017
0 0.6252916666666667 0.5358474576271186 0.07380555555555555 0.10063559322033898
0 0.6658055555555555 0.5084745762711864 0.07895833333333334 0.0988771186440678
0 0.3394583333333333 0.5702754237288136 0.06001388888888889 0.1059322033898305
0 0.3996527777777778 0.64 0.0649861111111111 0.0865042372881356
0 0.34929166666666667 0.6682627118644068 0.044972222222222226 0.07239406779661017
0 0.46734722222222225 0.7088559322033898 0.05459722222222223 0.12887711864406778
0 0.41409722222222217 0.7185805084745763 0.06115277777777778 0.09180084745762712
0 0.5321527777777777 0.6876694915254237 0.07081944444444445 0.10417372881355932
0 0.5992638888888889 0.6973940677966102 0.059263888888888894 0.0847457627118644
0 0.2185277777777778 0.4766949152542373 0.07741666666666668 0.07415254237288135
0 0.2816111111111111 0.4828813559322034 0.034861111111111114 0.12536016949152542
0 0.28854166666666664 0.590572033898305 0.04845833333333333 0.06531779661016948
0 0.1693611111111111 0.7997881355932204 0.06490277777777777 0.09533898305084745
0 0.07736111111111112 0.746822033898305 0.02886111111111111 0.03883474576271186
0 0.10340277777777779 0.8174364406779661 0.051 0.07415254237288135
0 0.02101388888888889 0.7132838983050848 0.04202777777777778 0.0635593220338983
0 0.04554166666666667 0.8483474576271187 0.050972222222222224 0.07239406779661017
0 0.024513888888888887 0.9242584745762712 0.04904166666666667 0.08298728813559322
0 0.13522222222222222 0.948093220338983 0.05216666666666667 0.0776906779661017
0 0.44304166666666667 0.9375 0.08004166666666666 0.0847457627118644
0 0.43030555555555555 0.8527542372881356 0.07502777777777778 0.07415254237288135
0 0.48874999999999996 0.8377542372881356 0.07195833333333333 0.09358050847457627
0 0.3834444444444444 0.8571610169491525 0.029916666666666664 0.04413135593220339
0 0.5871111111111111 0.8571610169491525 0.04884722222222222 0.08298728813559322
0 0.6264444444444445 0.8015466101694915 0.043722222222222225 0.07061440677966101
0 0.579 0.7891949152542372 0.050680555555555555 0.0565042372881356
0 0.6744861111111111 0.9021822033898305 0.06391666666666668 0.06709745762711865
0 0.6918472222222222 0.7194491525423728 0.05466666666666667 0.0865042372881356
0 0.7114999999999999 0.6294067796610169 0.04716666666666667 0.07944915254237288
0 0.8150833333333334 0.710635593220339 0.06974999999999999 0.07944915254237288
0 0.8735277777777779 0.725635593220339 0.043152777777777776 0.0847457627118644
0 0.8197222222222222 0.8033262711864407 0.07206944444444445 0.10239406779661017
0 0.8700555555555556 0.9661016949152542 0.057041666666666664 0.06779661016949153
0 0.7757361111111111 0.9696398305084746 0.06218055555555556 0.06074152542372882
0 0.93775 0.9586864406779662 0.06516666666666666 0.07061440677966101
0 0.9753333333333334 0.8827754237288136 0.04934722222222222 0.07415254237288135
0 0.9817222222222223 0.9525 0.035083333333333334 0.07591101694915253
0 0.9695694444444445 0.7750635593220339 0.04706944444444445 0.09180084745762712
0 0.9255833333333333 0.7803601694915254 0.06097222222222222 0.0847457627118644
0 0.10801388888888888 0.5746822033898306 0.050833333333333335 0.08298728813559322
0 0.14679166666666665 0.6241101694915254 0.06373611111111112 0.09358050847457627
0 0.21506944444444442 0.6841525423728814 0.07765277777777778 0.11476694915254237
0 0.29838888888888887 0.7591737288135593 0.0661111111111111 0.11652542372881355
0 0.24920833333333334 0.8289194915254238 0.06725 0.15713983050847458
0 0.3302083333333333 0.8739406779661016 0.05570833333333333 0.1200635593220339
0 0.7502777777777778 0.8739406779661016 0.06047222222222222 0.08120762711864406
0 0.5495 0.8951271186440678 0.043041666666666666 0.07061440677966101
0 0.6310833333333333 0.9577966101694915 0.06043055555555555 0.06531779661016948