0 0.382625 0.23231944444444447 0.10858333333333332 0.07827777777777778
0 0.8759166666666667 0.2771527777777778 0.11031250000000001 0.09974999999999999
0 0.6998125000000001 0.3049305555555556 0.12552083333333333 0.087125
0 0.7935625000000001 0.41161111111111115 0.10364583333333334 0.07323611111111111
0 0.756625 0.3541666666666667 0.10656249999999999 0.05934722222222222
0 0.8172499999999999 0.4974722222222222 0.11691666666666665 0.10605555555555556
0 0.9267291666666666 0.5763888888888888 0.14654166666666668 0.09216666666666666
0 0.8522708333333333 0.6079583333333334 0.0923125 0.12752777777777777
0 0.9431666666666667 0.663513888888889 0.09233333333333334 0.08459722222222221
0 0.8560416666666666 0.686236111111111 0.07054166666666667 0.044194444444444446
0 0.7055 0.7960833333333333 0.04491666666666667 0.07197222222222223
0 0.6060833333333334 0.7683055555555555 0.1274375 0.051763888888888894
0 0.6932083333333333 0.7436805555555556 0.08089583333333333 0.08586111111111111
0 0.5862083333333333 0.7039166666666666 0.11418750000000001 0.07197222222222223
0 0.6780625 0.6527777777777778 0.0998125 0.09595833333333334
0 0.5862083333333333 0.6313194444444444 0.09904166666666667 0.08838888888888889
0 0.659125 0.5599722222222222 0.1111875 0.10984722222222222
0 0.5833541666666666 0.5397777777777778 0.09335416666666667 0.087125
0 0.679 0.45644444444444443 0.12443749999999999 0.09722222222222222
0 0.565375 0.4551805555555556 0.106625 0.11237499999999999
0 0.5483333333333333 0.3642638888888889 0.1293541666666667 0.09469444444444446
0 0.44891666666666663 0.3832083333333334 0.08583333333333334 0.08459722222222221
0 0.43 0.46969444444444447 0.07702083333333333 0.09343055555555554
0 0.4451458333333333 0.5460833333333334 0.06566666666666666 0.07954166666666668
0 0.42997916666666663 0.6325694444444444 0.06564583333333333 0.09848611111111111
0 0.4375625 0.7159027777777779 0.08837500000000001 0.06818055555555556
0 0.4744791666666667 0.7714583333333334 0.022125 0.047986111111111104
0 0.3513958333333333 0.7171666666666667 0.09912499999999999 0.09090277777777778
0 0.3466458333333333 0.6414166666666666 0.11237499999999999 0.08586111111111111
0 0.34287500000000004 0.561875 0.10479166666666666 0.08080555555555556
0 0.34570833333333334 0.4848472222222222 0.09533333333333333 0.08586111111111111
0 0.3655833333333333 0.4242361111111111 0.11237499999999999 0.09595833333333334
0 0.3087916666666667 0.31629166666666664 0.08833333333333333 0.06944444444444445
0 0.2103125 0.32449999999999996 0.108625 0.08586111111111111
0 0.13552083333333334 0.3724722222222222 0.11433333333333334 0.09848611111111111
0 0.21316666666666664 0.3964583333333333 0.08262499999999999 0.06818055555555556
0 0.18191666666666664 0.4570694444444444 0.058 0.05555555555555555
0 0.107125 0.4614861111111111 0.08027083333333333 0.06944444444444445
0 0.14310416666666667 0.5157777777777778 0.0788125 0.0745
0 0.06356250000000001 0.5290416666666667 0.0765 0.07827777777777778
0 0.12322916666666667 0.5852222222222222 0.057979166666666665 0.044194444444444446
0 0.10522916666666667 0.6212083333333334 0.0485 0.047986111111111104
0 0.6468125 0.18244444444444446 0.0005416666666666666 0.0012638888888888888