0 0.3611949685534591 0.20208333333333334 0.09255765199161425 0.06805555555555555
0 0.3349895178197065 0.275 0.10723270440251573 0.08055555555555556
0 0.35071278825995805 0.3576388888888889 0.11352201257861635 0.0763888888888889
0 0.329748427672956 0.43680555555555556 0.09255765199161425 0.0625
0 0.3989308176100629 0.5069444444444444 0.0590356394129979 0.05277777777777778
0 0.4041509433962264 0.43680555555555556 0.03528301886792452 0.07083333333333333
0 0.31192872117400416 0.5326388888888889 0.08981132075471698 0.09305555555555556
0 0.39788259958071276 0.5861111111111111 0.06951781970649895 0.08333333333333333
0 0.16834381551362682 0.7375 0.1171069182389937 0.044444444444444446
0 0.309853249475891 0.7138888888888889 0.1491404612159329 0.11944444444444445
0 0.4649475890985325 0.6986111111111111 0.12404612159329141 0.12777777777777777
0 0.6022431865828092 0.6909722222222222 0.12618448637316562 0.16527777777777777
0 0.46702306079664574 0.6055555555555555 0.08557651991614255 0.05555555555555555
0 0.5550943396226414 0.5743055555555555 0.10310272536687631 0.05416666666666667
0 0.49218029350104825 0.5222222222222223 0.1149056603773585 0.05277777777777778
0 0.6137735849056604 0.5069444444444444 0.08635220125786162 0.058333333333333334
0 0.47855345911949687 0.44722222222222224 0.12958071278825997 0.07222222222222222
0 0.5687002096436058 0.43333333333333335 0.05909853249475891 0.08333333333333333
0 0.49742138364779875 0.3625 0.08765199161425577 0.06388888888888888
0 0.580230607966457 0.34444444444444444 0.05280922431865828 0.08055555555555556
0 0.490083857442348 0.29375 0.09813417190775682 0.07361111111111111
0 0.5760377358490566 0.25833333333333336 0.06119496855345912 0.075
0 0.479601677148847 0.20972222222222223 0.10232704402515724 0.08333333333333333
0 0.5645073375262054 0.17916666666666667 0.054905660377358494 0.07777777777777778
0 0.4680712788259958 0.1375 0.08348008385744235 0.06666666666666667
0 0.5508805031446541 0.10833333333333334 0.06538784067085954 0.05555555555555555
0 0.4827463312368973 0.08333333333333333 0.062494758909853246 0.041666666666666664
0 0.7531656184486373 0.6666666666666666 0.11784067085953878 0.1111111111111111
0 0.7185534591194969 0.5840277777777778 0.15255765199161425 0.0763888888888889
0 0.7353459119496855 0.4951388888888889 0.10735849056603773 0.07361111111111111
0 0.6714046121593291 0.4423611111111111 0.08339622641509434 0.06527777777777778
0 0.7667924528301887 0.42430555555555555 0.07383647798742138 0.06805555555555555
0 0.6955136268343816 0.38680555555555557 0.09807127882599581 0.06805555555555555
0 0.7584067085953878 0.35208333333333336 0.06964360587002096 0.06527777777777778
0 0.6755974842767295 0.33541666666666664 0.0959748427672956 0.07083333333333333
0 0.7217190775681341 0.2777777777777778 0.06333333333333334 0.05277777777777778
0 0.6609224318658281 0.28055555555555556 0.0959748427672956 0.1
0 0.6735010482180294 0.20277777777777778 0.07081761006289308 0.05
0 0.7657442348008385 0.7819444444444444 0.13044025157232705 0.09444444444444444
0 0.529916142557652 0.8333333333333334 0.1610062893081761 0.07777777777777778
0 0.6829350104821803 0.8826388888888889 0.0989517819706499 0.0875
0 0.7929979035639413 0.8708333333333333 0.11786163522012578 0.07222222222222222
0 0.5623899371069182 0.9201388888888888 0.1421383647798742 0.08472222222222223
0 0.15471698113207547 0.6618055555555555 0.10662473794549267 0.06527777777777778
0 0.23542976939203353 0.6166666666666667 0.07993710691823899 0.058333333333333334
0 0.9753459119496856 0.8409722222222222 0.04138364779874214 0.04861111111111111
0 0.9728721174004193 0.9076388888888889 0.05427672955974843 0.06805555555555555
0 0.909308176100629 0.9361111111111111 0.07285115303983228 0.06666666666666667
0 0.9770649895178197 0.9743055555555555 0.04589098532494759 0.05138888888888889
0 0.8328092243186582 0.9576388888888889 0.09174004192872116 0.07083333333333333
0 0.7342767295597484 0.9645833333333333 0.09176100628930818 0.05416666666666667
0 0.13377358490566038 0.575 0.09039832285115304 0.06666666666666667
0 0.2081761006289308 0.54375 0.07574423480083858 0.07361111111111111
0 0.2249266247379455 0.37222222222222223 0.07515723270440251 0.058333333333333334
0 0.16834381551362682 0.41458333333333336 0.04165618448637317 0.04583333333333333
0 0.2270440251572327 0.43819444444444444 0.0589937106918239 0.059722222222222225
0 0.140062893081761 0.4930555555555556 0.05266247379454927 0.06944444444444445
0 0.21551362683438155 0.4861111111111111 0.09880503144654089 0.03888888888888889