0 0.7484486373165619 0.3892361111111111 0.13985324947589098 0.11319444444444444
0 0.44134171907756814 0.3920138888888889 0.15997903563941301 0.09236111111111112
0 0.3407547169811321 0.4552083333333333 0.15859538784067087 0.12569444444444444
0 0.39628930817610064 0.18506944444444445 0.10758909853249476 0.09791666666666667
0 0.32293501048218026 0.24965277777777778 0.11457023060796645 0.11180555555555556
0 0.48224318658280924 0.2857638888888889 0.11041928721174005 0.08125
0 0.5220754716981132 0.22743055555555555 0.14398322851153042 0.09513888888888888
0 0.580754716981132 0.11423611111111111 0.10207547169811321 0.11041666666666666
0 0.7075681341719078 0.14618055555555556 0.12937106918238994 0.09375
0 0.7211949685534591 0.04756944444444444 0.07813417190775682 0.06180555555555556
0 0.8794549266247379 0.165625 0.08750524109014675 0.07708333333333334
0 0.8752620545073375 0.26006944444444446 0.10844863731656183 0.08819444444444445
0 0.8836477987421384 0.3420138888888889 0.08750524109014675 0.08541666666666667
0 0.27471698113207543 0.37604166666666666 0.17471698113207548 0.11041666666666666
0 0.4854088050314465 0.8774305555555556 0.2340880503144654 0.11180555555555556
0 0.7033962264150943 0.859375 0.20062893081761007 0.10902777777777778
0 0.32710691823899374 0.709375 0.14534591194968552 0.10486111111111111
0 0.4046960167714885 0.6795138888888889 0.1481341719077568 0.11597222222222223
0 0.6981341719077568 0.6295138888888889 0.10211740041928721 0.11597222222222223
0 0.7840880503144654 0.6538194444444444 0.15245283018867925 0.1673611111111111
0 0.4371698113207547 0.059375 0.09574423480083857 0.06458333333333334