0 0.3362777777777778 0.41493749999999996 0.09994444444444443 0.07291666666666667
0 0.4294444444444444 0.4010416666666667 0.10029166666666665 0.1180625
0 0.3571111111111111 0.37933333333333336 0.06522222222222222 0.06422916666666666
0 0.5081388888888889 0.38714583333333336 0.11419444444444445 0.14931250000000001
0 0.6198055555555555 0.3776041666666667 0.12697222222222224 0.16839583333333333
0 0.7280138888888888 0.39410416666666664 0.09344444444444444 0.19791666666666666
0 0.8136388888888889 0.40797916666666667 0.07727777777777778 0.21181250000000001
0 0.8581944444444444 0.4322916666666667 0.034472222222222224 0.17014583333333333
0 0.8790138888888889 0.44358333333333333 0.022902777777777775 0.11285416666666667
0 0.8043611111111111 0.53125 0.12870833333333334 0.06597916666666667
0 0.7812222222222223 0.5737916666666667 0.12872222222222224 0.060770833333333336
0 0.7569444444444444 0.6145833333333334 0.11659722222222223 0.0625
0 0.717 0.6545208333333333 0.1646111111111111 0.03472916666666667
0 0.6365694444444444 0.6857708333333333 0.11951388888888889 0.07639583333333334
0 0.6643333333333333 0.5529583333333333 0.1773611111111111 0.17535416666666667
0 0.5295277777777778 0.5546875 0.13227777777777777 0.20660416666666667
0 0.4953888888888889 0.7074583333333333 0.20056944444444444 0.1163125
0 0.2633611111111111 0.7265625 0.17402777777777778 0.16839583333333333
0 0.37969444444444445 0.6970416666666667 0.11647222222222223 0.203125
0 0.43870833333333337 0.5555625000000001 0.13501388888888888 0.22222916666666667
0 0.3426388888888889 0.5130208333333334 0.13118055555555555 0.21702083333333333
0 0.27320833333333333 0.53125 0.09418055555555556 0.18056250000000001
0 0.22694444444444445 0.6111041666666667 0.132625 0.20833333333333334
0 0.22806944444444446 0.49131250000000004 0.10344444444444445 0.12847916666666667
0 0.2622083333333333 0.41754166666666664 0.09997222222222223 0.0850625