0 0.6732083333333333 0.09895833333333333 0.16218749999999998 0.06944444444444445
0 0.6211249999999999 0.1684027777777778 0.2195 0.0763888888888889
0 0.49614583333333334 0.24131944444444445 0.15704166666666666 0.1284722222222222
0 0.6615208333333332 0.2760416666666667 0.20491666666666666 0.1527777777777778
0 0.7903958333333333 0.28733333333333333 0.171125 0.171875
0 0.41933333333333334 0.33594444444444443 0.17529166666666668 0.09895833333333333
0 0.5886041666666666 0.3915 0.1996875 0.1440972222222222
0 0.7487291666666667 0.421875 0.15547916666666667 0.14583333333333334
0 0.8841249999999999 0.44531944444444443 0.11908333333333333 0.140625
0 0.36335416666666664 0.4079861111111111 0.20916666666666667 0.1111111111111111
0 0.5209166666666667 0.4756944444444444 0.16320833333333334 0.1527777777777778
0 0.24489583333333334 0.41754166666666664 0.09725 0.08159722222222222
0 0.2969791666666667 0.49566666666666664 0.15272916666666667 0.11284722222222222
0 0.21364583333333334 0.5607638888888888 0.112875 0.09722222222222222
0 0.44149999999999995 0.5434027777777778 0.12933333333333333 0.14583333333333334
0 0.36075 0.5824722222222222 0.12585416666666666 0.09895833333333333
0 0.5756041666666667 0.5928888888888889 0.23614583333333333 0.08159722222222222
0 0.6784374999999999 0.5277777777777778 0.15545833333333334 0.13541666666666666
0 0.8164374999999999 0.59375 0.12427083333333333 0.1076388888888889
0 0.23316666666666666 0.6588611111111111 0.17275000000000001 0.0954861111111111
0 0.37770833333333337 0.6944444444444444 0.184 0.1284722222222222
0 0.5105 0.6857638888888888 0.1684166666666667 0.1388888888888889
0 0.6562916666666666 0.6684027777777778 0.13202083333333334 0.11458333333333333
0 0.75525 0.6597222222222222 0.12685416666666666 0.14583333333333334
0 0.6419583333333333 0.750875 0.141375 0.08854166666666667
0 0.7851874999999999 0.7890694444444445 0.13466666666666666 0.11631944444444445
0 0.517 0.7864583333333334 0.11375 0.09375
0 0.37377083333333333 0.7899305555555556 0.1675 0.09027777777777778
0 0.47925 0.8724027777777777 0.1840416666666667 0.0920138888888889
0 0.35685416666666664 0.8802083333333334 0.1753125 0.1076388888888889
0 0.5560625 0.9375 0.2075 0.09375
0 0.6419791666666667 0.8619861111111111 0.15025000000000002 0.09895833333333333
0 0.9348958333333334 0.8585138888888889 0.11129166666666666 0.08854166666666667
0 0.9757291666666668 0.5572916666666666 0.04852083333333333 0.06597222222222222
0 0.9653125 0.9453194444444445 0.06935416666666666 0.10243055555555555
0 0.059062500000000004 0.75 0.11814583333333334 0.07291666666666667
0 0.18633333333333332 0.7430555555555556 0.10843749999999999 0.11458333333333333
0 0.12641666666666668 0.3993055555555556 0.12072916666666668 0.11805555555555555
0 0.3203958333333333 0.2847222222222222 0.07639583333333334 0.059027777777777776
0 0.23450000000000001 0.20052777777777778 0.10583333333333332 0.08159722222222222
0 0.36075 0.2065972222222222 0.07897916666666666 0.06597222222222222
0 0.3607708333333333 0.11372222222222221 0.11889583333333334 0.078125
0 0.5117708333333334 0.09027777777777778 0.08414583333333334 0.052083333333333336
0 0.6224375 0.03906944444444444 0.14397916666666666 0.046875
0 0.7656458333333334 0.02344444444444444 0.1008125 0.046875
0 0.9127708333333333 0.03386111111111111 0.08262499999999999 0.06770833333333333
0 0.7995 0.17101388888888888 0.13727083333333334 0.0954861111111111
0 0.9301666666666667 0.16927777777777778 0.1396666666666667 0.11631944444444445
0 0.933125 0.296875 0.13375 0.14930555555555555
0 0.9705208333333334 0.4366388888888889 0.0589375 0.09895833333333333
0 0.8828333333333334 0.7100694444444444 0.12168749999999999 0.0763888888888889
0 0.9231666666666667 0.6024305555555556 0.099625 0.12152777777777778
0 0.9244791666666666 0.7699722222222222 0.11647916666666666 0.07118055555555555
0 0.9796458333333333 0.7126805555555555 0.04070833333333333 0.0920138888888889
0 0.2891458333333333 0.954 0.09722916666666667 0.050347222222222224
0 0.1173125 0.8949722222222222 0.08687500000000001 0.057291666666666664
0 0.19283333333333333 0.8645833333333334 0.10062499999999999 0.0763888888888889
0 0.17197916666666666 0.059902777777777784 0.10247916666666666 0.057291666666666664
0 0.034333333333333334 0.03298611111111111 0.06866666666666667 0.06597222222222222
0 0.043437500000000004 0.109375 0.08689583333333334 0.09722222222222222
0 0.051250000000000004 0.2048611111111111 0.10252083333333334 0.1076388888888889
0 0.12904166666666667 0.29427777777777775 0.10841666666666666 0.07118055555555555
0 0.04002083333333333 0.4791666666666667 0.08004166666666666 0.059027777777777776
0 0.08477083333333332 0.5112916666666667 0.08235416666666667 0.10243055555555555
0 0.13422916666666668 0.6432361111111111 0.11552083333333334 0.08506944444444445
0 0.8450624999999999 0.9097222222222222 0.0944375 0.05555555555555555
0 0.8281458333333334 0.9722222222222222 0.13208333333333333 0.04861111111111111
0 0.7252708333333333 0.9600694444444444 0.11010416666666667 0.0798611111111111
0 0.06133333333333334 0.8420138888888888 0.09470833333333334 0.059027777777777776
0 0.44931249999999995 0.03298611111111111 0.14495833333333333 0.03819444444444445