0 0.26977083333333335 0.2152777777777778 0.09177083333333333 0.07870833333333334
0 0.7407708333333333 0.24383333333333335 0.08960416666666667 0.07098611111111111
0 0.7720208333333333 0.33179166666666665 0.09656250000000001 0.07098611111111111
0 0.6342916666666666 0.29938888888888887 0.10945833333333334 0.07098611111111111
0 0.421375 0.370375 0.11727083333333334 0.06790277777777778
0 0.24893749999999998 0.3225277777777778 0.1396875 0.06790277777777778
0 0.9490625 0.3858055555555555 0.08504166666666667 0.08641666666666667
0 0.8553333333333334 0.45911111111111114 0.08733333333333333 0.06018055555555556
0 0.6423749999999999 0.4722222222222222 0.20897916666666666 0.10494444444444445
0 0.6227291666666667 0.5709861111111111 0.15437499999999998 0.09568055555555556
0 0.645875 0.6574027777777778 0.09883333333333333 0.052472222222222226
0 0.5394166666666667 0.7175972222222222 0.182125 0.10494444444444445
0 0.7500416666666666 0.8009305555555555 0.1683125 0.10184722222222221
0 0.49774999999999997 0.8950555555555556 0.15433333333333332 0.0895
0 0.6262083333333333 0.9459861111111111 0.11504166666666667 0.06481944444444444
0 0.8923749999999999 0.6442916666666666 0.15214583333333334 0.10030555555555555
0 0.056854166666666664 0.3449027777777778 0.0731875 0.050930555555555555
0 0.0525 0.29475 0.08650000000000001 0.04629166666666666
0 0.18066666666666667 0.43209722222222224 0.08016666666666666 0.05555555555555555
0 0.31375 0.4074027777777778 0.09641666666666666 0.08641666666666667
0 0.4514583333333333 0.4490694444444444 0.08952083333333333 0.058638888888888886
0 0.36583333333333334 0.5015416666666667 0.12189583333333333 0.07406944444444444
0 0.39475 0.6388888888888888 0.0964375 0.06172222222222222
0 0.12397916666666667 0.6512361111111111 0.13799999999999998 0.09568055555555556
0 0.2211875 0.7692916666666666 0.12879166666666667 0.0941388888888889
0 0.3773958333333333 0.8086388888888889 0.12652083333333333 0.07406944444444444
0 0.47575 0.2824027777777778 0.12572916666666667 0.09259722222222222
0 0.4827083333333333 0.16204166666666667 0.16589583333333333 0.09259722222222222
0 0.6227291666666667 0.15431944444444445 0.13122916666666667 0.08641666666666667
0 0.7535000000000001 0.129625 0.13820833333333335 0.09568055555555556
0 0.5405416666666666 0.07793055555555556 0.16272916666666667 0.06018055555555556
0 0.3438333333333333 0.1211388888888889 0.10725 0.08795833333333333
0 0.23735416666666667 0.1605 0.1396875 0.07098611111111111
0 0.426 0.07870833333333334 0.0895 0.06481944444444444
0 0.358875 0.2530833333333333 0.07252083333333334 0.06790277777777778