0 0.13664570230607967 0.5194444444444445 0.27331236897274636 0.23055555555555557
0 0.4718029350104822 0.525 0.250230607966457 0.17777777777777778
0 0.7024109014675053 0.5243055555555556 0.24452830188679245 0.1986111111111111
0 0.9032494758909854 0.5333333333333333 0.19352201257861637 0.21388888888888888
0 0.3879454926624738 0.6875 0.2418658280922432 0.19722222222222222
0 0.6059748427672956 0.7027777777777777 0.22773584905660377 0.21666666666666667
0 0.8522641509433961 0.7194444444444444 0.2592452830188679 0.21388888888888888
0 0.041257861635220126 0.7388888888888889 0.08253668763102724 0.19722222222222222
0 0.22448637316561845 0.8548611111111111 0.31566037735849056 0.20694444444444443
0 0.4571488469601677 0.8 0.21930817610062894 0.14166666666666666
0 0.6835220125786164 0.8138888888888889 0.2110062893081761 0.16111111111111112
0 0.8682599580712789 0.8888888888888888 0.26345911949685535 0.17777777777777778
0 0.05383647798742138 0.9513888888888888 0.10769392033542977 0.09722222222222222
0 0.8571278825995807 0.03888888888888889 0.28576519916142556 0.07777777777777778
0 0.23918238993710692 0.04513888888888889 0.44142557651991615 0.09027777777777778