0 0.21815277777777778 0.5766875 0.04425 0.049749999999999996
0 0.26555555555555554 0.580125 0.03031944444444444 0.05447916666666666
0 0.17743055555555556 0.5865416666666667 0.033555555555555554 0.03845833333333334
0 0.29920833333333335 0.6009583333333333 0.020694444444444446 0.03845833333333334
0 0.3157638888888889 0.6682708333333333 0.018833333333333334 0.07691666666666667
0 0.2821111111111111 0.6634583333333333 0.03779166666666667 0.07370833333333333
0 0.23297222222222225 0.6610625 0.04636111111111112 0.072125
0 0.184375 0.6578541666666666 0.04530555555555555 0.07531249999999999
0 0.137375 0.6987083333333334 0.043180555555555555 0.06089583333333334
0 0.1966527777777778 0.7427916666666667 0.04209722222222222 0.0496875
0 0.24205555555555555 0.7516041666666666 0.04016666666666667 0.04808333333333333
0 0.28531944444444446 0.7476041666666667 0.03270833333333333 0.05608333333333334
0 0.14431944444444444 0.7612083333333334 0.03356944444444444 0.044875
0 0.2703611111111111 0.8205208333333334 0.019875 0.03204166666666667
0 0.15179166666666669 0.8253125 0.03143055555555555 0.03845833333333334
0 0.18758333333333332 0.8493541666666666 0.03373611111111111 0.044875
0 0.22283333333333333 0.8517708333333334 0.020930555555555556 0.043270833333333335
0 0.24847222222222223 0.8365416666666667 0.016666666666666666 0.028854166666666667
0 0.16408333333333333 0.41827083333333337 0.026083333333333333 0.041666666666666664
0 0.19024999999999997 0.3958333333333333 0.022875 0.06089583333333334
0 0.2142777777777778 0.3565625 0.017527777777777778 0.0496875
0 0.2393888888888889 0.3421458333333333 0.018583333333333334 0.0625
0 0.22923611111111114 0.21635416666666665 0.017513888888888888 0.03204166666666667
0 0.24793055555555554 0.2604166666666667 0.015597222222222222 0.0496875
0 0.17956944444444442 0.1835 0.02715277777777778 0.03045833333333333
0 0.21375 0.1923125 0.025 0.03845833333333334
0 0.1475138888888889 0.2267708333333333 0.027166666666666665 0.052875
0 0.3317777777777778 0.3373333333333333 0.023888888888888887 0.03364583333333333
0 0.31683333333333336 0.415875 0.03244444444444444 0.043270833333333335
0 0.19024999999999997 0.48316666666666663 0.03995833333333333 0.02725
0 0.3670277777777778 0.6730833333333333 0.028152777777777777 0.041666666666666664
0 0.39213888888888887 0.6378125 0.027083333333333334 0.03845833333333334
0 0.4167083333333333 0.6097708333333334 0.029208333333333336 0.03685416666666667
0 0.44875000000000004 0.6089791666666666 0.03488888888888889 0.06089583333333334
0 0.48080555555555554 0.6185833333333334 0.026361111111111113 0.0576875
0 0.51125 0.6418333333333333 0.029569444444444443 0.07852083333333333
0 0.5443611111111111 0.701125 0.029583333333333333 0.07531249999999999
0 0.3713055555555555 0.7251666666666666 0.03243055555555556 0.03364583333333333
0 0.41083333333333333 0.7203541666666666 0.029541666666666667 0.0496875
0 0.4471527777777778 0.7331666666666667 0.029555555555555557 0.052875
0 0.4888194444444444 0.7507916666666666 0.03811111111111111 0.05608333333333334
0 0.5139166666666667 0.8060833333333334 0.01995833333333333 0.07370833333333333
0 0.5956250000000001 0.4743541666666667 0.021666666666666667 0.035250000000000004
0 0.6228611111111111 0.4391041666666667 0.035541666666666666 0.03845833333333334
0 0.6586527777777778 0.419875 0.040875 0.044875
0 0.6992499999999999 0.4246875 0.03177777777777778 0.0576875
0 0.732361111111111 0.4559375 0.03391666666666667 0.06570833333333333
0 0.7574583333333333 0.5048125 0.026458333333333334 0.08654166666666667
0 0.6095138888888889 0.5184375 0.043027777777777776 0.03364583333333333
0 0.6586527777777778 0.5480833333333333 0.04030555555555555 0.0576875
0 0.7045833333333333 0.5560833333333334 0.04031944444444445 0.051291666666666666
0 0.7425138888888889 0.59775 0.026444444444444444 0.06731250000000001
0 0.74625 0.6730833333333333 0.008291666666666666 0.044875
0 0.6452916666666667 0.4919791666666667 0.03981944444444445 0.05447916666666666
0 0.6955138888888889 0.4815625 0.04779166666666666 0.072125
0 0.7419722222222223 0.5304583333333334 0.023249999999999996 0.05447916666666666
0 0.767611111111111 0.5745208333333333 0.016847222222222222 0.043270833333333335
0 0.7302222222222222 0.6506458333333334 0.023763888888888886 0.041666666666666664
0 0.7104583333333333 0.66025 0.01148611111111111 0.041666666666666664
0 0.5961666666666667 0.5657083333333334 0.022736111111111113 0.044875
0 0.8231527777777777 0.5544791666666666 0.03013888888888889 0.044875
0 0.8589444444444445 0.5641041666666666 0.03290277777777778 0.06410416666666667
0 0.8899166666666667 0.552875 0.0265 0.05447916666666666
0 0.9176944444444445 0.548875 0.02863888888888889 0.06570833333333333
0 0.8210138888888889 0.6217916666666666 0.019458333333333334 0.03204166666666667
0 0.8509305555555555 0.6418333333333333 0.03395833333333333 0.0400625
0 0.8909861111111111 0.6490416666666667 0.03290277777777778 0.025645833333333333
0 0.9240972222222222 0.6137916666666666 0.020097222222222225 0.03204166666666667
0 0.8455833333333334 0.4407083333333333 0.042944444444444445 0.03845833333333334
0 0.9070138888888888 0.4431041666666667 0.03931944444444444 0.04647916666666666
0 0.889375 0.4983958333333333 0.051486111111111114 0.044875
0 0.8333055555555556 0.4951875 0.06325 0.06089583333333334
0 0.8744305555555556 0.4286875 0.03866666666666667 0.06570833333333333
0 0.8135416666666667 0.4487083333333333 0.02373611111111111 0.044875
0 0.727013888888889 0.7532083333333334 0.02804166666666667 0.0576875
0 0.4124305555555555 0.90625 0.020666666666666667 0.020833333333333332
0 0.4412777777777778 0.91025 0.028486111111111115 0.025645833333333333
0 0.47331944444444446 0.8950416666666666 0.0285 0.03045833333333333
0 0.5037638888888889 0.865375 0.023166666666666665 0.035250000000000004
0 0.35688888888888887 0.7788541666666667 0.018541666666666665 0.03845833333333334