0 0.49564583333333334 0.546125 0.13779166666666667 0.08829166666666667
0 0.6005208333333333 0.5178611111111111 0.12443749999999999 0.10119444444444445
0 0.6935208333333333 0.5243055555555556 0.12595833333333334 0.10416666666666667
0 0.7589791666666666 0.546625 0.1021875 0.09325
0 0.40860416666666666 0.6031805555555556 0.12735416666666668 0.1111111111111111
0 0.5462291666666667 0.6106111111111111 0.09912499999999999 0.08829166666666667
0 0.6682291666666667 0.6150833333333333 0.08727083333333334 0.077375
0 0.526875 0.6939444444444445 0.158625 0.0763888888888889
0 0.6563125 0.6770833333333334 0.08429166666666667 0.05456944444444444
0 0.7612083333333334 0.6106111111111111 0.076875 0.06647222222222222
0 0.7344375 0.6736111111111112 0.076875 0.06944444444444445
0 0.6592916666666666 0.7123055555555555 0.08427083333333334 0.06944444444444445