0 0.5040670859538784 0.6924166666666667 0.11473794549266246 0.078125
0 0.6219706498951783 0.6281805555555556 0.06761006289308176 0.06770833333333333
0 0.45339622641509436 0.6322361111111111 0.14379454926624738 0.06308333333333334
0 0.27262054507337524 0.6629027777777778 0.08146750524109014 0.04919444444444444
0 0.43071278825995807 0.7635972222222221 0.08675052410901468 0.04455555555555556
0 0.39052410901467505 0.47655555555555557 0.07976939203354297 0.04919444444444444
0 0.46475890985324947 0.4620972222222222 0.08851153039832285 0.04802777777777777
0 0.3870230607966457 0.4186944444444444 0.1158700209643606 0.06191666666666666
0 0.380041928721174 0.3585138888888889 0.1158700209643606 0.0735
0 0.3320125786163522 0.3000555555555555 0.03729559748427673 0.05381944444444445
0 0.3355136268343815 0.22655555555555557 0.03607966457023061 0.021416666666666667
0 0.4866037735849057 0.3995972222222222 0.044863731656184486 0.05266666666666667
0 0.5520964360587003 0.41579166666666667 0.0640880503144654 0.06655555555555556
0 0.5433752620545074 0.4661388888888889 0.06758909853249476 0.058444444444444445
0 0.4813417190775681 0.3052638888888889 0.07392033542976939 0.04802777777777777
0 0.6735010482180294 0.5853611111111111 0.07287211740041928 0.06076388888888889
0 0.4211111111111111 0.5517916666666667 0.14440251572327042 0.06308333333333334
0 0.5320125786163522 0.5390555555555555 0.08679245283018867 0.06770833333333333
0 0.6141090146750524 0.5286388888888889 0.07983228511530398 0.07233333333333333
0 0.7215303983228512 0.5691527777777778 0.06415094339622641 0.07233333333333333
0 0.7730607966457023 0.6189166666666667 0.04844863731656184 0.04455555555555556
0 0.6717400419287212 0.5407916666666667 0.07385744234800838 0.06076388888888889
0 0.6176100628930818 0.44936111111111116 0.062368972746331235 0.03877777777777778
0 0.680482180293501 0.4152222222222222 0.062389937106918245 0.046875
0 0.5975262054507338 0.3370972222222222 0.046645702306079666 0.04802777777777777
0 0.6787421383647798 0.3405694444444445 0.058888888888888886 0.050347222222222224
0 0.6411740041928721 0.2618611111111111 0.07561844863731657 0.06770833333333333
0 0.3058071278825996 0.4933472222222222 0.06750524109014676 0.059611111111111115
0 0.23769392033542977 0.4325833333333333 0.057002096436058705 0.03993055555555555
0 0.29446540880503147 0.38049999999999995 0.03431865828092243 0.04455555555555556
0 0.25427672955974845 0.3035277777777778 0.03905660377358491 0.02372222222222222
0 0.24031446540880502 0.36950000000000005 0.05176100628930818 0.04572222222222223