0 0.20841666666666667 0.32335416666666666 0.10715277777777779 0.12066666666666667
0 0.3640833333333333 0.24783333333333332 0.15005555555555555 0.23697916666666666
0 0.5584861111111111 0.22091666666666668 0.20333333333333334 0.2665
0 0.7737361111111112 0.2851666666666667 0.23118055555555553 0.2421875
0 0.5527083333333334 0.601125 0.2264722222222222 0.45399999999999996
0 0.7985972222222222 0.6002708333333333 0.20918055555555556 0.39670833333333333
0 0.3056388888888889 0.6141458333333334 0.25069444444444444 0.43837499999999996
0 0.07302777777777777 0.94575 0.08629166666666667 0.1085
0 0.11699999999999999 0.7512916666666667 0.08166666666666667 0.19183333333333333
0 0.1447638888888889 0.538625 0.058527777777777776 0.1171875
0 0.5214583333333334 0.9092916666666666 0.17323611111111112 0.18141666666666667
0 0.736125 0.9066875 0.30869444444444444 0.18662499999999999
0 0.31080555555555556 0.9236041666666667 0.22030555555555556 0.15277083333333333
0 0.9611805555555555 0.41710416666666666 0.05763888888888889 0.13802083333333334