0 0.10922431865828093 0.04948611111111111 0.21846960167714882 0.09895833333333333
0 0.3106498951781971 0.0642361111111111 0.18251572327044024 0.1284722222222222
0 0.48880503144654086 0.07465277777777778 0.1668553459119497 0.14930555555555555
0 0.6551991614255764 0.08594444444444445 0.16953878406708597 0.171875
0 0.8412159329140461 0.07291666666666667 0.17482180293501048 0.14583333333333334
0 0.14553459119496856 0.15365277777777778 0.2891614255765199 0.11979166666666667
0 0.40366876310272537 0.21441666666666667 0.1851572327044025 0.14756944444444445
0 0.5621802935010483 0.2204861111111111 0.1721174004192872 0.14930555555555555
0 0.7246121593291405 0.25781944444444443 0.15121593291404611 0.16145833333333334
0 0.8582599580712788 0.24305555555555555 0.18270440251572329 0.1736111111111111
0 0.9554926624737945 0.2543472222222222 0.0890146750524109 0.2170138888888889
0 0.960377358490566 0.07031944444444445 0.07922431865828092 0.1371527777777778
0 0.5661006289308176 0.3871527777777778 0.1852201257861635 0.1840277777777778
0 0.159958071278826 0.2586805555555556 0.30226415094339626 0.0763888888888889
0 0.3892452830188679 0.3637222222222222 0.13538784067085954 0.1371527777777778
0 0.1529140461215933 0.3611111111111111 0.30584905660377354 0.13541666666666666
0 0.33947589098532494 0.5 0.16681341719077566 0.11458333333333333
0 0.16257861635220125 0.5 0.2550943396226415 0.1284722222222222
0 0.5464570230607967 0.5451388888888888 0.27167714884696015 0.12152777777777778
0 0.7796436058700209 0.5529583333333333 0.22983228511530399 0.13368055555555555
0 0.7416142557651991 0.4088611111111111 0.2129769392033543 0.15104166666666666
0 0.9266666666666666 0.4322916666666667 0.14664570230607968 0.16319444444444445
0 0.04421383647798742 0.5381944444444444 0.08840670859538785 0.2152777777777778
0 0.2058490566037736 0.6527777777777778 0.22964360587002097 0.16319444444444445
0 0.42069182389937104 0.6475694444444444 0.1930398322851153 0.17708333333333334
0 0.6054088050314465 0.7022638888888889 0.2061844863731656 0.1892361111111111
0 0.7796436058700209 0.6979166666666666 0.19314465408805032 0.16319444444444445
0 0.9328930817610063 0.5581666666666667 0.09763102725366876 0.10590277777777778
0 0.9067085953878407 0.6614583333333334 0.08190775681341719 0.09027777777777778
0 0.0459958071278826 0.7135416666666666 0.06385744234800839 0.1527777777777778
0 0.22549266247379454 0.813375 0.2741928721174004 0.171875
0 0.4691614255765199 0.8185833333333333 0.16947589098532495 0.1684027777777778
0 0.04813417190775682 0.859375 0.09626834381551364 0.15625
0 0.09448637316561845 0.9574722222222222 0.18505241090146748 0.078125
0 0.2870649895178197 0.9505277777777777 0.20345911949685533 0.0920138888888889
0 0.4717819706498952 0.9522638888888889 0.19566037735849057 0.0954861111111111
0 0.6564989517819706 0.969625 0.1407127882599581 0.06076388888888889
0 0.6119287211740042 0.8680555555555556 0.16846960167714883 0.12152777777777778
0 0.7783018867924528 0.8107638888888888 0.15532494758909854 0.08333333333333333
0 0.7547589098532494 0.8862916666666667 0.09620545073375263 0.07465277777777778