0 0.23530655391120506 0.30295833333333333 0.0986892177589852 0.036458333333333336
0 0.30930232558139537 0.2777777777777778 0.12856236786469344 0.06944444444444445
0 0.42818181818181816 0.2647638888888889 0.13033826638477802 0.08854166666666667
0 0.5457928118393235 0.26129166666666664 0.11543340380549683 0.109375
0 0.4717970401691332 0.33941666666666664 0.08369978858350952 0.046875
0 0.5193657505285412 0.38802777777777775 0.10486257928118393 0.046875
0 0.58276955602537 0.3454861111111111 0.10120507399577167 0.041666666666666664
0 0.6752642706131078 0.3055555555555556 0.12076109936575052 0.052083333333333336
0 0.7069344608879492 0.2465277777777778 0.16987315010570822 0.04861111111111111
0 0.8271881606765328 0.3107638888888889 0.15515856236786468 0.020833333333333332
0 0.8483086680761099 0.25781944444444443 0.06150105708245243 0.046875
0 0.7730021141649048 0.204 0.08530655391120508 0.046875
0 0.17585623678646936 0.5147638888888889 0.09078224101479915 0.08506944444444445
0 0.3040169133192389 0.5425416666666667 0.11799154334038056 0.07118055555555555
0 0.2273784355179704 0.61025 0.11983086680761099 0.07118055555555555
0 0.3502536997885835 0.6284722222222222 0.1100845665961945 0.1076388888888889
0 0.10847780126849894 0.5954861111111112 0.1251585623678647 0.08680555555555555
0 0.21549682875264273 0.6953194444444445 0.1153276955602537 0.06076388888888889
0 0.1454756871035941 0.67275 0.11985200845665961 0.0642361111111111
0 0.38196617336152217 0.7074722222222222 0.16293868921775898 0.06770833333333333
0 0.5206976744186046 0.7005277777777777 0.1814799154334038 0.078125
0 0.2921141649048625 0.7708333333333334 0.1118816067653277 0.024305555555555556
0 0.6884778012684989 0.7317777777777777 0.09435517970401693 0.078125
0 0.7043128964059197 0.6953194444444445 0.12758985200845666 0.05381944444444445
0 0.5563213530655391 0.7317777777777777 0.18577167019027485 0.046875
0 0.7968076109936575 0.6510416666666666 0.11023255813953488 0.08333333333333333
0 0.7809302325581395 0.579 0.18042283298097253 0.0642361111111111
0 0.9090909090909091 0.563375 0.11291754756871035 0.08854166666666667
0 0.7610993657505285 0.5243055555555556 0.24118393234672303 0.09027777777777778
0 0.16661733615221988 0.7647638888888889 0.07568710359408033 0.08854166666666667
0 0.09790697674418605 0.765625 0.056448202959830864 0.1076388888888889
0 0.16133192389006343 0.8645833333333334 0.1179492600422833 0.08333333333333333
0 0.32913319238900635 0.8576388888888888 0.19463002114164904 0.10416666666666667
0 0.5259830866807611 0.8880277777777777 0.17093023255813952 0.13020833333333334
0 0.3528752642706131 0.9548611111111112 0.18583509513742072 0.08333333333333333
0 0.6567653276955602 0.8940972222222222 0.10490486257928118 0.125
0 0.7968076109936575 0.8724027777777777 0.11551797040169133 0.11631944444444445
0 0.5404862579281184 0.96875 0.20691331923890063 0.059027777777777776
0 0.7030021141649049 0.938375 0.149830866807611 0.07465277777777778
0 0.813953488372093 0.7465277777777778 0.10906976744186048 0.10069444444444445
0 0.923615221987315 0.6553888888888889 0.0958139534883721 0.07118055555555555
0 0.9275898520084567 0.7690972222222222 0.0812262156448203 0.14583333333333334
0 0.8905919661733616 0.875 0.08120507399577166 0.09027777777777778