0 0.7175694444444444 0.43445833333333334 0.1796666666666667 0.27516666666666667
0 0.54575 0.6853333333333332 0.0968611111111111 0.15364583333333334
0 0.6331111111111111 0.6506041666666668 0.10036111111111112 0.1640625
0 0.44044444444444447 0.6089375 0.06209722222222222 0.13629166666666667
0 0.3634722222222222 0.7773333333333333 0.10108333333333333 0.19358333333333333
0 0.3854583333333333 0.4804583333333333 0.0941388888888889 0.10677083333333333
0 0.5023472222222222 0.40668750000000004 0.11419444444444445 0.18316666666666667
0 0.3929722222222222 0.37456249999999996 0.10918055555555556 0.09983333333333334
0 0.5955 0.37456249999999996 0.07141666666666667 0.20572916666666666
0 0.5052222222222222 0.2825625 0.13459722222222223 0.09635416666666667
0 0.4595277777777778 0.7400208333333332 0.08641666666666667 0.13108333333333333
0 0.5231666666666667 0.5603333333333332 0.10104166666666667 0.12760416666666666
0 0.5902916666666667 0.5334166666666668 0.05405555555555556 0.11370833333333333
0 0.68575 0.21918749999999998 0.14843055555555557 0.1640625
0 0.5839166666666666 0.2200625 0.06051388888888889 0.14150000000000001
0 0.3727361111111111 0.5985208333333334 0.07794444444444444 0.15191666666666667