0 0.35554166666666664 0.07291666666666667 0.27166666666666667 0.13194444444444445
0 0.6315833333333334 0.08941666666666666 0.2491875 0.16493055555555555
0 0.7890833333333334 0.0954861111111111 0.07997916666666667 0.1909722222222222
0 0.35683333333333334 0.20226388888888888 0.24822916666666667 0.13368055555555555
0 0.6354791666666666 0.2638888888888889 0.26739583333333333 0.1840277777777778
0 0.7929999999999999 0.2725694444444444 0.04614583333333333 0.1840277777777778
0 0.3216875 0.3619861111111111 0.28208333333333335 0.1753472222222222
0 0.5873125 0.4427083333333333 0.23354166666666665 0.16666666666666666
0 0.7760833333333333 0.4548611111111111 0.1633125 0.1597222222222222
0 0.313875 0.5251805555555555 0.25085416666666666 0.1684027777777778
0 0.5690833333333334 0.594625 0.223125 0.1267361111111111
0 0.7903958333333333 0.6154583333333333 0.20235416666666667 0.1579861111111111
0 0.27872916666666664 0.6493055555555556 0.13889583333333333 0.07291666666666667
0 0.43629166666666663 0.6796944444444445 0.14495833333333333 0.140625
0 0.5925208333333334 0.7204861111111112 0.17627083333333332 0.11458333333333333
0 0.7695624999999999 0.7421944444444445 0.13466666666666666 0.0954861111111111
0 0.7422291666666666 0.844625 0.11641666666666667 0.10590277777777778
0 0.6419583333333333 0.8524305555555556 0.08410416666666666 0.11805555555555555
0 0.6328541666666666 0.9366388888888889 0.09035416666666667 0.043402777777777776
0 0.46491666666666664 0.8932361111111111 0.10497916666666667 0.06076388888888889
0 0.5417291666666666 0.8185833333333333 0.0903125 0.08506944444444445
0 0.41154166666666664 0.8229166666666666 0.08677083333333332 0.06944444444444445
0 0.35554166666666664 0.7430555555555556 0.12064583333333333 0.04861111111111111
0 0.2982708333333333 0.7048611111111112 0.07379166666666667 0.017361111111111112