0 0.07590277777777778 0.1380083857442348 0.15180555555555555 0.24109014675052412
0 0.189125 0.6644444444444444 0.17227777777777778 0.1851781970649895
0 0.4313611111111111 0.13044025157232705 0.06743055555555555 0.12578616352201258
0 0.25080555555555556 0.42278825995807123 0.23812499999999998 0.17937106918238993
0 0.4128472222222222 0.9236058700209644 0.14766666666666667 0.14675052410901468
0 0.5231388888888889 0.3237735849056604 0.18094444444444444 0.27951781970649897
0 0.7322361111111112 0.39366876310272536 0.1971388888888889 0.26555555555555554
0 0.6419861111111111 0.6161215932914046 0.2048333333333333 0.2818448637316562
0 0.9632499999999999 0.5870020964360587 0.07351388888888889 0.14907756813417192
0 0.8664583333333333 0.1339412997903564 0.07375 0.170041928721174
0 0.7275972222222222 0.0850314465408805 0.06752777777777777 0.10947589098532494
0 0.8086111111111112 0.8979664570230608 0.12156944444444445 0.1979874213836478
0 0.25855555555555554 0.22477987421383647 0.19080555555555556 0.20266247379454927
0 0.43137499999999995 0.680167714884696 0.2217361111111111 0.3307756813417191
0 0.9570694444444445 0.9379245283018868 0.08584722222222223 0.12415094339622641
0 0.9281666666666666 0.39949685534591195 0.14223611111111112 0.20731656184486374