0 0.3685625 0.14193055555555556 0.07897916666666666 0.04775
0 0.44279166666666664 0.15581944444444445 0.08508333333333334 0.05643055555555556
0 0.30216666666666664 0.18966666666666668 0.10764583333333334 0.07379166666666667
0 0.2644166666666667 0.25477777777777777 0.09464583333333333 0.06511111111111112
0 0.4375833333333333 0.24783333333333332 0.111125 0.09462499999999999
0 0.3620625 0.26605555555555555 0.076375 0.07031944444444445
0 0.43366666666666664 0.32681944444444444 0.06685416666666667 0.061638888888888896
0 0.2084375 0.3216111111111111 0.09204166666666666 0.08420833333333334
0 0.3295416666666667 0.35459722222222223 0.11889583333333334 0.09983333333333333
0 0.42325 0.382375 0.04602083333333333 0.04427777777777778
0 0.1928125 0.398875 0.10768749999999999 0.08247222222222222
0 0.3282291666666667 0.4440138888888889 0.137125 0.09462499999999999
0 0.36989583333333337 0.5447083333333333 0.11108333333333334 0.10156944444444443
0 0.13943750000000002 0.477 0.11549999999999999 0.0963611111111111
0 0.23450000000000001 0.5516527777777778 0.08499999999999999 0.125875
0 0.401125 0.6462638888888889 0.1163125 0.10330555555555555
0 0.14595833333333333 0.5716111111111111 0.09727083333333333 0.0772638888888889
0 0.2956875 0.6514722222222222 0.09283333333333334 0.079
0 0.13422916666666668 0.6592916666666666 0.12591666666666665 0.08941666666666666
0 0.43368749999999995 0.7295972222222221 0.124125 0.08941666666666666
0 0.27872916666666664 0.7339444444444445 0.13889583333333333 0.09288888888888888
0 0.4063333333333333 0.7981805555555557 0.1006875 0.07031944444444445
0 0.13422916666666668 0.7426250000000001 0.12070833333333333 0.08594444444444445
0 0.2735625 0.8094583333333333 0.17875 0.05816666666666667
0 0.4154583333333333 0.8545972222222221 0.08766666666666666 0.05469444444444445
0 0.338625 0.8684861111111111 0.0555625 0.046013888888888896
0 0.4076458333333333 0.9066805555555555 0.0564375 0.03386111111111111
0 0.28395833333333337 0.8763055555555557 0.04516666666666667 0.03733333333333333
0 0.16287500000000002 0.8459166666666665 0.058229166666666665 0.03906944444444444
0 0.23318750000000002 0.8806388888888889 0.030333333333333334 0.019972222222222225
0 0.6797083333333334 0.15494444444444444 0.07627083333333333 0.08073611111111112
0 0.5924999999999999 0.15668055555555555 0.09452083333333333 0.07379166666666667
0 0.7435208333333333 0.23915277777777777 0.09820833333333333 0.07379166666666667
0 0.5287083333333333 0.18445833333333334 0.06591666666666667 0.04948611111111111
0 0.6302708333333332 0.23827777777777778 0.11639583333333332 0.09983333333333333
0 0.5365208333333332 0.2599861111111111 0.06589583333333333 0.08941666666666666
0 0.7773749999999999 0.3337638888888889 0.11383333333333333 0.09983333333333333
0 0.5612499999999999 0.3355 0.10495833333333333 0.08073611111111112
0 0.6576041666666667 0.34679166666666666 0.103375 0.11545833333333333
0 0.8450624999999999 0.43445833333333334 0.09822916666666666 0.11024999999999999
0 0.5859791666666666 0.39452777777777776 0.09191666666666666 0.04948611111111111
0 0.7513333333333333 0.4474861111111111 0.11383333333333333 0.10156944444444443
0 0.6224375 0.46570833333333334 0.12316666666666666 0.10156944444444443
0 0.8776041666666666 0.5499166666666666 0.08002083333333333 0.10156944444444443
0 0.6380625 0.5829027777777778 0.12314583333333333 0.11719444444444443
0 0.7695624999999999 0.5724861111111111 0.12425 0.1432361111111111
0 0.8945416666666667 0.6506111111111111 0.10866666666666666 0.125875
0 0.6237291666666667 0.7052916666666667 0.157 0.10156944444444443
0 0.7825833333333333 0.7087638888888889 0.11383333333333333 0.14497222222222222
0 0.8828125 0.7287361111111111 0.0591875 0.07379166666666667
0 0.6445624999999999 0.7877638888888889 0.157 0.07552777777777778
0 0.7956041666666667 0.7903611111111111 0.10341666666666667 0.051222222222222225
0 0.8932291666666666 0.8059861111111111 0.05397916666666667 0.04427777777777778
0 0.8021041666666666 0.8320277777777777 0.064375 0.03386111111111111