0 0.4589098532494759 0.5563333333333333 0.4642138364779874 0.2484583333333333
0 0.379769392033543 0.05323611111111111 0.22976939203354296 0.10648611111111111
0 0.24587002096436059 0.9043194444444445 0.12960167714884696 0.13580555555555557
0 0.21442348008385745 0.7353333333333334 0.1179454926624738 0.12191666666666667
0 0.14339622641509436 0.5486111111111112 0.12955974842767295 0.14969444444444444
0 0.11540880503144653 0.3919722222222223 0.21513626834381552 0.12345833333333334
0 0.3529979035639413 0.3912083333333334 0.1808805031446541 0.08795833333333333
0 0.40890985324947593 0.25154166666666666 0.2880293501048218 0.1512361111111111
0 0.6697274633123689 0.28318055555555555 0.19029350104821802 0.17129166666666668
0 0.6580712788259958 0.12345833333333334 0.2568763102725367 0.10802777777777778
0 0.6592243186582809 0.043208333333333335 0.23591194968553458 0.06172222222222222
0 0.11312368972746331 0.15045833333333333 0.19475890985324948 0.13734722222222223
0 0.07614255765199161 0.27005555555555555 0.1522641509433962 0.10494444444444445
0 0.6965199161425577 0.75 0.21593291404612158 0.15740277777777778
0 0.4542767295597484 0.7430555555555556 0.31515723270440255 0.14043055555555556
0 0.719811320754717 0.896611111111111 0.160041928721174 0.1512361111111111
0 0.5392872117400419 0.9074027777777778 0.19169811320754718 0.16666666666666666
0 0.3692662473794549 0.9143472222222223 0.16846960167714883 0.15894444444444444
0 0.6057023060796646 0.3865694444444444 0.3137106918238993 0.12191666666666667
0 0.1468972746331237 0.05555555555555555 0.2576519916142558 0.1111111111111111
0 0.41123689727463314 0.1466111111111111 0.30666666666666664 0.07406944444444444