0 0.07531944444444444 0.2065677966101695 0.0942361111111111 0.16243644067796612
0 0.15113888888888888 0.19597457627118645 0.06663888888888889 0.14476694915254237
0 0.07763888888888888 0.0865042372881356 0.0803611111111111 0.07415254237288135
0 0.15519444444444444 0.0776906779661017 0.09556944444444444 0.0988771186440678
0 0.22866666666666666 0.06180084745762712 0.06434722222222222 0.1200635593220339
0 0.23676388888888888 0.18362288135593222 0.0875 0.13065677966101696
0 0.22925 0.308093220338983 0.04698611111111111 0.09709745762711865
0 0.13202777777777777 0.3398728813559322 0.043305555555555555 0.05120762711864407
0 0.16559722222222223 0.423728813559322 0.056222222222222215 0.0847457627118644
0 0.2749583333333333 0.3204449152542373 0.05973611111111111 0.15360169491525424
0 0.2818888888888889 0.4608050847457627 0.08376388888888889 0.09533898305084745
0 0.36348611111111107 0.4299152542372881 0.086375 0.09709745762711865
0 0.3426388888888889 0.3433898305084746 0.08258333333333333 0.11122881355932203
0 0.37969444444444445 0.2551271186440678 0.10258333333333333 0.12887711864406778
0 0.3177638888888889 0.16154661016949154 0.07911111111111112 0.09709745762711865
0 0.37390277777777775 0.10152542372881357 0.058611111111111114 0.09004237288135593
0 0.3872083333333334 0.05296610169491525 0.09216666666666666 0.1059322033898305
0 0.28247222222222224 0.08915254237288135 0.050194444444444444 0.06885593220338983
0 0.46819444444444447 0.14565677966101695 0.05591666666666666 0.07944915254237288
0 0.5249166666666667 0.12271186440677967 0.06906944444444443 0.09358050847457627
0 0.5966527777777777 0.13860169491525423 0.05125 0.0865042372881356
0 0.5630972222222222 0.10063559322033898 0.05820833333333333 0.12358050847457627
0 0.6360138888888889 0.09004237288135593 0.07143055555555555 0.0988771186440678
0 0.681138888888889 0.07326271186440678 0.08995833333333333 0.11122881355932203
0 0.5266527777777777 0.19421610169491527 0.06791666666666667 0.09180084745762712
0 0.49019444444444443 0.3125 0.059805555555555556 0.1271186440677966
0 0.4577916666666667 0.22686440677966102 0.06518055555555556 0.08298728813559322
0 0.4496944444444444 0.363707627118644 0.041277777777777774 0.13771186440677965
0 0.4109166666666667 0.3743008474576271 0.04784722222222223 0.13771186440677965
0 0.47977777777777775 0.398135593220339 0.043597222222222225 0.06885593220338983
0 0.5625277777777777 0.3389830508474576 0.08181944444444444 0.18713983050847458
0 0.6215416666666667 0.3963559322033899 0.04480555555555555 0.08298728813559322
0 0.6556805555555555 0.4193220338983051 0.04829166666666667 0.12182203389830508
0 0.5775694444444445 0.5022881355932204 0.05405555555555556 0.07239406779661017
0 0.7210555555555556 0.4334322033898305 0.061625 0.08298728813559322
0 0.5133194444444444 0.019427966101694914 0.16005555555555556 0.03883474576271186
0 0.12334722222222222 0.4581567796610169 0.06761111111111111 0.09709745762711865
0 0.05623611111111111 0.4678601694915254 0.058375 0.10239406779661017
0 0.040138888888888884 0.5640889830508474 0.08027777777777777 0.12182203389830508
0 0.04466666666666666 0.6929661016949152 0.08048611111111112 0.06885593220338983
0 0.09790277777777777 0.6514830508474576 0.06893055555555556 0.09180084745762712
0 0.14534722222222224 0.5852754237288136 0.12218055555555556 0.15360169491525424
0 0.23793055555555556 0.534957627118644 0.08518055555555555 0.13417372881355932
0 0.3183472222222222 0.569385593220339 0.05395833333333334 0.0865042372881356
0 0.3744722222222222 0.5773305084745762 0.08059722222222222 0.10239406779661017
0 0.44101388888888887 0.5896822033898305 0.06556944444444444 0.12358050847457627
0 0.44852777777777775 0.4916949152542373 0.07444444444444445 0.10063559322033898
0 0.5642638888888889 0.4890466101694915 0.05520833333333333 0.11652542372881355
0 0.622125 0.503177966101695 0.043652777777777776 0.12358050847457627
0 0.7337777777777779 0.5879237288135594 0.05698611111111111 0.09180084745762712
0 0.7754583333333334 0.5473093220338983 0.07956944444444444 0.15536016949152542
0 0.8084305555555557 0.4590466101694915 0.09231944444444444 0.13417372881355932
0 0.8223194444444445 0.5570338983050848 0.05529166666666667 0.13241525423728814
0 0.9172083333333333 0.6276483050847458 0.053 0.06180084745762712
0 0.958861111111111 0.605572033898305 0.055763888888888884 0.08120762711864406
0 0.9822777777777778 0.5631991525423728 0.035444444444444445 0.09533898305084745
0 0.5133472222222223 0.6179449152542373 0.0806388888888889 0.1059322033898305
0 0.47052777777777777 0.680614406779661 0.09451388888888888 0.09004237288135593
0 0.3900972222222222 0.7026906779661017 0.06555555555555556 0.0988771186440678
0 0.024194444444444446 0.8756991525423728 0.04838888888888889 0.1271186440677966
0 0.05798611111111111 0.9136652542372882 0.07470833333333333 0.12182203389830508
0 0.0938611111111111 0.8704025423728813 0.10480555555555554 0.12358050847457627
0 0.16618055555555555 0.8907203389830509 0.0435 0.06885593220338983
0 0.26048611111111114 0.9383898305084746 0.056263888888888884 0.10417372881355932
0 0.20898611111111112 0.8554025423728814 0.07915277777777778 0.10417372881355932
0 0.2593333333333333 0.8130296610169492 0.07940277777777778 0.11122881355932203
0 0.3189166666666667 0.7741949152542373 0.07680555555555556 0.12887711864406778
0 0.36754166666666666 0.7583050847457627 0.09448611111111112 0.10417372881355932
0 0.2257638888888889 0.78125 0.06641666666666667 0.05826271186440678
0 0.5781388888888889 0.7335805084745762 0.050583333333333334 0.0865042372881356
0 0.42769444444444443 0.8854237288135594 0.062875 0.06531779661016948
0 0.509875 0.8077330508474576 0.05518055555555555 0.0865042372881356
0 0.6695555555555556 0.6876694915254237 0.05816666666666667 0.07591101694915253
0 0.7314722222222222 0.7353389830508474 0.05930555555555556 0.07591101694915253
0 0.6689722222222223 0.7724152542372881 0.059333333333333335 0.07944915254237288
0 0.6493194444444444 0.8351059322033899 0.07490277777777778 0.07415254237288135
0 0.7227916666666666 0.8315677966101694 0.05988888888888889 0.08120762711864406
0 0.7760277777777778 0.8086228813559322 0.052958333333333336 0.07415254237288135
0 0.5868194444444444 0.9189618644067796 0.06166666666666666 0.08298728813559322
0 0.7210555555555556 0.926906779661017 0.05177777777777778 0.0847457627118644
0 0.6712916666666666 0.9533898305084746 0.05469444444444445 0.0847457627118644
0 0.795125 0.956927966101695 0.09809722222222221 0.0635593220338983
0 0.8662916666666667 0.8933686440677966 0.08306944444444445 0.08828389830508475
0 0.9143055555555555 0.8174364406779661 0.06155555555555556 0.08828389830508475
0 0.9554027777777777 0.8704025423728813 0.06690277777777778 0.08120762711864406
0 0.9840138888888889 0.791843220338983 0.03198611111111111 0.11828389830508475
0 0.9368888888888888 0.9525 0.06458333333333334 0.07944915254237288
0 0.7823888888888889 0.1209322033898305 0.05002777777777778 0.07591101694915253
0 0.8246388888888889 0.10328389830508475 0.050666666666666665 0.07239406779661017