0 0.37461215932914044 0.4375 0.09071278825995807 0.044194444444444446
0 0.29553459119496855 0.4387638888888889 0.09415094339622641 0.04672222222222222
0 0.2040670859538784 0.46338888888888885 0.09417190775681342 0.050499999999999996
0 0.20599580712788262 0.5625 0.11163522012578617 0.08206944444444444
0 0.3155555555555556 0.5416666666666666 0.09450733752620545 0.04545833333333333
0 0.420356394129979 0.523986111111111 0.0869392033542977 0.05302777777777778
0 0.2250524109014675 0.6313194444444444 0.13832285115303983 0.08333333333333333
0 0.680461215932914 0.5044166666666666 0.1308595387840671 0.06438888888888888
0 0.8052830188679245 0.5157777777777778 0.1289727463312369 0.0745
0 0.9053249475890984 0.5100972222222222 0.1080503144654088 0.10354166666666666
0 0.890062893081761 0.6066944444444444 0.10423480083857442 0.10479166666666667
0 0.660440251572327 0.41855555555555557 0.08067085953878406 0.041666666666666664
0 0.7290566037735848 0.41540277777777773 0.09083857442348008 0.050499999999999996
0 0.809077568134172 0.4261388888888889 0.07180293501048218 0.041666666666666664
0 0.8557651991614256 0.43118055555555557 0.05467505241090147 0.05429166666666667
0 0.8881551362683437 0.6906527777777778 0.08517819706498952 0.06565277777777778
0 0.20979035639412996 0.7083333333333334 0.0849475890985325 0.07576388888888888
0 0.3346121593291405 0.5934305555555556 0.10213836477987422 0.07323611111111111
0 0.46610062893081766 0.8573194444444444 0.10981132075471699 0.08080555555555556
0 0.5604192872117401 0.8289166666666667 0.09268343815513627 0.056819444444444436
0 0.6509224318658281 0.8289166666666667 0.0870020964360587 0.06691666666666667
0 0.7119077568134171 0.8169166666666666 0.07941299790356394 0.06061111111111111
0 0.7795387840670859 0.787875 0.06989517819706499 0.06818055555555556
0 0.37461215932914044 0.8282777777777778 0.10364779874213836 0.07070833333333333