0 0.2798611111111111 0.3275681341719078 0.10748611111111112 0.12404612159329141
0 0.3574166666666666 0.3528930817610063 0.08695833333333333 0.16771488469601678
0 0.20174999999999998 0.33979035639413 0.08552777777777777 0.12054507337526206
0 0.23590277777777777 0.43150943396226416 0.10775 0.12228511530398323
0 0.3180694444444444 0.45161425576519915 0.0985138888888889 0.16247379454926625
0 0.39038888888888884 0.5441928721174004 0.09969444444444445 0.14849056603773583
0 0.46329166666666666 0.6210691823899371 0.06731944444444445 0.1380083857442348
0 0.2659722222222222 0.5538155136268345 0.13526388888888888 0.12928721174004193
0 0.33484722222222224 0.5887421383647798 0.07884722222222222 0.16771488469601678
0 0.15315277777777778 0.42102725366876315 0.09479166666666666 0.13276729559748426
0 0.11959722222222222 0.49878406708595385 0.07877777777777778 0.15549266247379456
0 0.08083333333333334 0.5913626834381551 0.059083333333333335 0.15549266247379456
0 0.1491111111111111 0.6761006289308176 0.09383333333333334 0.11180293501048218
0 0.10918055555555556 0.7127882599580713 0.06256944444444444 0.08735849056603774
0 0.21044444444444446 0.6883228511530398 0.11468055555555555 0.12928721174004193
0 0.2926111111111111 0.6664989517819707 0.08230555555555555 0.1310272536687631
0 0.39616666666666667 0.6525157232704403 0.048777777777777774 0.08211740041928721
0 0.2469027777777778 0.5441928721174004 0.10659722222222222 0.11006289308176101
0 0.5101527777777778 0.04716981132075472 0.09815277777777778 0.08385744234800839
0 0.5946388888888888 0.057651991614255764 0.07777777777777778 0.09784067085953879
0 0.6605972222222222 0.03580712788259958 0.05002777777777778 0.07163522012578617
0 0.7248194444444445 0.025324947589098534 0.041944444444444444 0.05067085953878407
0 0.9712777777777778 0.03756813417190776 0.057444444444444444 0.0751153039832285
0 0.6443888888888889 0.34853249475890985 0.08884722222222222 0.08909853249475891
0 0.7167222222222221 0.3642557651991614 0.10443055555555555 0.1170440251572327
0 0.796 0.3834800838574423 0.08941666666666666 0.179937106918239
0 0.67275 0.45685534591194965 0.09284722222222222 0.1450104821802935
0 0.614875 0.469958071278826 0.06455555555555555 0.15723270440251572
0 0.7572222222222222 0.4917819706498952 0.07204166666666666 0.1519916142557652
0 0.6559583333333333 0.5782599580712788 0.09577777777777777 0.07337526205450734
0 0.6073611111111111 0.580880503144654 0.028680555555555553 0.05415094339622641
0 0.7311944444444445 0.590503144654088 0.07551388888888888 0.08385744234800839
0 0.8023611111111112 0.5957442348008386 0.06511111111111112 0.09784067085953879
0 0.855013888888889 0.5476939203354297 0.05934722222222222 0.07861635220125786
0 0.8185416666666667 0.5136268343815513 0.048277777777777774 0.09083857442348008
0 0.881625 0.4769392033542977 0.08481944444444445 0.15025157232704403
0 0.9412222222222222 0.5546750524109014 0.08830555555555555 0.04018867924528302