0 0.60475 0.32985416666666667 0.06976388888888889 0.07985416666666666
0 0.7546111111111112 0.32379166666666664 0.07318055555555555 0.1024375
0 0.8414166666666667 0.41839583333333336 0.06570833333333334 0.10416666666666667
0 0.7586666666666667 0.46962499999999996 0.06740277777777778 0.1163125
0 0.8304166666666666 0.5364583333333334 0.05991666666666667 0.13889583333333333
0 0.6111111111111112 0.4401041666666667 0.05934722222222222 0.08854166666666667
0 0.6857638888888888 0.3932291666666667 0.0645 0.14410416666666667
0 0.7025416666666666 0.5737916666666667 0.08015277777777778 0.09547916666666666
0 0.7777638888888889 0.5980833333333333 0.06569444444444444 0.14756249999999999
0 0.7158472222222222 0.6875 0.050625 0.13193749999999999
0 0.6539305555555556 0.75 0.07552777777777778 0.11110416666666666
0 0.6417916666666666 0.8637083333333333 0.08299999999999999 0.13368750000000001
0 0.709486111111111 0.8689166666666667 0.07723611111111112 0.14410416666666667
0 0.7505694444444444 0.8029583333333333 0.08072222222222222 0.09547916666666666
0 0.6388888888888888 0.6137083333333333 0.09405555555555556 0.13368750000000001
0 0.6064861111111112 0.5130208333333334 0.1056388888888889 0.08160416666666667
0 0.5202777777777778 0.5477500000000001 0.07441666666666666 0.13020833333333334
0 0.5630972222222222 0.6709999999999999 0.05056944444444444 0.16493750000000001
0 0.5058055555555556 0.7421875 0.07558333333333334 0.1163125
0 0.57525 0.8185833333333333 0.07256944444444445 0.13020833333333334
0 0.508125 0.6536458333333334 0.09177777777777778 0.0850625
0 0.43926388888888884 0.5625 0.08601388888888889 0.1006875
0 0.4444861111111111 0.6901041666666666 0.07251388888888889 0.17535416666666667
0 0.5266388888888889 0.39931249999999996 0.10797222222222222 0.14235416666666667
0 0.4415833333333333 0.35589583333333336 0.0767638888888889 0.14235416666666667
0 0.4415972222222222 0.43316666666666664 0.06673611111111111 0.1024375
0 0.3837222222222222 0.32985416666666667 0.07447222222222222 0.10764583333333334
0 0.3484305555555556 0.22135416666666666 0.08952777777777778 0.09202083333333334
0 0.30619444444444444 0.3125 0.0652361111111111 0.1006875
0 0.3542222222222222 0.43402083333333336 0.077125 0.12152083333333333
0 0.29808333333333337 0.40797916666666667 0.06755555555555556 0.1006875
0 0.3733194444444445 0.5607708333333333 0.07133333333333333 0.15625
0 0.45490277777777777 0.8055625000000001 0.06094444444444445 0.052083333333333336
0 0.3981944444444444 0.7308958333333333 0.0663611111111111 0.12847916666666667
0 0.2818888888888889 0.12672916666666667 0.06061111111111111 0.0868125
0 0.19336111111111112 0.29079166666666667 0.05948611111111111 0.08854166666666667
0 0.20956944444444442 0.40016666666666667 0.060875 0.09547916666666666
0 0.20725 0.5711875000000001 0.078 0.0868125
0 0.3131388888888889 0.609375 0.050486111111111114 0.10764583333333334
0 0.12219444444444445 0.5885416666666666 0.044472222222222225 0.05902083333333333
0 0.3166111111111111 0.7447916666666666 0.059750000000000004 0.09375
0 0.14418055555555556 0.7230833333333333 0.086125 0.078125
0 0.24255555555555552 0.7126666666666667 0.057402777777777775 0.09547916666666666
0 0.0811111111111111 0.6675416666666667 0.06183333333333334 0.09547916666666666
0 0.1366666666666667 0.4765625 0.052555555555555564 0.07464583333333333
0 0.15286111111111111 0.38629166666666664 0.04793055555555555 0.09547916666666666
0 0.20088888888888887 0.19010416666666666 0.07220833333333333 0.09202083333333334
0 0.8304027777777777 0.734375 0.06737499999999999 0.0555625
0 0.8900138888888888 0.7196250000000001 0.056472222222222215 0.13714583333333333