0 0.25390277777777776 0.12774261603375528 0.22911111111111113 0.22784810126582278
0 0.50475 0.11814345991561181 0.21816666666666668 0.2009915611814346
0 0.7497777777777779 0.13675105485232067 0.20066666666666666 0.24970464135021098
0 0.9204722222222222 0.13118143459915613 0.09759722222222221 0.2270886075949367
0 0.4080416666666667 0.35040084388185655 0.2217361111111111 0.14767932489451477
0 0.6664583333333334 0.36478902953586495 0.18554166666666666 0.2109704641350211
0 0.8421944444444445 0.37763713080168776 0.09256944444444445 0.14843881856540084
0 0.37256944444444445 0.6121940928270042 0.11898611111111111 0.13656118143459917
0 0.5445138888888889 0.6106540084388186 0.1285277777777778 0.12734177215189874
0 0.7242916666666667 0.61373417721519 0.10422222222222223 0.11814345991561181
0 0.41209722222222217 0.8001476793248945 0.07831944444444444 0.15343881856540084
0 0.7001805555555556 0.7750210970464135 0.06358333333333334 0.130042194092827