0 0.26280555555555557 0.22135416666666666 0.08402777777777778 0.1024375
0 0.32934722222222224 0.23697916666666666 0.057430555555555554 0.08854166666666667
0 0.44101388888888887 0.09895833333333333 0.07715277777777778 0.10764583333333334
0 0.4369722222222222 0.22829166666666667 0.07136111111111111 0.11979166666666667
0 0.5220277777777778 0.22829166666666667 0.098 0.13714583333333333
0 0.6030277777777778 0.20224999999999999 0.08877777777777777 0.15452083333333333
0 0.5150694444444445 0.1163125 0.07094444444444445 0.09722916666666667
0 0.5989861111111111 0.09635416666666667 0.09918055555555555 0.10589583333333333
0 0.6863472222222222 0.1163125 0.07259722222222223 0.14235416666666667
0 0.763875 0.13889583333333333 0.07956944444444444 0.14235416666666667
0 0.8466250000000001 0.15625 0.0900138888888889 0.14583333333333334
0 0.946138888888889 0.16666666666666666 0.10161111111111111 0.14931250000000001
0 0.6834583333333333 0.25954166666666667 0.08301388888888889 0.140625
0 0.7656111111111111 0.2890625 0.07609722222222222 0.13714583333333333
0 0.8367916666666667 0.31683333333333336 0.07727777777777778 0.16493750000000001
0 0.9282083333333333 0.34808333333333336 0.08656944444444445 0.203125
0 0.9846944444444444 0.34375 0.03061111111111111 0.20833333333333334
0 0.1962638888888889 0.5512083333333333 0.0921111111111111 0.10589583333333333
0 0.1870138888888889 0.6657916666666667 0.08516666666666667 0.109375
0 0.2714861111111111 0.6336875000000001 0.0875 0.10764583333333334
0 0.3646388888888889 0.6223958333333334 0.08869444444444444 0.12327083333333334
0 0.27494444444444444 0.5217083333333333 0.08838888888888889 0.1163125
0 0.3715833333333334 0.5052083333333334 0.09795833333333334 0.1180625
0 0.4572222222222222 0.5217083333333333 0.09104166666666666 0.18577083333333333
0 0.5422777777777777 0.49391666666666667 0.07370833333333333 0.18922916666666667
0 0.6331111111111111 0.5034791666666666 0.10036111111111112 0.19443749999999999
0 0.7297499999999999 0.46441666666666664 0.08765277777777777 0.17535416666666667
0 0.8159583333333333 0.46702083333333333 0.06338888888888888 0.15625
0 0.45433333333333337 0.6302083333333334 0.09451388888888888 0.07639583333333334
0 0.5480555555555556 0.6371458333333333 0.1014861111111111 0.09027083333333333
0 0.6493194444444444 0.6145833333333334 0.09804166666666667 0.0694375
0 0.7447916666666666 0.609375 0.09461111111111112 0.12152083333333333
0 0.835625 0.59375 0.10505555555555555 0.11110416666666666
0 0.9438333333333333 0.5529583333333333 0.10161111111111111 0.21006249999999999
0 0.8732222222222222 0.4635416666666667 0.06041666666666667 0.16318749999999999
0 0.9522916666666666 0.7421875 0.09540277777777778 0.19618750000000001
0 0.8176944444444445 0.6961875000000001 0.09 0.17360416666666667
0 0.21304166666666666 0.8854166666666666 0.06781944444444445 0.125
0 0.2512361111111111 0.8446250000000001 0.10254166666666667 0.140625
0 0.32993055555555556 0.8498333333333333 0.091 0.16145833333333334
0 0.41729166666666667 0.8524375000000001 0.1083888888888889 0.17014583333333333
0 0.4983055555555555 0.8220416666666667 0.06675 0.13714583333333333
0 0.5694722222222222 0.8168333333333333 0.09802777777777777 0.15452083333333333
0 0.5393888888888889 0.9340208333333333 0.16976388888888888 0.07639583333333334
0 0.6562638888888889 0.9157916666666667 0.06101388888888889 0.10589583333333333
0 0.7332222222222222 0.8880208333333334 0.09229166666666667 0.12672916666666667
0 0.8194305555555556 0.8663124999999999 0.09347222222222222 0.17708333333333334
0 0.6464027777777778 0.7734375 0.08594444444444445 0.13368750000000001
0 0.7309027777777778 0.7552083333333334 0.09923611111111111 0.16318749999999999
0 0.8049583333333334 0.9878541666666667 0.08768055555555555 0.020833333333333332