0 0.6903974895397489 0.03993055555555555 0.13410041841004183 0.06944444444444445
0 0.5688284518828451 0.05816666666666667 0.11062761506276152 0.078125
0 0.47468619246861926 0.0920138888888889 0.1263389121338912 0.09027777777777778
0 0.3400418410041841 0.08333333333333333 0.07148535564853557 0.06597222222222222
0 0.3544142259414226 0.027777777777777776 0.10546025104602509 0.041666666666666664
0 0.26552301255230126 0.1415 0.11071129707112971 0.07118055555555555
0 0.23284518828451883 0.21615277777777778 0.13426778242677825 0.07465277777777778
0 0.3858158995815899 0.23958333333333334 0.14554393305439328 0.08680555555555555
0 0.3779497907949791 0.16145833333333334 0.12635983263598327 0.08680555555555555
0 0.5296234309623431 0.1857638888888889 0.1299163179916318 0.13194444444444445
0 0.6590376569037657 0.18316666666666667 0.12211297071129706 0.1232638888888889
0 0.7453138075313808 0.16059722222222222 0.0646234309623431 0.13020833333333334
0 0.26552301255230126 0.2986111111111111 0.1316317991631799 0.06944444444444445
0 0.45380753138075314 0.329 0.18217573221757322 0.09895833333333333
0 0.6002301255230126 0.30990277777777775 0.19269874476987447 0.11284722222222222
0 0.747949790794979 0.30816666666666664 0.11690376569037657 0.13368055555555555
0 0.2982008368200837 0.407125 0.18652719665271966 0.08854166666666667
0 0.4367991631799163 0.4427083333333333 0.13248953974895397 0.1111111111111111
0 0.5976150627615063 0.4392361111111111 0.16654811715481171 0.125
0 0.7348744769874477 0.438375 0.11690376569037657 0.13020833333333334
0 0.30343096234309624 0.5026111111111111 0.13947698744769874 0.08159722222222222
0 0.43288702928870293 0.5625 0.13510460251046025 0.1076388888888889
0 0.3230543933054393 0.6154583333333333 0.13161087866108787 0.11284722222222222
0 0.5923640167364016 0.6033055555555555 0.12993723849372385 0.18229166666666666
0 0.7401046025104602 0.5920138888888888 0.15874476987447697 0.1527777777777778
0 0.4655439330543933 0.6519166666666667 0.12372384937238494 0.08506944444444445
0 0.38320083682008366 0.7777777777777778 0.15077405857740583 0.1527777777777778
0 0.5296234309623431 0.7751805555555555 0.1299163179916318 0.1545138888888889
0 0.6930334728033473 0.7838611111111111 0.18487447698744772 0.171875
0 0.823765690376569 0.7638888888888888 0.14307531380753138 0.1701388888888889
0 0.6485564853556485 0.6770833333333334 0.17073221757322177 0.06597222222222222
0 0.9309623430962343 0.8967083333333333 0.10652719665271967 0.109375
0 0.8250627615062761 0.9175416666666667 0.08817991631799163 0.13368055555555555
0 0.4080125523012552 0.907125 0.19171548117154813 0.08506944444444445
0 0.5779916317991631 0.9201388888888888 0.15868200836820082 0.125
0 0.7008786610878661 0.9192777777777777 0.11167364016736402 0.11631944444444445
0 0.9205020920502092 0.969625 0.08560669456066947 0.06076388888888889
0 0.4380753138075314 0.9748333333333333 0.2675313807531381 0.050347222222222224
0 0.7152719665271966 0.9800416666666667 0.2607112970711297 0.03993055555555555
0 0.21976987447698745 0.03386111111111111 0.09242677824267782 0.050347222222222224