0 0.8280922431865828 0.050347222222222224 0.14482180293501049 0.08680555555555555
0 0.6813626834381551 0.04513888888888889 0.1972746331236897 0.0798611111111111
0 0.46519916142557655 0.04948611111111111 0.18425576519916143 0.08854166666666667
0 0.3132494758909853 0.05469444444444445 0.1318867924528302 0.08159722222222222
0 0.1560377358490566 0.05381944444444445 0.20530398322851154 0.08680555555555555
0 0.12723270440251572 0.16580555555555554 0.20865828092243185 0.0954861111111111
0 0.3329140461215933 0.17795833333333333 0.18513626834381552 0.14756944444444445
0 0.500607966457023 0.15365277777777778 0.16947589098532495 0.1232638888888889
0 0.6735220125786163 0.17622222222222222 0.1590566037735849 0.1684027777777778
0 0.8359748427672956 0.18055555555555555 0.14339622641509436 0.1597222222222222
0 0.11886792452830189 0.2881944444444444 0.23773584905660378 0.09027777777777778
0 0.3460167714884696 0.3315972222222222 0.19037735849056603 0.14583333333333334
0 0.520251572327044 0.3012222222222222 0.20878406708595387 0.15104166666666666
0 0.7089098532494759 0.344625 0.15645702306079665 0.1579861111111111
0 0.8595597484276729 0.3420138888888889 0.11719077568134172 0.14583333333333334
0 0.11283018867924528 0.41580555555555554 0.20079664570230607 0.140625
0 0.30932914046121596 0.4965277777777778 0.1589308176100629 0.15625
0 0.5019287211740042 0.49740277777777775 0.24547169811320754 0.19270833333333334
0 0.7062893081761006 0.5147638888888889 0.1616771488469602 0.2065972222222222
0 0.8438364779874213 0.5069444444444444 0.11719077568134172 0.19791666666666666
0 0.12331236897274633 0.6015694444444445 0.2060377358490566 0.22395833333333334
0 0.37876310272536684 0.6658055555555555 0.14584905660377356 0.171875
0 0.6054088050314465 0.7161527777777777 0.1537945492662474 0.2517361111111111
0 0.25035639412997907 0.6744861111111111 0.13190775681341718 0.1996527777777778
0 0.750817610062893 0.7100694444444444 0.14073375262054508 0.1840277777777778
0 0.8412159329140461 0.6953194444444445 0.0909853249475891 0.17881944444444445
0 0.45867924528301884 0.8359444444444445 0.22186582809224317 0.19270833333333334
0 0.23855345911949688 0.8576388888888888 0.22362683438155137 0.2048611111111111
0 0.11672955974842768 0.7395833333333334 0.1529140461215933 0.052083333333333336
0 0.060398322851153034 0.8680555555555556 0.10840670859538784 0.20833333333333334
0 0.41020964360587 0.9409722222222222 0.20874213836477987 0.06944444444444445
0 0.22285115303983227 0.969625 0.19742138364779874 0.06076388888888889
0 0.6420964360587001 0.953125 0.22716981132075473 0.06944444444444445
0 0.7259329140461216 0.9166666666666666 0.21146750524109015 0.16666666666666666
0 0.7757232704402516 0.8203194444444445 0.2062473794549266 0.06076388888888889
0 0.4520964360587002 0.9869861111111111 0.21046121593291406 0.026041666666666668