0 0.27441666666666664 0.03780555555555555 0.14731249999999999 0.0663611111111111
0 0.4144375 0.04783333333333333 0.1404166666666667 0.09568055555555556
0 0.5498333333333334 0.05477777777777777 0.14277083333333335 0.09105555555555556
0 0.7002708333333333 0.08411111111111111 0.16135416666666666 0.14351388888888889
0 0.2767291666666667 0.22530555555555556 0.14731249999999999 0.09259722222222222
0 0.28829166666666667 0.11883333333333333 0.1380625 0.07098611111111111
0 0.452625 0.1743888888888889 0.12422916666666667 0.08025
0 0.5486666666666667 0.1859583333333333 0.10806249999999999 0.09105555555555556
0 0.6794375 0.22916666666666666 0.1289375 0.08795833333333333
0 0.8622708333333333 0.25540277777777776 0.11972916666666666 0.084875
0 0.9178125 0.19290277777777776 0.07810416666666667 0.06481944444444444
0 0.5359375 0.26080555555555557 0.09185416666666667 0.058638888888888886
0 0.421375 0.26775 0.10339583333333334 0.10338888888888889
0 0.3079791666666667 0.33411111111111114 0.131125 0.11265277777777778
0 0.6192708333333333 0.37422222222222223 0.12429166666666666 0.10030555555555555
0 0.7164583333333333 0.37345833333333334 0.1104375 0.0895
0 0.8229375 0.3441388888888889 0.09195833333333334 0.1111111111111111
0 0.5162708333333333 0.31172222222222223 0.1219375 0.08333333333333333
0 0.6667083333333333 0.2955277777777778 0.11735416666666666 0.050930555555555555
0 0.7465416666666667 0.29783333333333334 0.050270833333333334 0.06172222222222222
0 0.43872916666666667 0.3680555555555556 0.12885416666666666 0.0941388888888889
0 0.5313125 0.40355555555555556 0.11037499999999999 0.11573611111111111
0 0.2836666666666667 0.45755555555555555 0.1519375 0.10648611111111111
0 0.4294791666666667 0.4760833333333333 0.12885416666666666 0.10648611111111111
0 0.5498333333333334 0.5 0.115 0.08333333333333333
0 0.6829166666666667 0.4837916666666666 0.135875 0.11265277777777778
0 0.8067291666666667 0.4699027777777778 0.11508333333333334 0.11573611111111111
0 0.38666666666666666 0.5756111111111111 0.15429166666666666 0.09876388888888889
0 0.5417291666666666 0.5833333333333334 0.14508333333333334 0.0895
0 0.6782916666666666 0.5995416666666666 0.14977083333333333 0.10956944444444444
0 0.8021041666666666 0.5902777777777778 0.13360416666666666 0.125
0 0.3079791666666667 0.6766944444444445 0.15427083333333333 0.10030555555555555
0 0.4688333333333333 0.6975277777777779 0.152 0.14197222222222222
0 0.6065416666666666 0.7044722222222223 0.12660416666666668 0.1466111111111111
0 0.7430833333333333 0.7199027777777778 0.12664583333333332 0.125
0 0.8669166666666667 0.7114166666666667 0.16602083333333334 0.1388888888888889
0 0.6400833333333333 0.8209861111111111 0.12891666666666668 0.06790277777777778
0 0.7754791666666667 0.8263888888888888 0.14054166666666665 0.09722222222222222
0 0.9016249999999999 0.8287083333333333 0.13827083333333334 0.09876388888888889
0 0.9497916666666666 0.9097222222222222 0.10039583333333332 0.10648611111111111
0 0.268625 0.9475277777777779 0.11722916666666668 0.10494444444444445
0 0.38666666666666666 0.9621944444444444 0.13114583333333335 0.0756111111111111
0 0.1228125 0.4652777777777778 0.10329166666666666 0.0663611111111111
0 0.030520833333333334 0.4691388888888888 0.06104166666666667 0.11419444444444445
0 0.051354166666666666 0.36883333333333335 0.10270833333333333 0.06481944444444444
0 0.1274375 0.35108333333333336 0.1171875 0.08179166666666667
0 0.04441666666666667 0.23997222222222223 0.0888125 0.09105555555555556