0 0.2940416666666667 0.4095974576271187 0.04094444444444444 0.0565042372881356
0 0.32587499999999997 0.4863983050847458 0.043555555555555556 0.10063559322033898
0 0.23618055555555556 0.3707627118644068 0.06409722222222222 0.0353177966101695
0 0.17773611111111112 0.3840042372881356 0.05138888888888889 0.030021186440677965
0 0.1493888888888889 0.4352118644067796 0.027097222222222224 0.03353813559322034
0 0.13781944444444444 0.4934745762711864 0.017847222222222223 0.07944915254237288
0 0.3461111111111111 0.5684957627118644 0.0756388888888889 0.0635593220338983
0 0.18179166666666666 0.6673728813559322 0.06875 0.07061440677966101
0 0.24081944444444442 0.6832627118644068 0.05393055555555555 0.08120762711864406
0 0.29000000000000004 0.6717796610169491 0.043541666666666666 0.07591101694915253
0 0.33165277777777774 0.6285381355932204 0.050499999999999996 0.0565042372881356
0 0.5764027777777778 0.9445550847457627 0.0547361111111111 0.060021186440677964
0 0.6255972222222222 0.9419067796610169 0.0644861111111111 0.09004237288135593
0 0.6834583333333333 0.9172033898305085 0.059875 0.09709745762711865
0 0.5573055555555555 0.9819915254237288 0.09755555555555555 0.036016949152542374
0 0.6134305555555556 0.7697669491525423 0.06397222222222222 0.1200635593220339
0 0.6788194444444444 0.7724152542372881 0.08069444444444444 0.13241525423728814
0 0.5677222222222222 0.8456991525423729 0.07440277777777778 0.08828389830508475
0 0.6279027777777777 0.8509957627118644 0.0644861111111111 0.09533898305084745
0 0.6973472222222222 0.8545127118644067 0.09459722222222222 0.0988771186440678
0 0.5474722222222222 0.8871822033898306 0.11259722222222221 0.07944915254237288
0 0.5005972222222222 0.9533898305084746 0.09988888888888889 0.07415254237288135
0 0.48093055555555553 0.9083686440677966 0.03740277777777778 0.05120762711864407
0 0.6319444444444444 0.8677542372881356 0.04776388888888889 0.06180084745762712
0 0.9782222222222223 0.11652542372881355 0.043555555555555556 0.1059322033898305
0 0.9846944444444444 0.21891949152542373 0.03061111111111111 0.11298728813559322
0 0.9789027777777777 0.3292796610169491 0.042180555555555554 0.12182203389830508
0 0.7679166666666666 0.2869067796610169 0.05351388888888889 0.05472457627118644
0 0.893486111111111 0.3380932203389831 0.07036111111111111 0.14654661016949153
0 0.8448749999999999 0.353114406779661 0.08009722222222222 0.14476694915254237
0 0.8986944444444444 0.4555084745762712 0.08077777777777777 0.1271186440677966
0 0.7441944444444445 0.3743008474576271 0.11252777777777777 0.14476694915254237
0 0.8113194444444444 0.4563983050847457 0.06801388888888889 0.15713983050847458
0 0.8581944444444444 0.4934745762711864 0.04836111111111111 0.1641949152542373
0 0.7424583333333334 0.4872881355932203 0.10212500000000001 0.10947033898305085
0 0.7939722222222222 0.5570338983050848 0.08883333333333333 0.11828389830508475
0 0.6545138888888888 0.4449152542372881 0.12297222222222223 0.0988771186440678
0 0.6510555555555555 0.5261228813559322 0.06218055555555556 0.14125000000000001
0 0.5735 0.4802330508474576 0.11375 0.1200635593220339
0 0.48730555555555555 0.5508474576271186 0.06790277777777778 0.16243644067796612
0 0.4340694444444444 0.5852754237288136 0.05709722222222222 0.1076906779661017
0 0.458375 0.6532415254237288 0.1072361111111111 0.05296610169491525
0 0.5416944444444444 0.6161652542372881 0.06329166666666666 0.1271186440677966
0 0.5949305555555556 0.590572033898305 0.0748888888888889 0.15006355932203388
0 0.6597361111111111 0.6135169491525423 0.07259722222222223 0.10417372881355932
0 0.7118055555555556 0.6064618644067796 0.056402777777777774 0.13947033898305083
0 0.7661944444444444 0.6029237288135593 0.06105555555555556 0.11828389830508475
0 0.6637638888888889 0.6859110169491526 0.14843055555555557 0.030021186440677965
0 0.5115972222222223 0.4652118644067797 0.05243055555555556 0.07591101694915253
0 0.5787083333333334 0.4201906779661017 0.06166666666666666 0.0635593220338983