0 0.9440461215932914 0.39452777777777776 0.11067085953878407 0.11372222222222221
0 0.8339832285115304 0.39105555555555555 0.08849056603773585 0.09809722222222221
0 0.750146750524109 0.40929166666666666 0.10423480083857442 0.09983333333333333
0 0.9361844863731656 0.49609722222222224 0.11067085953878407 0.0772638888888889
0 0.9571488469601677 0.5594583333333334 0.06876310272536687 0.06511111111111112
0 0.8025576519916142 0.5325555555555556 0.11469601677148847 0.08247222222222222
0 0.9296436058700209 0.6627638888888889 0.1290146750524109 0.1119861111111111
0 0.7907547169811321 0.6497361111111111 0.13828092243186582 0.09809722222222221
0 0.39381551362683437 0.28429166666666666 0.12008385744234801 0.12413888888888888
0 0.5366247379454927 0.2877638888888889 0.1131656184486373 0.10504166666666666
0 0.5051572327044025 0.19054166666666666 0.15935010482180295 0.07205555555555555
0 0.641425576519916 0.3997361111111111 0.0870020964360587 0.08941666666666666
0 0.4475052410901468 0.4309861111111111 0.2379664570230608 0.09462499999999999
0 0.6283228511530398 0.5177916666666667 0.0869811320754717 0.08941666666666666
0 0.4488259958071279 0.5603333333333333 0.21438155136268344 0.10677777777777778
0 0.6623899371069182 0.6670972222222222 0.12368972746331237 0.1276111111111111
0 0.46846960167714885 0.6931388888888889 0.2117610062893082 0.11545833333333333
0 0.2261215932914046 0.2712638888888889 0.09918238993710693 0.09115277777777778
0 0.11083857442348008 0.30425 0.08350104821802935 0.09809722222222221
0 0.2379245283018868 0.40841666666666665 0.10257861635220125 0.14497222222222222
0 0.09249475890985324 0.43445833333333334 0.12018867924528301 0.11545833333333333
0 0.2418658280922432 0.5577222222222222 0.10519916142557652 0.13108333333333333
0 0.09119496855345911 0.5785555555555556 0.13851153039832284 0.13629166666666667
0 0.2680712788259958 0.7026944444444444 0.1261635220125786 0.11893055555555555
0 0.1029769392033543 0.7105 0.12540880503144655 0.11545833333333333
0 0.26545073375262057 0.8094583333333333 0.11044025157232705 0.06511111111111112