0 0.1529979035639413 0.5837361111111111 0.2139622641509434 0.11904166666666666
0 0.26557651991614256 0.7535694444444445 0.19955974842767296 0.17301388888888888
0 0.08023060796645703 0.7025833333333333 0.15830188679245283 0.09087500000000001
0 0.37637316561844864 0.9073472222222222 0.16958071278825995 0.10356944444444444
0 0.1910272536687631 0.9694444444444444 0.200188679245283 0.06111111111111111
0 0.5566457023060797 0.6825416666666667 0.25457023060796646 0.15
0 0.3976519916142558 0.5809583333333334 0.170167714884696 0.10555555555555556
0 0.6458700209643605 0.578375 0.27729559748427673 0.10436111111111111
0 0.7848218029350105 0.7277777777777777 0.14788259958071281 0.11348611111111111
0 0.45333333333333337 0.7916666666666666 0.22165618448637317 0.10634722222222222
0 0.2691823899371069 0.2676527777777778 0.1348846960167715 0.10991666666666666
0 0.2706708595387841 0.41329166666666667 0.22771488469601678 0.12341666666666666
0 0.11287211740041929 0.3297638888888889 0.12176100628930817 0.10318055555555557
0 0.1179664570230608 0.4444444444444444 0.149895178197065 0.102375
0 0.4761006289308176 0.21209722222222224 0.17134171907756815 0.15754166666666666
0 0.4763941299790357 0.3763888888888889 0.16595387840670858 0.13690277777777776
0 0.6746331236897275 0.30574999999999997 0.17186582809224318 0.32579166666666665