0 0.6010833333333333 0.044724576271186436 0.07675 0.08944915254237287
0 0.4899722222222222 0.04826271186440678 0.10534722222222222 0.09652542372881356
0 0.3935416666666667 0.10004237288135592 0.10383333333333335 0.1483050847457627
0 0.517 0.17773305084745764 0.11837500000000001 0.15771186440677964
0 0.6172777777777778 0.16713983050847459 0.081375 0.15536016949152542
0 0.6913472222222222 0.1694915254237288 0.06905555555555555 0.16008474576271187
0 0.7607777777777778 0.23186440677966103 0.05983333333333333 0.17184322033898305
0 0.3858194444444445 0.2589406779661017 0.13470833333333332 0.17889830508474575
0 0.5200833333333333 0.3389830508474576 0.0906111111111111 0.1694915254237288
0 0.6311666666666667 0.3260381355932203 0.11224999999999999 0.15300847457627118
0 0.7299166666666667 0.3919491525423729 0.09684722222222222 0.18597457627118644
0 0.8340694444444444 0.40135593220338983 0.12620833333333334 0.19538135593220338
0 0.8433333333333334 0.6167584745762712 0.11386111111111112 0.21656779661016948
0 0.7399305555555555 0.6026271186440678 0.08984722222222222 0.21656779661016948
0 0.8217222222222222 0.7850847457627119 0.08608333333333333 0.11533898305084746
0 0.2384722222222222 0.3213347457627118 0.17333333333333334 0.2330508474576271
0 0.20454166666666668 0.554385593220339 0.11363888888888887 0.21891949152542373
0 0.31255555555555553 0.5590889830508474 0.10751388888888888 0.2330508474576271
0 0.4035833333333333 0.4931779661016949 0.1384027777777778 0.3177966101694915
0 0.5208472222222222 0.5414406779661017 0.08288888888888889 0.2306991525423729
0 0.5949166666666666 0.543792372881356 0.09834722222222222 0.2683686440677966
0 0.6658888888888889 0.5461440677966101 0.052083333333333336 0.26364406779661015
0 0.27784722222222225 0.7615254237288136 0.18927777777777777 0.17654661016949152
0 0.44370833333333337 0.7450635593220339 0.13533333333333333 0.18127118644067797
0 0.27320833333333333 0.9204237288135593 0.20162499999999997 0.14125000000000001
0 0.41824999999999996 0.9027754237288136 0.13994444444444445 0.15300847457627118
0 0.548625 0.7450635593220339 0.07981944444444444 0.15771186440677964
0 0.6635694444444444 0.8015466101694915 0.11843055555555555 0.2095127118644068
0 0.7607777777777778 0.815677966101695 0.06291666666666666 0.22834745762711864
0 0.8140000000000001 0.9004237288135594 0.05213888888888889 0.17184322033898305
0 0.5439722222222223 0.9060805084745763 0.1115138888888889 0.18786016949152542
0 0.6357916666666666 0.9472669491525424 0.08447222222222223 0.10546610169491526
0 0.7291527777777778 0.953156779661017 0.09838888888888889 0.0936864406779661
0 0.08881944444444445 0.6097033898305084 0.08583333333333333 0.18362288135593222
0 0.09188888888888888 0.4590466101694915 0.08080555555555556 0.12241525423728813
0 0.11658333333333333 0.3507627118644068 0.074625 0.10358050847457627
0 0.028833333333333336 0.8333262711864406 0.05766666666666667 0.17889830508474575
0 0.09190277777777778 0.7921398305084746 0.07040277777777777 0.17654661016949152
0 0.2770416666666667 0.13182203389830507 0.11777777777777777 0.13182203389830507