0 0.23463312368972747 0.052083333333333336 0.18431865828092245 0.0798611111111111
0 0.380083857442348 0.059902777777777784 0.12752620545073376 0.09895833333333333
0 0.5241928721174004 0.05555555555555555 0.15377358490566037 0.1111111111111111
0 0.6433962264150943 0.07291666666666667 0.11974842767295597 0.14583333333333334
0 0.7612997903563941 0.06511111111111112 0.1250314465408805 0.1232638888888889
0 0.24641509433962266 0.14497222222222222 0.19742138364779874 0.0954861111111111
0 0.40890985324947593 0.17708333333333334 0.1589727463312369 0.1284722222222222
0 0.5779035639412998 0.1744861111111111 0.15639412997903562 0.16145833333333334
0 0.6971069182389936 0.22830555555555554 0.10142557651991614 0.1684027777777778
0 0.7861844863731656 0.2065972222222222 0.08048218029350104 0.16319444444444445
0 0.23725366876310272 0.2586805555555556 0.16859538784067085 0.09375
0 0.42593291404612155 0.296875 0.14062893081761005 0.11805555555555555
0 0.5661006289308176 0.3125 0.10138364779874214 0.13541666666666666
0 0.6944863731656185 0.36025 0.10142557651991614 0.08854166666666667
0 0.7652201257861635 0.344625 0.07 0.11979166666666667
0 0.2608385744234801 0.3585138888888889 0.19480083857442348 0.078125
0 0.4652410901467505 0.4210138888888889 0.19828092243186582 0.140625
0 0.25951781970649895 0.44705555555555554 0.21838574423480084 0.11284722222222222
0 0.6420964360587001 0.4565972222222222 0.12236897274633123 0.13541666666666666
0 0.7665408805031446 0.47483333333333333 0.07786163522012579 0.1371527777777778
0 0.2844234800838574 0.5694444444444444 0.18431865828092245 0.09722222222222222
0 0.45867924528301884 0.5711805555555556 0.17469601677148847 0.13194444444444445
0 0.6276729559748427 0.5772638888888889 0.16165618448637317 0.1267361111111111
0 0.7586792452830189 0.5980972222222222 0.09358490566037736 0.1440972222222222
0 0.3079874213836478 0.67275 0.23146750524109014 0.10590277777777778
0 0.5438364779874214 0.7213611111111111 0.22450733752620547 0.16493055555555555
0 0.7036687631027253 0.7230972222222222 0.11976939203354298 0.140625
0 0.3315723270440252 0.7951388888888888 0.21574423480083857 0.1284722222222222
0 0.5123899371069183 0.8767361111111112 0.17209643605870023 0.1527777777777778
0 0.6748427672955974 0.8793472222222222 0.1459538784067086 0.140625
0 0.3722012578616352 0.9010416666666666 0.139727463312369 0.1111111111111111
0 0.41545073375262054 0.9783055555555555 0.22446540880503144 0.043402777777777776
0 0.6355345911949685 0.9783055555555555 0.22454926624737945 0.043402777777777776