0 0.4103333333333333 0.1860587002096436 0.09529166666666666 0.10308176100628931
0 0.20955555555555555 0.5450733752620545 0.16131944444444446 0.2061425576519916
0 0.37041666666666667 0.2716561844863732 0.07331944444444444 0.12054507337526206
0 0.4462222222222222 0.31534591194968553 0.06905555555555555 0.12404612159329141
0 0.5029305555555555 0.2978616352201258 0.08526388888888889 0.1380083857442348
0 0.4028194444444444 0.39570230607966456 0.07330555555555555 0.11006289308176101
0 0.4925138888888889 0.44287211740041926 0.08758333333333333 0.15549266247379456
0 0.5584722222222223 0.42626834381551365 0.06445833333333333 0.13626834381551362
0 0.5121666666666667 0.8507966457023061 0.10451388888888889 0.13626834381551362
0 0.6070833333333334 0.7354926624737945 0.09455555555555556 0.12228511530398323
0 0.5058055555555556 0.7547169811320755 0.14270833333333333 0.08385744234800839
0 0.4427361111111111 0.8630398322851154 0.06519444444444444 0.17469601677148847
0 0.5850833333333333 0.8569182389937107 0.05752777777777778 0.13452830188679246
0 0.5839166666666666 0.5520545073375261 0.09291666666666668 0.09784067085953879
0 0.4398472222222222 0.4883018867924528 0.08718055555555557 0.11356394129979036
0 0.2460138888888889 0.6656184486373166 0.09765277777777778 0.08385744234800839
0 0.22230555555555556 0.7660796645702307 0.049305555555555554 0.11356394129979036
0 0.1679027777777778 0.6909433962264151 0.06875 0.06463312368972746
0 0.26165277777777773 0.7320125786163523 0.035430555555555555 0.06987421383647799
0 0.11640277777777779 0.9171907756813418 0.07918055555555556 0.06987421383647799
0 0.18469444444444444 0.9594758909853249 0.06895833333333333 0.08106918238993711
0 0.06259722222222222 0.9407756813417191 0.04101388888888889 0.08211740041928721
0 0.11468055555555555 0.9748427672955975 0.06315277777777778 0.041928721174004195
0 0.027305555555555555 0.9760587002096436 0.028291666666666666 0.047861635220125785
0 0.8899999999999999 0.6446540880503144 0.05925 0.08385744234800839
0 0.846611111111111 0.6315513626834381 0.04884722222222222 0.07861635220125786
0 0.6765 0.35115303983228513 0.09519444444444446 0.10132075471698113
0 0.7679305555555556 0.3939622641509434 0.12470833333333334 0.16247379454926625
0 0.646986111111111 0.4533542976939203 0.0917361111111111 0.12752620545073376
0 0.7268472222222223 0.4979035639412998 0.08881944444444445 0.14324947589098533
0 0.8055416666666667 0.5118867924528302 0.0772638888888889 0.11530398322851153
0 0.7268333333333334 0.5415723270440251 0.1287361111111111 0.08735849056603774
0 0.8761249999999999 0.43238993710691825 0.07266666666666667 0.08909853249475891
0 0.21129166666666666 0.37735849056603776 0.13006944444444446 0.12228511530398323
0 0.13723611111111111 0.37123689727463316 0.09306944444444445 0.1170440251572327
0 0.12279166666666666 0.469958071278826 0.10944444444444444 0.17121593291404613
0 0.18756944444444446 0.2917610062893081 0.073375 0.06289308176100629
0 0.6921111111111111 0.9163102725366876 0.10791666666666667 0.03318658280922432