0 0.5437916666666667 0.084375 0.0801111111111111 0.11875
0 0.6111388888888889 0.109375 0.08152777777777778 0.11875
0 0.46254166666666663 0.096875 0.08516666666666667 0.13125
0 0.37088888888888893 0.11979166666666667 0.059222222222222225 0.10208333333333333
0 0.4514444444444445 0.215625 0.07869444444444444 0.10208333333333333
0 0.5500416666666667 0.21458333333333332 0.09261111111111112 0.12916666666666668
0 0.6437777777777778 0.253125 0.10236111111111111 0.17291666666666666
0 0.7527777777777778 0.259375 0.10934722222222223 0.16458333333333333
0 0.8479027777777778 0.2760416666666667 0.06631944444444444 0.18125
0 0.5507361111111111 0.35520833333333335 0.08566666666666667 0.13125
0 0.6791805555555556 0.4270833333333333 0.1565277777777778 0.19583333333333333
0 0.8076388888888889 0.459375 0.09408333333333332 0.23958333333333334
0 0.8812222222222222 0.4041666666666667 0.05244444444444444 0.10416666666666667
0 0.7104305555555556 0.653125 0.12183333333333334 0.24791666666666667
0 0.5854305555555556 0.609375 0.10873611111111112 0.21875
0 0.5389166666666666 0.4666666666666667 0.1073611111111111 0.08333333333333333
0 0.42365277777777777 0.35104166666666664 0.16294444444444445 0.16458333333333333
0 0.34243055555555557 0.5322916666666667 0.10504166666666666 0.20625
0 0.2896388888888889 0.35104166666666664 0.12272222222222222 0.18125
0 0.22020833333333334 0.540625 0.12829166666666666 0.20208333333333334
0 0.34868055555555555 0.721875 0.12865277777777778 0.17708333333333334
0 0.4535277777777778 0.640625 0.11895833333333335 0.16041666666666668
0 0.44031944444444443 0.49895833333333334 0.09627777777777777 0.11458333333333333
0 0.5757361111111111 0.8114583333333333 0.12177777777777779 0.17291666666666666
0 0.679875 0.85 0.09681944444444443 0.14583333333333334
0 0.7638888888888888 0.91875 0.05658333333333333 0.1125
0 0.4590694444444444 0.8020833333333334 0.11431944444444445 0.16666666666666666
0 0.5861388888888889 0.9416666666666667 0.10373611111111111 0.10416666666666667
0 0.6958472222222222 0.9604166666666667 0.09266666666666666 0.07916666666666666
0 0.46530555555555553 0.9385416666666667 0.1351527777777778 0.11041666666666666
0 0.33616666666666667 0.896875 0.12686111111111112 0.18125
0 0.22784722222222223 0.8833333333333333 0.10190277777777779 0.21666666666666667
0 0.21395833333333336 0.7166666666666667 0.12968055555555555 0.15
0 0.8180416666666667 0.775 0.07326388888888889 0.12083333333333333
0 0.9006666666666667 0.63125 0.04690277777777778 0.07083333333333333
0 0.17716666666666667 0.3145833333333333 0.08943055555555555 0.15416666666666667
0 0.3667222222222222 0.21458333333333332 0.10641666666666667 0.09583333333333334
0 0.31118055555555557 0.13229166666666667 0.06577777777777778 0.09791666666666667
0 0.2528472222222222 0.20833333333333334 0.10745833333333334 0.12916666666666668
0 0.8194305555555556 0.6447916666666667 0.08715277777777777 0.11458333333333333
0 0.6715416666666667 0.13854166666666667 0.057930555555555555 0.07708333333333334