0 0.35685416666666664 0.06944444444444445 0.1545 0.1111111111111111
0 0.5625833333333333 0.08247222222222222 0.2153125 0.140625
0 0.7474375 0.0954861111111111 0.17891666666666667 0.16666666666666666
0 0.5508541666666668 0.234375 0.19708333333333333 0.1388888888888889
0 0.7357291666666667 0.2699722222222222 0.18672916666666667 0.1579861111111111
0 0.3464375 0.22656944444444443 0.18054166666666666 0.17881944444444445
0 0.5873125 0.3802083333333333 0.28041666666666665 0.14583333333333334
0 0.3295 0.4088611111111111 0.23 0.1684027777777778
0 0.7956041666666667 0.453125 0.15029166666666666 0.19791666666666666
0 0.5950833333333333 0.5243055555555556 0.24033333333333334 0.1388888888888889
0 0.30345833333333333 0.5833333333333334 0.27687500000000004 0.15625
0 0.7786666666666666 0.6206666666666667 0.12164583333333333 0.1267361111111111
0 0.5664374999999999 0.6536527777777777 0.28200000000000003 0.14756944444444445
0 0.27091666666666664 0.7204861111111112 0.26387499999999997 0.11805555555555555
0 0.13554166666666667 0.6440972222222222 0.09729166666666668 0.0798611111111111
0 0.7604375 0.7248333333333333 0.09039583333333333 0.07465277777777778
0 0.48052083333333334 0.7734444444444445 0.16227083333333334 0.078125
0 0.33214583333333336 0.8784722222222222 0.181375 0.14583333333333334
0 0.5235 0.9253472222222222 0.11114583333333333 0.052083333333333336
0 0.49875 0.8828194444444445 0.11539583333333334 0.06770833333333333
0 0.6510833333333333 0.8307361111111111 0.059104166666666666 0.07118055555555555
0 0.6393749999999999 0.7647638888888889 0.119 0.08159722222222222
0 0.53 0.8350694444444444 0.12579166666666666 0.03125
0 0.6289583333333333 0.9123333333333333 0.072125 0.050347222222222224
0 0.6888333333333333 0.8993055555555556 0.0513125 0.024305555555555556
0 0.5846874999999999 0.954 0.056479166666666664 0.03993055555555555
0 0.44408333333333333 0.9652777777777778 0.08247916666666667 0.041666666666666664
0 0.238375 0.8025138888888889 0.07902083333333333 0.032125