0 0.08341666666666667 0.23177083333333334 0.13590277777777776 0.15104166666666666
0 0.1968472222222222 0.23525000000000001 0.10020833333333334 0.19618750000000001
0 0.05370833333333334 0.4635416666666667 0.10740277777777778 0.14583333333333334
0 0.16849999999999998 0.4921875 0.11525 0.21354166666666666
0 0.0654861111111111 0.5399375000000001 0.09772222222222222 0.045145833333333336
0 0.07418055555555556 0.3828125 0.13256944444444446 0.06770833333333333
0 0.21015277777777777 0.39410416666666664 0.09443055555555555 0.1006875
0 0.29290277777777773 0.3854166666666667 0.10255555555555557 0.17360416666666667
0 0.31893055555555555 0.22916666666666666 0.136125 0.22568749999999999
0 0.4439166666666667 0.2265625 0.12690277777777778 0.24827083333333333
0 0.5636805555555556 0.18489583333333334 0.11884722222222222 0.21354166666666666
0 0.6574166666666666 0.109375 0.1235138888888889 0.17708333333333334
0 0.46819444444444447 0.08160416666666667 0.06518055555555556 0.06597916666666667
0 0.5492222222222222 0.060770833333333336 0.08527777777777777 0.07639583333333334
0 0.7656111111111111 0.24306250000000001 0.09461111111111112 0.21181250000000001
0 0.6684027777777778 0.27516666666666667 0.08594444444444445 0.14756249999999999
0 0.44855555555555554 0.45225000000000004 0.21023611111111112 0.18229166666666666
0 0.6082361111111111 0.41839583333333336 0.16630555555555554 0.22916666666666666
0 0.29116666666666663 0.5720416666666667 0.11991666666666667 0.19270833333333334
0 0.41672222222222227 0.6137083333333333 0.15583333333333332 0.171875
0 0.5555833333333333 0.6484375 0.13736111111111113 0.21702083333333333
0 0.6898194444444444 0.6467083333333333 0.13972222222222222 0.24131249999999999
0 0.7586805555555556 0.44704166666666667 0.11777777777777777 0.21354166666666666
0 0.9264722222222221 0.3723958333333333 0.10855555555555554 0.140625
0 0.8524027777777778 0.2682291666666667 0.06041666666666667 0.15104166666666666
0 0.85125 0.44704166666666667 0.09233333333333334 0.19618750000000001
0 0.9299444444444444 0.3046875 0.09236111111111112 0.11979166666666667
0 0.9800694444444444 0.40277083333333336 0.039875 0.23958333333333334
0 0.9368888888888888 0.5416666666666666 0.06920833333333333 0.20139583333333333
0 0.9802777777777777 0.6171875 0.03104166666666667 0.22047916666666667
0 0.8506527777777778 0.6423541666666667 0.1356388888888889 0.21181250000000001
0 0.763875 0.6909791666666667 0.08188888888888889 0.3125
0 0.9415138888888889 0.7074583333333333 0.11549999999999999 0.171875
0 0.9345694444444445 0.8576458333333333 0.12476388888888888 0.13541666666666666
0 0.8385138888888889 0.8246458333333333 0.05116666666666667 0.17014583333333333
0 0.13204166666666667 0.6875 0.11406944444444443 0.19097916666666667
0 0.2280972222222222 0.7074583333333333 0.08633333333333333 0.17535416666666667
0 0.33629166666666666 0.7986041666666667 0.13844444444444445 0.23958333333333334
0 0.4496944444444444 0.8107708333333333 0.11302777777777777 0.21181250000000001
0 0.5492222222222222 0.8541666666666666 0.10611111111111111 0.22916666666666666
0 0.6406388888888889 0.8428749999999999 0.08299999999999999 0.18229166666666666
0 0.7239583333333334 0.8463541666666666 0.08534722222222223 0.16145833333333334
0 0.2627916666666667 0.9192708333333334 0.15204166666666666 0.13714583333333333
0 0.3889444444444445 0.9461875000000001 0.0910138888888889 0.09027083333333333
0 0.46647222222222223 0.9583333333333334 0.06558333333333333 0.07639583333333334
0 0.7459444444444445 0.09808333333333333 0.07145833333333333 0.078125