0 0.15055555555555555 0.04855932203389831 0.08862500000000001 0.09709745762711865
0 0.20262499999999997 0.07061440677966101 0.06780555555555555 0.0988771186440678
0 0.27958333333333335 0.053855932203389835 0.043527777777777776 0.1076906779661017
0 0.28479166666666667 0.17478813559322035 0.08634722222222223 0.1200635593220339
0 0.08516666666666667 0.13682203389830508 0.08613888888888889 0.07944915254237288
0 0.132625 0.18802966101694915 0.07126388888888889 0.1076906779661017
0 0.018736111111111113 0.13065677966101696 0.03745833333333333 0.13417372881355932
0 0.022777777777777775 0.2612923728813559 0.04556944444444445 0.16595338983050847
0 0.06955555555555555 0.3345762711864407 0.08165277777777778 0.12887711864406778
0 0.1366666666666667 0.3133898305084746 0.09325 0.17478813559322035
0 0.21824999999999997 0.2727754237288136 0.09905555555555555 0.1853813559322034
0 0.27784722222222225 0.3548728813559322 0.07940277777777778 0.16243644067796612
0 0.34555555555555556 0.2842584745762712 0.08752777777777779 0.1694915254237288
0 0.3900972222222222 0.16508474576271187 0.10490277777777778 0.12536016949152542
0 0.38895833333333335 0.04413135593220339 0.20905555555555558 0.08828389830508475
0 0.4711111111111111 0.1641949152542373 0.07715277777777778 0.17302966101694917
0 0.5318611111111111 0.20480932203389832 0.041305555555555554 0.1906779661016949
0 0.5700555555555555 0.08385593220338983 0.13620833333333332 0.16773305084745763
0 0.6950138888888889 0.11828389830508475 0.08825 0.14125000000000001
0 0.7795 0.0865042372881356 0.113125 0.17302966101694917
0 0.8981111111111111 0.0697457627118644 0.13977777777777778 0.13947033898305083
0 0.8905972222222223 0.22069915254237288 0.12011111111111111 0.13417372881355932
0 0.7603888888888889 0.24364406779661016 0.13798611111111111 0.11298728813559322
0 0.6134444444444445 0.2595338983050847 0.09340277777777778 0.1483050847457627
0 0.6973333333333334 0.2939618644067797 0.06219444444444445 0.19597457627118645
0 0.48787499999999995 0.3707627118644068 0.0906388888888889 0.15536016949152542
0 0.5868333333333333 0.4246186440677966 0.07951388888888888 0.1641949152542373
0 0.4948194444444444 0.4890466101694915 0.04361111111111111 0.13417372881355932
0 0.38430555555555557 0.4652118644067797 0.10340277777777779 0.12182203389830508
0 0.3062083333333333 0.5014194915254238 0.08056944444444444 0.1483050847457627
0 0.1852777777777778 0.4378601694915254 0.079375 0.10239406779661017
0 0.099625 0.4616949152542373 0.11506944444444443 0.07944915254237288
0 0.092125 0.5526059322033898 0.09438888888888888 0.1271186440677966
0 0.024194444444444446 0.5270127118644068 0.04840277777777778 0.20302966101694914
0 0.12509722222222222 0.6788559322033899 0.11638888888888889 0.13595338983050848
0 0.2072638888888889 0.6064618644067796 0.10715277777777779 0.13595338983050848
0 0.32356944444444447 0.6347033898305084 0.10834722222222223 0.11828389830508475
0 0.03461111111111111 0.7070974576271186 0.06922222222222223 0.15006355932203388
0 0.1262638888888889 0.8174364406779661 0.09555555555555555 0.14476694915254237
0 0.04881944444444444 0.8686440677966102 0.09765277777777778 0.22245762711864406
0 0.18933333333333333 0.9277966101694916 0.1592222222222222 0.08298728813559322
0 0.29347222222222225 0.9122457627118644 0.073625 0.17548728813559322
0 0.22113888888888888 0.8192161016949153 0.06641666666666667 0.1694915254237288
0 0.2714861111111111 0.7644703389830508 0.11295833333333333 0.17302966101694917
0 0.3767916666666667 0.7874364406779661 0.08986111111111111 0.15184322033898306
0 0.3866111111111111 0.9502118644067796 0.084875 0.09957627118644068
0 0.5225833333333333 0.8854237288135594 0.10913888888888888 0.11828389830508475
0 0.5179583333333333 0.7891949152542372 0.11840277777777777 0.13771186440677965
0 0.5000138888888889 0.7203389830508474 0.1126111111111111 0.1200635593220339
0 0.40166666666666667 0.6461864406779662 0.07098611111111111 0.11652542372881355
0 0.5850972222222222 0.5879237288135594 0.11074999999999999 0.17654661016949152
0 0.6684166666666667 0.680614406779661 0.069125 0.1641949152542373
0 0.6394861111111111 0.8492161016949152 0.10383333333333335 0.13417372881355932
0 0.5781527777777777 0.9722881355932204 0.10380555555555555 0.05544491525423729
0 0.7389861111111112 0.8686440677966102 0.08591666666666667 0.1059322033898305
0 0.7355277777777778 0.9516313559322034 0.13858333333333334 0.0847457627118644
0 0.7615555555555557 0.6002754237288135 0.09863888888888889 0.1694915254237288
0 0.6741805555555556 0.4811016949152543 0.1021388888888889 0.17478813559322035
0 0.765625 0.4555084745762712 0.1177638888888889 0.13065677966101696
0 0.7968472222222223 0.3539830508474577 0.10441666666666667 0.09004237288135593
0 0.9120138888888889 0.3963559322033899 0.13284722222222223 0.17832627118644068
0 0.9753333333333334 0.2339406779661017 0.04934722222222222 0.17832627118644068
0 0.9880555555555556 0.06885593220338983 0.023875 0.13771186440677965
0 0.988375 0.4219703389830508 0.022194444444444444 0.17302966101694917
0 0.865125 0.5455508474576272 0.04884722222222222 0.09533898305084745
0 0.866875 0.6876694915254237 0.08886111111111111 0.15006355932203388
0 0.9305000000000001 0.5534957627118644 0.08238888888888889 0.11828389830508475
0 0.9546111111111112 0.670021186440678 0.09077777777777778 0.09709745762711865
0 0.7783333333333333 0.751228813559322 0.1067361111111111 0.09004237288135593
0 0.8859722222222222 0.881885593220339 0.1108611111111111 0.15360169491525424
0 0.603013888888889 0.7415254237288136 0.08018055555555555 0.11652542372881355
0 0.9554027777777777 0.7891949152542372 0.08541666666666667 0.15184322033898306
0 0.8743749999999999 0.7715466101694916 0.07893055555555556 0.08120762711864406
0 0.9646527777777777 0.934322033898305 0.06922222222222223 0.13135593220338984
0 0.8101527777777777 0.8765889830508474 0.06854166666666667 0.12182203389830508
0 0.8662916666666667 0.9890466101694915 0.12705555555555556 0.02188559322033898
0 0.48034722222222226 0.949322033898305 0.08947222222222223 0.10133474576271186
0 0.48670833333333335 0.6082203389830508 0.0952638888888889 0.10417372881355932