0 0.18093055555555557 0.07552083333333333 0.03693055555555556 0.0538125
0 0.22259722222222222 0.09983333333333334 0.05798611111111111 0.109375
0 0.33484722222222224 0.0711875 0.044125 0.1006875
0 0.36493055555555554 0.08766666666666666 0.020999999999999998 0.05035416666666667
0 0.3377222222222222 0.19183333333333333 0.07275000000000001 0.109375
0 0.27755555555555556 0.20660416666666667 0.045 0.0868125
0 0.30474999999999997 0.32985416666666667 0.07652777777777778 0.10416666666666667
0 0.2202638888888889 0.21962500000000001 0.03922222222222222 0.0711875
0 0.24862499999999998 0.4322916666666667 0.05915277777777778 0.07985416666666666
0 0.42394444444444446 0.40625 0.07193055555555555 0.125
0 0.3603055555555556 0.5026041666666666 0.08811111111111111 0.15797916666666667
0 0.2815972222222222 0.5720416666666667 0.06004166666666666 0.09895833333333333
0 0.41816666666666663 0.6692708333333334 0.08119444444444444 0.109375
0 0.34234722222222225 0.6467083333333333 0.06116666666666667 0.13020833333333334
0 0.22605555555555554 0.5633750000000001 0.04616666666666667 0.15104166666666666
0 0.279875 0.6762083333333333 0.06841666666666667 0.11979166666666667
0 0.35740277777777774 0.7795208333333333 0.07075 0.11458333333333333
0 0.41816666666666663 0.7725624999999999 0.04184722222222222 0.08333333333333333
0 0.45749999999999996 0.5642291666666667 0.07386111111111111 0.09375
0 0.48933333333333334 0.6215208333333333 0.049972222222222216 0.045145833333333336
0 0.4864305555555556 0.48870833333333336 0.057652777777777775 0.060770833333333336
0 0.5205694444444444 0.5659791666666667 0.043041666666666666 0.0625
0 0.3278888888888889 0.9600624999999999 0.08084722222222222 0.07985416666666666
0 0.7936666666666667 0.12066666666666667 0.0911111111111111 0.16493750000000001
0 0.7913611111111111 0.29254166666666664 0.11950000000000001 0.16493750000000001
0 0.70225 0.38193750000000004 0.06105555555555556 0.16318749999999999
0 0.7086111111111111 0.250875 0.032125 0.08160416666666667
0 0.7809444444444444 0.47483333333333333 0.09866666666666668 0.18229166666666666
0 0.859638888888889 0.4817708333333333 0.06629166666666667 0.19618750000000001
0 0.6310833333333333 0.44183333333333336 0.06686111111111111 0.16839583333333333
0 0.6918472222222222 0.5555625000000001 0.0662361111111111 0.15625
0 0.7797916666666668 0.6649375000000001 0.08247222222222222 0.20139583333333333
0 0.6877777777777777 0.6736041666666667 0.07841666666666666 0.09027083333333333
0 0.6264444444444445 0.5876666666666667 0.06686111111111111 0.09547916666666666
0 0.5801666666666667 0.47308333333333336 0.034472222222222224 0.11285416666666667
0 0.5813194444444445 0.39149999999999996 0.01875 0.029520833333333333
0 0.9533611111111111 0.06510416666666667 0.058652777777777776 0.13020833333333334
0 0.898986111111111 0.6987916666666667 0.057055555555555554 0.15452083333333333
0 0.38980555555555557 0.30902083333333336 0.05652777777777778 0.07291666666666667
0 0.22258333333333333 0.3359375 0.067 0.08854166666666667