0 0.3869150779896014 0.08908333333333333 0.15802426343154247 0.08611111111111111
0 0.44779896013864817 0.197625 0.21048526863084924 0.08491666666666667
0 0.37107452339688046 0.32658333333333334 0.14613518197573655 0.11269444444444444
0 0.6666204506065858 0.3011944444444445 0.3312131715771231 0.23651388888888888
0 0.5710745233968804 0.38987499999999997 0.30847487001733104 0.1797638888888889
0 0.8557712305025996 0.4835277777777778 0.11528596187175043 0.09722222222222222
0 0.7842287694974004 0.578375 0.15540727902946275 0.08848611111111111
0 0.5485615251299827 0.6988055555555556 0.17925476603119586 0.1428611111111111
0 0.750311958405546 0.6974166666666667 0.13214904679376083 0.072625
0 0.8684055459272096 0.6956388888888889 0.09398613518197572 0.0952361111111111
0 0.6753032928942807 0.8244027777777778 0.19506065857885616 0.08848611111111111
0 0.8099826689774697 0.7988055555555555 0.06826689774696708 0.07301388888888889
0 0.6443500866551127 0.8968194444444445 0.2767590987868284 0.102375
0 0.3646273830155979 0.8603194444444444 0.16298093587521664 0.12459722222222222
0 0.6800173310225304 0.9783749999999999 0.11039861351819757 0.043250000000000004
0 0.8206412478336221 0.9507916666666667 0.12332755632582322 0.05952777777777778