0 0.23528301886792455 0.3940972222222222 0.13846960167714883 0.11458333333333333
0 0.2706708595387841 0.26302777777777775 0.16727463312368973 0.09895833333333333
0 0.41350104821802935 0.21094444444444443 0.14981132075471698 0.140625
0 0.5864150943396227 0.2170138888888889 0.15509433962264152 0.14930555555555555
0 0.760649895178197 0.33420833333333333 0.1577777777777778 0.13368055555555555
0 0.47109014675052413 0.3680555555555556 0.20651991614255766 0.10416666666666667
0 0.6898951781970649 0.46875 0.1420335429769392 0.1076388888888889
0 0.45930817610062896 0.48177777777777775 0.25631027253668764 0.08506944444444445
0 0.25362683438155137 0.53125 0.1489517819706499 0.0798611111111111
0 0.5523689727463312 0.5815972222222222 0.2546540880503145 0.08680555555555555
0 0.780293501048218 0.579 0.15515723270440251 0.09895833333333333
0 0.08071278825995808 0.4722222222222222 0.11232704402515722 0.1284722222222222
0 0.059748427672955975 0.36025 0.09660377358490566 0.08506944444444445
0 0.05058700209643606 0.6076388888888888 0.08417190775681341 0.1076388888888889
0 0.959077568134172 0.5434027777777778 0.08184486373165618 0.08333333333333333
0 0.8995178197064989 0.7109444444444445 0.10540880503144655 0.11284722222222222
0 0.9374842767295598 0.6171944444444445 0.12251572327044025 0.06770833333333333
0 0.8824737945492662 0.8368055555555556 0.13423480083857442 0.1111111111111111