0 0.11415094339622642 0.9327222222222221 0.21914046121593292 0.13455555555555554
0 0.32245283018867926 0.9040833333333335 0.2270649895178197 0.1744861111111111
0 0.5228721174004193 0.9188333333333333 0.21926624737945494 0.16233333333333333
0 0.7220125786163522 0.8745694444444445 0.19312368972746333 0.1432361111111111
0 0.7036268343815514 0.7408888888888889 0.32566037735849057 0.1415
0 0.4127882599580713 0.7426250000000001 0.3257442348008386 0.17275
0 0.12410901467505242 0.7625833333333333 0.24819706498951782 0.20226388888888888
0 0.12016771488469602 0.5985277777777778 0.24035639412997906 0.13108333333333333
0 0.37092243186582813 0.5829027777777778 0.2558909853249476 0.13629166666666667
0 0.5962473794549267 0.5950555555555556 0.1930817610062893 0.188375
0 0.7639412997903563 0.5499166666666666 0.24031446540880502 0.18490277777777778
0 0.9512578616352201 0.5776944444444444 0.0910272536687631 0.1432361111111111
0 0.9420335429769392 0.4466111111111111 0.11591194968553459 0.11545833333333333
0 0.9629979035639413 0.34765277777777776 0.0739832285115304 0.09115277777777778
0 0.12985324947589097 0.48827777777777776 0.17721174004192872 0.10677777777777778
0 0.33161425576519915 0.43619444444444444 0.20872117400419288 0.13455555555555554
0 0.5359748427672956 0.41883333333333334 0.22450733752620547 0.16233333333333333
0 0.7495178197064989 0.382375 0.19052410901467504 0.13455555555555554
0 0.61062893081761 0.11675 0.19729559748427672 0.15365277777777778
0 0.7665408805031446 0.20443055555555556 0.1459958071278826 0.16059722222222222
0 0.6080083857442348 0.226125 0.17633123689727465 0.09462499999999999
0 0.4128092243186583 0.09418055555555556 0.1528301886792453 0.11893055555555555
0 0.2359538784067086 0.1462638888888889 0.18169811320754717 0.11545833333333333
0 0.42593291404612155 0.21658333333333332 0.14062893081761005 0.08420833333333334
0 0.2818238993710692 0.25825 0.14582809224318657 0.08420833333333334
0 0.571341719077568 0.30425 0.1590146750524109 0.08594444444444445
0 0.4232914046121593 0.3033888888888889 0.14758909853249477 0.09983333333333333
0 0.280482180293501 0.36154166666666665 0.18169811320754717 0.10156944444444443
0 0.09184486373165619 0.25477777777777777 0.09266247379454927 0.08941666666666666
0 0.14163522012578617 0.36327777777777776 0.0959958071278826 0.08594444444444445
0 0.060398322851153034 0.4153611111111111 0.08744234800838574 0.06684722222222222
0 0.960377358490566 0.23827777777777778 0.07922431865828092 0.09462499999999999
0 0.021928721174004195 0.26693055555555556 0.043878406708595385 0.07552777777777778
0 0.061719077568134176 0.31640277777777776 0.07238993710691824 0.03733333333333333
0 0.14031446540880504 0.13845833333333332 0.08480083857442348 0.06511111111111112
0 0.2267924528301887 0.07855555555555556 0.08291404612159328 0.03038888888888889