0 0.7222851153039832 0.4440972222222222 0.11251572327044025 0.08680555555555555
0 0.6740670859538783 0.36701388888888886 0.1390356394129979 0.07291666666666667
0 0.6321593291404612 0.4635416666666667 0.0579874213836478 0.09513888888888888
0 0.5724109014675053 0.5100694444444445 0.07828092243186584 0.08402777777777778
0 0.47599580712788264 0.5538194444444444 0.11033542976939203 0.06180555555555556
0 0.5713836477987422 0.5920138888888888 0.09568134171907756 0.08541666666666667
0 0.6961006289308177 0.5753472222222222 0.10620545073375261 0.10486111111111111
0 0.6981970649895178 0.6600694444444445 0.12297693920335429 0.08263888888888889
0 0.6499790356394131 0.728125 0.11876310272536687 0.05763888888888889
0 0.6038574423480084 0.2934027777777778 0.14389937106918238 0.06041666666666667
0 0.4602725366876311 0.3170138888888889 0.12234800838574424 0.09236111111111112
0 0.5546121593291404 0.365625 0.09568134171907756 0.09375
0 0.44979035639413 0.4059027777777778 0.13911949685534591 0.08402777777777778
0 0.5021802935010482 0.24895833333333334 0.09716981132075472 0.06736111111111111
0 0.3816561844863732 0.2621527777777778 0.1370440251572327 0.06041666666666667
0 0.31144654088050316 0.33645833333333336 0.13496855345911948 0.09513888888888888
0 0.33243186582809225 0.4420138888888889 0.13333333333333333 0.1076388888888889
0 0.22236897274633122 0.3927083333333333 0.09517819706498952 0.08541666666666667
0 0.22236897274633122 0.490625 0.11444444444444445 0.10486111111111111
0 0.33557651991614257 0.5635416666666667 0.13962264150943396 0.10902777777777778
0 0.47599580712788264 0.6697916666666667 0.13129979035639414 0.049305555555555554
0 0.5933752620545074 0.6704861111111111 0.09360587002096436 0.050694444444444445
0 0.3690775681341719 0.6635416666666667 0.10769392033542977 0.07152777777777777
0 0.2548427672955975 0.5961805555555556 0.08467505241090147 0.06458333333333334
0 0.29050314465408805 0.6690972222222222 0.09979035639412998 0.10625
0 0.3428930817610063 0.7614583333333333 0.1040041928721174 0.06319444444444444
0 0.4152201257861635 0.790625 0.07677148846960168 0.06319444444444444
0 0.7558280922431865 0.7753472222222222 0.14605870020964362 0.09375
0 0.4047169811320755 0.9045138888888888 0.11033542976939203 0.07708333333333334
0 0.2915094339622642 0.8788194444444445 0.12444444444444444 0.09375
0 0.2569392033542977 0.9475694444444445 0.11658280922431866 0.06041666666666667
0 0.5220964360587002 0.928125 0.15649895178197065 0.07430555555555556
0 0.720167714884696 0.8684027777777777 0.11255765199161426 0.08263888888888889
0 0.8134591194968553 0.6961805555555556 0.14821802935010484 0.08819444444444445
0 0.9329350104821803 0.6809027777777777 0.10633123689727463 0.10208333333333333
0 0.6426205450733752 0.9059027777777777 0.099937106918239 0.10208333333333333
0 0.3806079664570231 0.9711805555555556 0.1711320754716981 0.05763888888888889