0 0.4433262711864407 0.8136527777777778 0.15305084745762712 0.09490277777777778
0 0.7221398305084746 0.5821805555555556 0.13648305084745763 0.10416666666666667
0 0.5782838983050848 0.578125 0.16654661016949152 0.12384722222222222
0 0.8572033898305085 0.6724583333333334 0.16540254237288135 0.09259722222222222
0 0.6841949152542373 0.681138888888889 0.18417372881355934 0.11920833333333333
0 0.8042584745762712 0.7627361111111111 0.15127118644067797 0.10879166666666666
0 0.6736016949152542 0.7806666666666667 0.16298728813559324 0.12384722222222222
0 0.40703389830508474 0.59375 0.18072033898305084 0.13656944444444444
0 0.2755296610169492 0.6099583333333334 0.15076271186440676 0.10879166666666666
0 0.16961864406779661 0.6319444444444444 0.15080508474576274 0.10648611111111111
0 0.4291313559322034 0.7042777777777778 0.15290254237288137 0.12615277777777778
0 0.2861228813559322 0.7118055555555556 0.17194915254237286 0.125
0 0.16258474576271184 0.7528888888888889 0.1316313559322034 0.13079166666666667
0 0.3514618644067796 0.8142361111111112 0.2023093220338983 0.11458333333333333
0 0.2879025423728813 0.9317083333333334 0.1317372881355932 0.067125
0 0.6700847457627118 0.90625 0.2042584745762712 0.10879166666666666
0 0.8483474576271187 0.9461805555555556 0.15838983050847458 0.08680555555555555
0 0.8766101694915254 0.8501111111111112 0.08779661016949152 0.08680555555555555
0 0.24728813559322033 0.4027777777777778 0.1988135593220339 0.12731944444444446
0 0.4026271186440678 0.4184027777777778 0.1211864406779661 0.07523611111111111
0 0.5261864406779662 0.3836805555555556 0.13536016949152543 0.151625
0 0.7177118644067796 0.4756944444444444 0.12302966101694915 0.09954166666666667
0 0.7477330508474577 0.39525 0.1371822033898305 0.14930555555555555
0 0.8351059322033899 0.4930555555555556 0.10720338983050848 0.10184722222222221
0 0.8651271186440678 0.5769722222222222 0.17783898305084744 0.089125