0 0.3722916666666667 0.1828125 0.10644444444444444 0.13020833333333334
0 0.4458888888888889 0.08489583333333334 0.13979166666666668 0.134375
0 0.261875 0.07552083333333333 0.1532777777777778 0.13854166666666667
0 0.20495833333333333 0.1953125 0.11887500000000001 0.171875
0 0.09040277777777778 0.2671875 0.15633333333333332 0.23229166666666667
0 0.14176388888888888 0.05416666666666667 0.07580555555555556 0.10833333333333334
0 0.2841111111111111 0.3494791666666667 0.11890277777777777 0.13854166666666667
0 0.09872222222222223 0.5432291666666667 0.10634722222222222 0.13854166666666667
0 0.14733333333333334 0.4546875 0.08415277777777778 0.140625
0 0.03288888888888889 0.45677083333333335 0.06579166666666666 0.128125
0 0.18343055555555554 0.6390625 0.08970833333333333 0.159375
0 0.2743888888888889 0.5807291666666666 0.08836111111111111 0.17604166666666668
0 0.49450000000000005 0.2265625 0.120375 0.15520833333333334
0 0.6111388888888889 0.23072916666666668 0.10373611111111111 0.196875
0 0.7402916666666667 0.13802083333333334 0.13433333333333333 0.265625
0 0.851375 0.1546875 0.11493055555555555 0.278125
0 0.9555277777777778 0.125 0.07330555555555555 0.25
0 0.98 0.29739583333333336 0.03998611111111111 0.13020833333333334
0 0.929138888888889 0.4078125 0.09551388888888888 0.18020833333333333
0 0.84025 0.3848958333333333 0.093375 0.20729166666666668
0 0.7256805555555556 0.4390625 0.10868055555555556 0.203125
0 0.8402638888888889 0.5494791666666666 0.11215277777777778 0.134375
0 0.5993194444444444 0.4661458333333333 0.13927777777777778 0.178125
0 0.7375138888888889 0.6130208333333333 0.12044444444444444 0.18229166666666666
0 0.4666944444444444 0.5182291666666666 0.11293055555555556 0.20729166666666668
0 0.6146111111111111 0.6640625 0.13845833333333332 0.209375
0 0.46738888888888885 0.7005208333333334 0.14765277777777777 0.16770833333333332
0 0.3611666666666667 0.5598958333333334 0.10186111111111111 0.203125
0 0.4688055555555556 0.8755208333333333 0.16062500000000002 0.20729166666666668
0 0.6368333333333334 0.8692708333333333 0.12180555555555556 0.18229166666666666
0 0.7368194444444445 0.8869791666666667 0.11072222222222222 0.22604166666666667
0 0.8430416666666667 0.7244791666666667 0.11215277777777778 0.17604166666666668
0 0.9367777777777778 0.6942708333333333 0.08856944444444445 0.178125
0 0.9346944444444445 0.8651041666666667 0.08718055555555557 0.14895833333333333
0 0.38756944444444447 0.3338541666666667 0.09255555555555556 0.18645833333333334
0 0.33548611111111115 0.8432291666666667 0.10226388888888888 0.16354166666666667
0 0.2660416666666667 0.7661458333333333 0.1116111111111111 0.16145833333333334
0 0.14522222222222222 0.8223958333333333 0.14498611111111112 0.17395833333333333
0 0.26466666666666666 0.9244791666666666 0.11056944444444444 0.15104166666666666
0 0.11675 0.9328125 0.16859722222222223 0.13229166666666667