0 0.4462222222222222 0.24045833333333333 0.09913888888888889 0.15452083333333333
0 0.5289722222222223 0.22829166666666667 0.08875 0.171875
0 0.6099722222222222 0.21787499999999999 0.07026388888888889 0.20660416666666667
0 0.6753472222222222 0.21614583333333334 0.059861111111111115 0.171875
0 0.729736111111111 0.20660416666666667 0.05756944444444445 0.18056250000000001
0 0.7870277777777778 0.21702083333333333 0.05875 0.17708333333333334
0 0.8419861111111111 0.21702083333333333 0.03909722222222222 0.13889583333333333
0 0.46704166666666663 0.46441666666666664 0.0906388888888889 0.14756249999999999
0 0.5544305555555555 0.45399999999999996 0.07718055555555556 0.17881249999999999
0 0.6400555555555555 0.44618749999999996 0.08879166666666667 0.15972916666666667
0 0.7222222222222222 0.42620833333333336 0.08418055555555555 0.16839583333333333
0 0.8043888888888888 0.4270833333333333 0.0772638888888889 0.18402083333333333
0 0.8801805555555556 0.4270833333333333 0.07151388888888889 0.17360416666666667
0 0.9391944444444444 0.43837499999999996 0.05763888888888889 0.15104166666666666
0 0.3206388888888889 0.41233333333333333 0.19136111111111112 0.18577083333333333
0 0.1927777777777778 0.49827083333333333 0.0953611111111111 0.22568749999999999
0 0.30736111111111114 0.6058958333333333 0.14075000000000001 0.20833333333333334
0 0.2460138888888889 0.6866249999999999 0.137 0.22395833333333334
0 0.41672222222222227 0.6779583333333333 0.07945833333333334 0.19618750000000001
0 0.49366666666666664 0.6649375000000001 0.07601388888888888 0.20485416666666667
0 0.566 0.6588541666666666 0.074875 0.18922916666666667
0 0.6458472222222222 0.6527708333333333 0.07952777777777778 0.18056250000000001
0 0.7100694444444444 0.6432291666666666 0.05293055555555556 0.19270833333333334
0 0.3426527777777778 0.9088541666666666 0.08175 0.16493750000000001
0 0.4282916666666667 0.9166666666666666 0.08408333333333333 0.15972916666666667
0 0.5087222222222222 0.9253541666666667 0.08526388888888889 0.14931250000000001
0 0.5937777777777777 0.921875 0.09802777777777777 0.15625
0 0.6765138888888889 0.9227500000000001 0.06218055555555556 0.12327083333333334
0 0.1540138888888889 0.8862916666666667 0.09190277777777778 0.12327083333333334
0 0.049513888888888885 0.39670833333333333 0.09902777777777777 0.17535416666666667
0 0.11584722222222221 0.33160416666666664 0.08629166666666667 0.17014583333333333
0 0.1546111111111111 0.2665 0.1245 0.19618750000000001
0 0.041305555555555554 0.19618750000000001 0.08259722222222222 0.19443749999999999