0 0.19395833333333334 0.5720338983050848 0.18236111111111114 0.271885593220339
0 0.20495833333333333 0.3557627118644068 0.14883333333333332 0.15713983050847458
0 0.2651527777777778 0.21716101694915255 0.14425 0.15536016949152542
0 0.3889444444444445 0.2789618644067796 0.13730555555555554 0.24010593220338983
0 0.530125 0.3884110169491526 0.1257777777777778 0.18713983050847458
0 0.6585833333333333 0.3522245762711864 0.14665277777777777 0.2630720338983051
0 0.7881805555555556 0.4210805084745763 0.12123611111111111 0.23129237288135593
0 0.8321666666666666 0.6726694915254238 0.12819444444444444 0.3036652542372882
0 0.6683888888888889 0.700042372881356 0.1785138888888889 0.2807203389830508
0 0.9206805555555555 0.8914194915254238 0.1062361111111111 0.21716101694915255
0 0.4242361111111111 0.518177966101695 0.09218055555555556 0.21010593220338983
0 0.33165277777777774 0.569385593220339 0.09994444444444443 0.3125
0 0.4392916666666667 0.7653601694915254 0.1130138888888889 0.2807203389830508
0 0.26625 0.8377542372881356 0.21915277777777778 0.2701271186440678