0 0.8024444444444444 0.6803177966101696 0.15238888888888888 0.21656779661016948
0 0.7977916666666667 0.5108262711864408 0.15311111111111111 0.23540254237288136
0 0.6543055555555556 0.4872881355932203 0.17166666666666666 0.26364406779661015
0 0.5061805555555555 0.4260805084745763 0.15629166666666666 0.2542372881355932
0 0.36191666666666666 0.39430084745762717 0.17020833333333332 0.27072033898305087
0 0.24541666666666664 0.36957627118644065 0.14094444444444446 0.21656779661016948
0 0.14281944444444444 0.3954872881355932 0.164125 0.19773305084745763
0 0.2577916666666667 0.7521186440677966 0.10901388888888888 0.1483050847457627
0 0.15438888888888888 0.775656779661017 0.10394444444444445 0.15771186440677964
0 0.05536111111111111 0.8180296610169492 0.11072222222222222 0.17654661016949152
0 0.21690277777777775 0.6603177966101695 0.07043055555555555 0.14360169491525424
0 0.08727777777777779 0.6673728813559322 0.12402777777777778 0.18127118644067797
0 0.16905555555555554 0.6097033898305084 0.09931944444444445 0.16008474576271187
0 0.29173611111111114 0.6579661016949152 0.11519444444444445 0.18597457627118644
0 0.37041666666666667 0.8038983050847458 0.11213888888888889 0.17184322033898305