0 0.1575 0.14466666666666667 0.10588888888888888 0.13658333333333333
0 0.18372222222222223 0.28125 0.09973611111111111 0.17360416666666667
0 0.2786111111111111 0.228 0.08895833333333333 0.15508333333333332
0 0.3233611111111111 0.12847916666666667 0.10131944444444445 0.1180625
0 0.43676388888888895 0.2662083333333333 0.11216666666666668 0.19443749999999999
0 0.3441944444444444 0.3495416666666667 0.1306388888888889 0.22222916666666667
0 0.23695833333333335 0.4560208333333333 0.11672222222222223 0.19908333333333333
0 0.2346388888888889 0.6145833333333334 0.11826388888888889 0.13193749999999999
0 0.341875 0.5671250000000001 0.10750000000000001 0.21295833333333333
0 0.44679166666666664 0.4629583333333333 0.0705 0.19443749999999999
0 0.44756944444444446 0.6539375 0.09981944444444445 0.17825
0 0.5478611111111111 0.272 0.0875 0.16897916666666665
0 0.6473888888888889 0.17591666666666667 0.12304166666666667 0.23610416666666667
0 0.7607916666666666 0.21758333333333332 0.11227777777777778 0.21295833333333333
0 0.6813194444444445 0.3807916666666667 0.11377777777777778 0.20602083333333335
0 0.5586388888888889 0.42825 0.13466666666666666 0.17129166666666668
0 0.7029305555555556 0.5925833333333334 0.13230555555555557 0.20370833333333332
0 0.5833472222222222 0.5949166666666666 0.10602777777777778 0.18056250000000001
0 0.7260694444444444 0.8009166666666666 0.098375 0.25
0 0.5933472222222222 0.7916666666666666 0.16706944444444446 0.22685416666666666
0 0.46066666666666667 0.8206041666666667 0.07761111111111112 0.17360416666666667
0 0.34494444444444444 0.74075 0.09924999999999999 0.13425
0 0.24619444444444444 0.7199166666666666 0.09002777777777776 0.11110416666666666
0 0.09190277777777778 0.36110416666666667 0.10859722222222222 0.22685416666666666
0 0.05381944444444445 0.1539375 0.08604166666666667 0.20139583333333333
0 0.22999999999999998 0.052083333333333336 0.050361111111111106 0.07639583333333334
0 0.9312777777777778 0.4004583333333333 0.07991666666666666 0.14352083333333335