0 0.15494444444444444 0.3802966101694915 0.12445833333333334 0.17584745762711865
0 0.14591666666666667 0.5625 0.12306944444444444 0.19703389830508475
0 0.25354166666666667 0.559322033898305 0.11615277777777777 0.23728813559322035
0 0.2736805555555556 0.3538135593220339 0.175875 0.21610169491525424
0 0.3313055555555555 0.22139830508474576 0.16062500000000002 0.13347457627118645
0 0.44587499999999997 0.1906779661016949 0.08705555555555555 0.11864406779661017
0 0.5437777777777778 0.2044491525423729 0.12458333333333334 0.1716101694915254
0 0.4243472222222222 0.3898305084745763 0.10233333333333335 0.2245762711864407
0 0.5368333333333333 0.3802966101694915 0.10513888888888889 0.21398305084745764
0 0.6631944444444444 0.2944915254237288 0.08297222222222222 0.1228813559322034
0 0.7110972222222223 0.1705508474576271 0.10381944444444445 0.09957627118644068
0 0.6722222222222223 0.736228813559322 0.06491666666666666 0.11228813559322035
0 0.6076527777777778 0.788135593220339 0.08294444444444445 0.1271186440677966
0 0.3916944444444444 0.7627118644067796 0.1601388888888889 0.2457627118644068
0 0.1667361111111111 0.7330508474576272 0.09355555555555556 0.1228813559322034
0 0.65625 0.4300847457627119 0.12184722222222223 0.08898305084745763
0 0.9214861111111111 0.5307203389830508 0.10805555555555556 0.15466101694915255
0 0.5347361111111111 0.5985169491525424 0.12595833333333334 0.1843220338983051