0 0.1668763102725367 0.7404583333333333 0.249916142557652 0.22743055555555555
0 0.5713836477987422 0.7013888888888888 0.5310691823899371 0.2916666666666667
0 0.9240461215932914 0.7013888888888888 0.15188679245283018 0.3298611111111111
0 0.35519916142557656 0.4227361111111111 0.2139622641509434 0.1371527777777778
0 0.380083857442348 0.3003472222222222 0.1589727463312369 0.09027777777777778
0 0.37482180293501044 0.19270833333333334 0.14496855345911952 0.1284722222222222
0 0.3892243186582809 0.07379166666666667 0.16855345911949687 0.11631944444444445
0 0.5516981132075472 0.07552777777777778 0.13542976939203352 0.1371527777777778
0 0.538595387840671 0.22483333333333333 0.15639412997903562 0.1579861111111111
0 0.5451362683438155 0.3836805555555556 0.13278825995807128 0.19444444444444445
0 0.7154507337526205 0.41233333333333333 0.19574423480083858 0.16493055555555555
0 0.6853039832285115 0.16666666666666666 0.15272536687631025 0.3194444444444444
0 0.830733752620545 0.19358333333333333 0.12767295597484277 0.1996527777777778
0 0.8857442348008385 0.39495833333333336 0.12243186582809223 0.19270833333333334