0 0.4550104821802935 0.8083333333333333 0.15230607966457024 0.1
0 0.5818238993710692 0.8159722222222222 0.1209014675052411 0.08472222222222223
0 0.6887211740041929 0.8145833333333333 0.10417190775681341 0.09305555555555556
0 0.5734171907756813 0.74375 0.08452830188679246 0.06805555555555555
0 0.5954507337526205 0.6069444444444444 0.11041928721174005 0.08611111111111111
0 0.4193710691823899 0.5201388888888889 0.13276729559748426 0.08472222222222223
0 0.5650524109014674 0.5229166666666667 0.10412997903563942 0.06805555555555555
0 0.6992033542976939 0.5666666666666667 0.12094339622641509 0.09166666666666666
0 0.6792872117400419 0.5104166666666666 0.10754716981132074 0.07083333333333333
0 0.7568553459119497 0.4861111111111111 0.13563941299790358 0.075
0 0.8029559748427673 0.4326388888888889 0.0949266247379455 0.059722222222222225
0 0.8249685534591195 0.36736111111111114 0.08861635220125787 0.06805555555555555
0 0.850104821802935 0.2972222222222222 0.07184486373165619 0.075
0 0.8532494758909853 0.24444444444444444 0.08651991614255766 0.03888888888888889
0 0.6069601677148847 0.434375 0.12222222222222222 0.06041666666666667
0 0.6153459119496855 0.3663194444444444 0.10966457023060797 0.07152777777777777
0 0.6352620545073375 0.28923611111111114 0.1159538784067086 0.08680555555555555
0 0.6331656184486373 0.20590277777777777 0.10335429769392034 0.08680555555555555
0 0.4633962264150943 0.3697916666666667 0.11457023060796645 0.09097222222222222
0 0.4749056603773585 0.29409722222222223 0.12228511530398323 0.08541666666666667
0 0.46337526205450735 0.215625 0.12438155136268343 0.11180555555555556
0 0.46861635220125786 0.121875 0.10551362683438155 0.09652777777777778
0 0.31142557651991615 0.13784722222222223 0.10404612159329141 0.06597222222222222
0 0.30828092243186583 0.22395833333333334 0.11033542976939203 0.08263888888888889
0 0.3208595387840671 0.30451388888888886 0.12710691823899373 0.09097222222222222
0 0.3208595387840671 0.4017361111111111 0.1522641509433962 0.09375
0 0.1688888888888889 0.42743055555555554 0.09559748427672957 0.06180555555555556
0 0.1510901467505241 0.5086805555555556 0.1018867924528302 0.07430555555555556
0 0.14060796645702306 0.590625 0.13542976939203352 0.07708333333333334
0 0.1510901467505241 0.6635416666666667 0.16058700209643606 0.07013888888888889
0 0.31039832285115304 0.6121527777777778 0.13129979035639414 0.08402777777777778
0 0.46444444444444444 0.050347222222222224 0.11666666666666667 0.04375
0 0.7233123689727463 0.6802083333333333 0.0027253668763102725 0.0020833333333333333