0 0.14341719077568132 0.10108333333333333 0.2180293501048218 0.125
0 0.39262054507337524 0.07484722222222222 0.1948218029350105 0.10338888888888889
0 0.22142557651991615 0.23302777777777778 0.2250524109014675 0.12345833333333334
0 0.40540880503144655 0.19290277777777776 0.15989517819706497 0.10802777777777778
0 0.5835849056603774 0.1890416666666667 0.2647589098532495 0.11265277777777778
0 0.6825786163522012 0.08255555555555555 0.2112159329140461 0.10956944444444444
0 0.07379454926624739 0.3472222222222222 0.14761006289308176 0.12654166666666666
0 0.25171907756813416 0.33487500000000003 0.28096436058700214 0.14815277777777777
0 0.510230607966457 0.32561111111111113 0.21117400419287213 0.16666666666666666
0 0.6977148846960167 0.30093055555555553 0.2321802935010482 0.11727777777777777
0 0.7640880503144655 0.1890416666666667 0.16935010482180293 0.11883333333333333
0 0.07469601677148847 0.47762499999999997 0.13649895178197066 0.17129166666666668
0 0.28664570230607966 0.49383333333333335 0.24368972746331236 0.1512361111111111
0 0.4787840670859539 0.4876527777777778 0.1948427672955975 0.1605
0 0.7244863731656184 0.46605555555555556 0.20192872117400418 0.14815277777777777
0 0.8444444444444444 0.375 0.1390985324947589 0.15740277777777778
0 0.13991614255765197 0.6350277777777779 0.20171907756813418 0.13734722222222223
0 0.34253668763102724 0.6404305555555556 0.22041928721174003 0.1388888888888889
0 0.5777568134171908 0.6327222222222222 0.16926624737945492 0.1512361111111111
0 0.7489517819706499 0.6087916666666666 0.2089098532494759 0.13734722222222223
0 0.9200419287211741 0.5632777777777778 0.159916142557652 0.16666666666666666
0 0.5032285115303983 0.7631111111111112 0.16459119496855348 0.14351388888888889
0 0.20979035639412996 0.7685138888888889 0.24366876310272537 0.12345833333333334
0 0.39494758909853245 0.7870416666666666 0.17618448637316564 0.15740277777777778
0 0.5440041928721174 0.8587916666666667 0.19953878406708597 0.10956944444444444
0 0.29247379454926625 0.9050972222222222 0.2460377358490566 0.16204166666666667
0 0.7571069182389937 0.7523194444444444 0.20192872117400418 0.14043055555555556