0 0.2124722222222222 0.6832298136645962 0.16849999999999998 0.2415527950310559
0 0.3733194444444445 0.7349896480331263 0.16159722222222223 0.2312008281573499
0 0.5336111111111111 0.6754658385093167 0.17208333333333334 0.2605175983436853
0 0.5474861111111111 0.8557556935817805 0.14198611111111112 0.12422360248447205
0 0.7071805555555556 0.9014906832298137 0.13277777777777777 0.15356107660455487
0 0.5307083333333333 0.33815734989648033 0.17090277777777776 0.21049689440993788
0 0.397625 0.08799171842650104 0.11994444444444444 0.12422360248447205
0 0.8709305555555557 0.9347826086956522 0.10622222222222223 0.13043478260869565
0 0.9644444444444444 0.7289440993788819 0.07111111111111111 0.12939958592132506
0 0.8188611111111112 0.7203312629399586 0.166375 0.14320910973084885
0 0.8026527777777778 0.5227743271221532 0.12470833333333334 0.19322981366459627
0 0.93725 0.5460662525879917 0.1254861111111111 0.15010351966873706
0 0.7529027777777778 0.33126293995859213 0.16406944444444443 0.15182194616977226
0 0.9199027777777778 0.2639751552795031 0.1602083333333333 0.14838509316770188