0 0.6946111111111111 0.8114406779661016 0.2443611111111111 0.13135593220338984
0 0.05284722222222222 0.6833686440677966 0.10570833333333333 0.2026271186440678
0 0.7260555555555556 0.5936016949152543 0.06231944444444444 0.09245762711864407
0 0.8108888888888889 0.6407838983050848 0.06026388888888889 0.07510593220338983
0 0.8913055555555556 0.5570127118644068 0.13775 0.07319915254237287
0 0.6635694444444444 0.3848305084745762 0.05602777777777778 0.07550847457627119
0 0.9598194444444446 0.39175847457627117 0.08034722222222222 0.08936440677966101
0 0.9269027777777777 0.17372881355932204 0.09280555555555554 0.0847457627118644
0 0.3065555555555556 0.039491525423728815 0.08945833333333333 0.07896186440677967
0 0.22437500000000002 0.2076271186440678 0.08419444444444445 0.12171610169491526
0 0.13056944444444446 0.40601694915254233 0.15668055555555555 0.1409957627118644
0 0.017611111111111112 0.4318220338983051 0.035222222222222224 0.07703389830508474
0 0.41245833333333337 0.6330932203389831 0.18259722222222222 0.1675635593220339
0 0.42256944444444444 0.3376271186440678 0.0715 0.10824152542372882
0 0.5085416666666667 0.4402966101694915 0.05909722222222222 0.07858050847457627
0 0.34606944444444443 0.2952542372881356 0.07505555555555556 0.0851271186440678
0 0.12718055555555555 0.12326271186440678 0.05465277777777778 0.08550847457627118
0 0.5998194444444445 0.20819915254237287 0.07245833333333333 0.08050847457627118