0 0.29622641509433967 0.41580555555555554 0.2689517819706499 0.13020833333333334
0 0.6054297693920336 0.41580555555555554 0.36339622641509434 0.1371527777777778
0 0.2766037735849057 0.6588611111111111 0.3239832285115304 0.22743055555555555
0 0.6316352201257862 0.6788194444444444 0.3476939203354298 0.2777777777777778
0 0.046331236897274634 0.6849027777777777 0.09268343815513627 0.16493055555555555
0 0.2556184486373166 0.2838611111111111 0.1719916142557652 0.140625
0 0.24643605870020963 0.10850000000000001 0.1450104821802935 0.16493055555555555
0 0.4992872117400419 0.2934027777777778 0.21924528301886792 0.10416666666666667
0 0.49142557651991614 0.1875 0.15113207547169813 0.09027777777777778
0 0.5398951781970649 0.06511111111111112 0.15377358490566037 0.13020833333333334
0 0.6551781970649895 0.3038194444444444 0.14333333333333334 0.09027777777777778
0 0.7062893081761006 0.11893055555555555 0.11976939203354298 0.22743055555555555
0 0.8267924528301887 0.4288194444444444 0.08836477987421383 0.10069444444444445
0 0.8648008385744235 0.3151111111111111 0.14339622641509436 0.08506944444444445
0 0.9450104821802935 0.21094444444444443 0.109979035639413 0.10243055555555555