0 0.3769601677148847 0.6311527777777778 0.30253668763102726 0.15436111111111112
0 0.7156603773584905 0.3559583333333334 0.14731656184486372 0.09206944444444445
0 0.5728092243186583 0.8777777777777778 0.2030607966457023 0.1754027777777778
0 0.2916352201257862 0.33293055555555556 0.1139203354297694 0.06190277777777778
0 0.4329769392033543 0.2670694444444444 0.10907756813417191 0.08888888888888889
0 0.5198113207547169 0.09940277777777777 0.1509643605870021 0.19880555555555554
0 0.6812159329140461 0.1418611111111111 0.14433962264150943 0.2313472222222222
0 0.31620545073375267 0.10694444444444444 0.15102725366876313 0.20912499999999998
0 0.06825995807127883 0.18611111111111112 0.13433962264150942 0.08570833333333333
0 0.08890985324947588 0.33055555555555555 0.14572327044025157 0.1365138888888889
0 0.8318238993710692 0.6154722222222222 0.1880083857442348 0.10318055555555557