0 0.11665277777777777 0.49557203389830506 0.12129166666666666 0.17758474576271185
0 0.16236111111111112 0.6750847457627118 0.12681944444444446 0.1513771186440678
0 0.23834722222222224 0.8100847457627119 0.14245833333333333 0.07858050847457627
0 0.6398055555555556 0.37171610169491526 0.11708333333333333 0.18798728813559323
0 0.6756527777777778 0.17296610169491525 0.148375 0.1602542372881356
0 0.8186944444444445 0.5835805084745762 0.09858333333333334 0.2265042372881356
0 0.914125 0.4851694915254237 0.08744444444444445 0.1644915254237288
0 0.9730833333333333 0.6806567796610169 0.05383333333333333 0.1433050847457627
0 0.621375 0.6985805084745763 0.08527777777777777 0.15985169491525425
0 0.7096250000000001 0.7648305084745762 0.07236111111111111 0.10747881355932203
0 0.8113750000000001 0.8330084745762713 0.09909722222222221 0.09745762711864407
0 0.8059444444444444 0.9470338983050848 0.08572222222222223 0.1059322033898305