0 0.32125000000000004 0.24629237288135594 0.23794444444444443 0.2877754237288136
0 0.12047222222222222 0.4184322033898305 0.16730555555555554 0.21891949152542373
0 0.17255555555555555 0.6620762711864406 0.19509722222222223 0.2330508474576271
0 0.2946388888888889 0.4749364406779661 0.17545833333333333 0.1694915254237288
0 0.3426527777777778 0.6664830508474576 0.13266666666666665 0.24188559322033898
0 0.4444861111111111 0.64 0.08409722222222221 0.2771822033898305
0 0.26165277777777773 0.8580508474576272 0.09559722222222222 0.20832627118644068
0 0.3594305555555556 0.8456991525423729 0.06670833333333334 0.16243644067796612
0 0.664375 0.22245762711864406 0.181375 0.2612923728813559
0 0.5833611111111111 0.5279025423728814 0.18365277777777778 0.3707627118644068
0 0.7725694444444444 0.6029237288135593 0.184875 0.2877754237288136
0 0.8888472222222222 0.3990042372881356 0.08702777777777777 0.1483050847457627
0 0.9189444444444445 0.5817372881355932 0.09813888888888889 0.21716101694915255
0 0.8090138888888889 0.8825847457627118 0.07263888888888889 0.2348093220338983
0 0.7193194444444444 0.811271186440678 0.08995833333333333 0.18184322033898304
0 0.9578749999999999 0.7335805084745762 0.08426388888888889 0.11122881355932203