0 0.05593291404612159 0.4625 0.11188679245283019 0.09166666666666666
0 0.19509433962264153 0.4388888888888889 0.15639412997903562 0.06666666666666667
0 0.2820964360587002 0.37569444444444444 0.14176100628930818 0.07916666666666666
0 0.2579454926624738 0.2847222222222222 0.16639412997903566 0.125
0 0.24433962264150944 0.18263888888888888 0.13911949685534591 0.0875
0 0.2170859538784067 0.09166666666666666 0.16429769392033544 0.11666666666666667
0 0.42568134171907757 0.37222222222222223 0.12712788259958072 0.06944444444444445
0 0.49169811320754714 0.3326388888888889 0.19213836477987423 0.08472222222222223
0 0.4916771488469602 0.24930555555555556 0.13067085953878407 0.12638888888888888
0 0.46651991614255767 0.14027777777777778 0.1390566037735849 0.1111111111111111
0 0.4549895178197065 0.06458333333333334 0.15373165618448636 0.09305555555555556
0 0.6772117400419286 0.34305555555555556 0.1859119496855346 0.07222222222222222
0 0.7924947589098532 0.3125 0.11886792452830189 0.06388888888888888
0 0.8123689727463312 0.23472222222222222 0.12635220125786165 0.09166666666666666
0 0.850104821802935 0.13958333333333334 0.12215932914046122 0.08472222222222223
0 0.8071488469601676 0.04583333333333333 0.1619916142557652 0.08333333333333333
0 0.4414046121593292 0.45555555555555555 0.2088888888888889 0.10555555555555556
0 0.6174633123689727 0.43819444444444444 0.17540880503144654 0.09305555555555556
0 0.780964360587002 0.42083333333333334 0.13773584905660377 0.11666666666666667
0 0.8134591194968553 0.5368055555555555 0.1440461215932914 0.11805555555555555
0 0.08633123689727464 0.575 0.1726834381551363 0.13055555555555556
0 0.24540880503144655 0.5305555555555556 0.16480083857442349 0.10555555555555556
0 0.3879454926624738 0.5180555555555556 0.15647798742138364 0.08055555555555556
0 0.6373794549266247 0.5159722222222223 0.13559748427672957 0.10138888888888889
0 0.889958071278826 0.6555555555555556 0.13358490566037737 0.075
0 0.9538784067085954 0.7006944444444444 0.08119496855345912 0.10694444444444444
0 0.4654926624737945 0.7798611111111111 0.17327044025157234 0.08472222222222223
0 0.20557651991614256 0.7020833333333333 0.12863731656184485 0.07916666666666666
0 0.12069182389937107 0.8854166666666666 0.1668553459119497 0.1125
0 0.26846960167714884 0.8847222222222222 0.22769392033542976 0.11388888888888889
0 0.45081761006289306 0.9284722222222223 0.14811320754716983 0.09583333333333334
0 0.5985953878406708 0.9458333333333333 0.12928721174004193 0.06944444444444445
0 0.7075890985324947 0.9611111111111111 0.13352201257861634 0.06111111111111111
0 0.3323689727463312 0.9645833333333333 0.19777777777777777 0.07083333333333333
0 0.1510691823899371 0.9715277777777778 0.14964360587002096 0.05694444444444444
0 0.9255765199161425 0.8493055555555555 0.0005660377358490566 0.001388888888888889