0 0.259853249475891 0.9274722222222221 0.15285115303983227 0.1388888888888889
0 0.19582809224318656 0.7253055555555556 0.2669811320754717 0.16666666666666666
0 0.48111111111111116 0.6766944444444445 0.2228092243186583 0.12808333333333333
0 0.7081761006289309 0.6844166666666667 0.15067085953878406 0.20216666666666666
0 0.9165618448637316 0.7407361111111112 0.16689727463312368 0.11727777777777777
0 0.7815513626834382 0.4212916666666666 0.24153039832285114 0.19136111111111112
0 0.4683018867924528 0.4837916666666666 0.2530817610062893 0.15894444444444444
0 0.13991614255765197 0.5123472222222222 0.24830188679245283 0.13580555555555557
0 0.10176100628930818 0.3773194444444445 0.20350104821802933 0.10648611111111111
0 0.09475890985324949 0.23843055555555553 0.17555555555555555 0.12808333333333333
0 0.4846121593291405 0.2175972222222222 0.21580712788259956 0.16358333333333333
0 0.5591404612159329 0.12422222222222222 0.1552830188679245 0.08795833333333333
0 0.8269601677148847 0.2600277777777778 0.21593291404612158 0.14969444444444444
0 0.889433962264151 0.09490277777777778 0.21182389937106919 0.1743888888888889
0 0.59874213836478 0.9521666666666666 0.27641509433962264 0.09568055555555556