0 0.06536687631027253 0.5927083333333333 0.13075471698113206 0.09236111111111112
0 0.18253668763102723 0.6510416666666666 0.18574423480083857 0.10347222222222222
0 0.29048218029350104 0.5677083333333334 0.11660377358490566 0.07569444444444444
0 0.3827044025157233 0.5086805555555556 0.15436058700209643 0.0798611111111111
0 0.28628930817610065 0.4114583333333333 0.1291823899371069 0.08819444444444445
0 0.6656813417190776 0.4420138888888889 0.15027253668763105 0.10486111111111111
0 0.7316981132075472 0.5399305555555556 0.17335429769392033 0.11180555555555556
0 0.810293501048218 0.6878472222222223 0.12517819706498953 0.11319444444444444
0 0.6635429769392034 0.6364583333333333 0.20188679245283017 0.10347222222222222
0 0.6331865828092242 0.7350694444444444 0.2026834381551363 0.13541666666666666
0 0.7474213836477988 0.8177083333333334 0.14612159329140462 0.08958333333333333
0 0.5849475890985325 0.8309027777777778 0.14949685534591195 0.07291666666666667
0 0.8427882599580713 0.4690972222222222 0.15243186582809223 0.12013888888888889
0 0.8668972746331237 0.35173611111111114 0.12937106918238994 0.11041666666666666
0 0.9541719077568134 0.16493055555555555 0.09167714884696015 0.07847222222222222
0 0.6992033542976939 0.32534722222222223 0.11255765199161426 0.09375
0 0.7044234800838575 0.20104166666666667 0.13268343815513628 0.08541666666666667
0 0.7337945492662473 0.05590277777777778 0.10207547169811321 0.11180555555555556
0 0.5220964360587002 0.2767361111111111 0.12716981132075472 0.09097222222222222
0 0.5545702306079664 0.20173611111111112 0.12224318658280924 0.07847222222222222
0 0.5441090146750525 0.10034722222222223 0.1250733752620545 0.09097222222222222
0 0.2653249475890985 0.17048611111111112 0.10821802935010481 0.12013888888888889
0 0.23911949685534592 0.04652777777777778 0.1270649895178197 0.09305555555555556
0 0.4434800838574423 0.359375 0.14601677148846962 0.08958333333333333