0 0.10398611111111111 0.17258474576271185 0.20259722222222223 0.17389830508474577
0 0.312875 0.23260593220338985 0.23622222222222225 0.21275423728813558
0 0.08547222222222223 0.4859533898305085 0.167875 0.21097457627118643
0 0.2486388888888889 0.49213983050847454 0.16329166666666667 0.18802966101694915
0 0.4065972222222222 0.44536016949152546 0.14830555555555555 0.20745762711864407
0 0.07197222222222223 0.6651694915254237 0.14394444444444446 0.15978813559322033
0 0.26541666666666663 0.6519279661016949 0.18529166666666666 0.1721398305084746
0 0.41063888888888894 0.6342796610169491 0.11705555555555555 0.20038135593220338
0 0.2486388888888889 0.9095127118644069 0.15866666666666665 0.18097457627118643
0 0.40370833333333334 0.8708474576271187 0.14483333333333334 0.17567796610169492
0 0.49454166666666666 0.6042584745762711 0.09972222222222221 0.20745762711864407
0 0.5425694444444444 0.8620127118644068 0.15180555555555555 0.24983050847457627
0 0.5524166666666667 0.28027542372881353 0.25251388888888887 0.3151483050847458
0 0.7670694444444444 0.19463983050847458 0.195875 0.3027966101694915
0 0.9305972222222222 0.37031779661016945 0.13879166666666667 0.4104872881355932
0 0.798888888888889 0.4568220338983051 0.14148611111111112 0.2621822033898305