0 0.04538888888888889 0.7801455301455301 0.08523611111111111 0.15696465696465697
0 0.11398611111111111 0.7562370062370062 0.0925 0.1632016632016632
0 0.19869444444444445 0.7198544698544699 0.08975000000000001 0.10706860706860707
0 0.2195138888888889 0.6107068607068608 0.10641666666666667 0.1548856548856549
0 0.04677777777777778 0.5088357588357588 0.09356944444444446 0.183991683991684
0 0.14244444444444446 0.4911642411642412 0.11056944444444444 0.18191268191268192
0 0.22854166666666667 0.3872141372141372 0.10226388888888888 0.14033264033264034
0 0.25701388888888893 0.25 0.1480972222222222 0.12785862785862787
0 0.16604166666666667 0.2624740124740125 0.12444444444444444 0.18607068607068608
0 0.0565 0.25727650727650725 0.09356944444444446 0.2047817047817048
0 0.3195 0.15228690228690228 0.09534722222222224 0.09875259875259876
0 0.35283333333333333 0.06652806652806653 0.10647222222222222 0.13305613305613306
0 0.2514444444444444 0.056652806652806656 0.09075000000000001 0.11330561330561331
0 0.34380555555555553 0.3840956340956341 0.11895833333333335 0.14656964656964658
0 0.39726388888888886 0.3206860706860707 0.1092638888888889 0.11954261954261955
0 0.4257361111111111 0.20738045738045738 0.11066666666666668 0.12162162162162163
0 0.4833611111111111 0.3633056133056133 0.08429166666666667 0.11330561330561331
0 0.3306111111111111 0.6429313929313929 0.10925 0.12370062370062371
0 0.3486666666666667 0.8061330561330561 0.10090277777777779 0.1257796257796258
0 0.40351388888888884 0.5400207900207901 0.09398611111111112 0.183991683991684
0 0.20979166666666668 0.9558212058212058 0.10086111111111112 0.08835758835758836
0 0.30074999999999996 0.9402286902286903 0.10784722222222223 0.11954261954261955
0 0.4243472222222222 0.9495841995841996 0.1078888888888889 0.10083160083160084
0 0.5312638888888889 0.932952182952183 0.08847222222222223 0.1340956340956341
0 0.5535 0.7905405405405406 0.13570833333333332 0.16112266112266113
0 0.7833194444444445 0.6502079002079002 0.12050000000000001 0.1257796257796258
0 0.7770416666666667 0.5317047817047817 0.13918055555555556 0.20686070686070687
0 0.8277361111111111 0.42255717255717257 0.11 0.15904365904365905
0 0.8999583333333334 0.6637214137214137 0.10387500000000001 0.11538461538461539
0 0.8999722222222223 0.5431392931392931 0.13443055555555555 0.15696465696465697
0 0.8069027777777779 0.2001039501039501 0.09056944444444444 0.1340956340956341
0 0.8930138888888889 0.2531185031185031 0.12054166666666667 0.12162162162162163
0 0.9270416666666667 0.3373180873180873 0.13304166666666667 0.11954261954261955
0 0.9284305555555556 0.42567567567567566 0.13304166666666667 0.14656964656964658
0 0.7305277777777778 0.4100831600831601 0.11280555555555555 0.13825363825363826
0 0.6020694444444444 0.4308731808731809 0.12534722222222222 0.15904365904365905