0 0.2903055555555556 0.35460416666666666 0.2373611111111111 0.2109375
0 0.31977777777777777 0.6974791666666668 0.27525 0.30120833333333336
0 0.5905555555555555 0.7052916666666668 0.28441666666666665 0.32379166666666664
0 0.8029444444444445 0.6401875 0.12413888888888888 0.14322916666666666
0 0.5929305555555556 0.33637500000000004 0.3497222222222222 0.27516666666666667
0 0.34349999999999997 0.14018750000000002 0.12134722222222223 0.13802083333333334
0 0.44015277777777784 0.0555625 0.10897222222222222 0.11110416666666666
0 0.8336111111111112 0.21485416666666665 0.08595833333333333 0.17447916666666666
0 0.9441111111111111 0.19920833333333335 0.09640277777777777 0.12239583333333333
0 0.8561666666666667 0.42664583333333334 0.11258333333333334 0.16754166666666667
0 0.9641527777777779 0.40841666666666665 0.07169444444444444 0.15537499999999999
0 0.947375 0.6862083333333333 0.10525 0.13454166666666667
0 0.7722638888888889 0.92925 0.079 0.13454166666666667
0 0.867736111111111 0.9570416666666667 0.07555555555555556 0.0859375
0 0.37651388888888887 0.9032083333333334 0.1645 0.13454166666666667
0 0.5662916666666666 0.9110208333333334 0.17381944444444444 0.08766666666666666