0 0.8813417190775681 0.6550555555555555 0.11081761006289308 0.09494444444444444
0 0.9615513626834382 0.5511388888888888 0.07687631027253669 0.05631944444444444
0 0.6766666666666666 0.32159722222222226 0.16651991614255768 0.10227777777777777
0 0.6726624737945492 0.2141388888888889 0.16232704402515724 0.05656944444444444
0 0.499832285115304 0.11465277777777777 0.14828092243186583 0.06969444444444445
0 0.4920335429769392 0.2595972222222222 0.1669601677148847 0.14747222222222223
0 0.48937106918238993 0.41768055555555555 0.12352201257861635 0.13030555555555554
0 0.49945492662473795 0.56275 0.10941299790356393 0.06438888888888888
0 0.6783857442348008 0.5794166666666667 0.059433962264150944 0.04722222222222222
0 0.05737945492662474 0.23093055555555558 0.09431865828092244 0.09772222222222222
0 0.07109014675052411 0.34229166666666666 0.12174004192872118 0.09318055555555556
0 0.32796645702306076 0.1507638888888889 0.13232704402515721 0.09645833333333334
0 0.31348008385744236 0.27765277777777775 0.11861635220125785 0.11540277777777778
0 0.30605870020964365 0.44949999999999996 0.099958071278826 0.07272222222222222
0 0.6883018867924529 0.44608333333333333 0.1280293501048218 0.06540277777777778
0 0.3329140461215933 0.05934722222222222 0.13461215932914045 0.05505555555555556
0 0.6115094339622641 0.700375 0.08955974842767295 0.04672222222222222
0 0.44477987421383647 0.6348472222222222 0.10295597484276729 0.05454166666666667
0 0.3064360587002096 0.5900277777777778 0.15406708595387839 0.07348611111111111
0 0.18542976939203354 0.612 0.12171907756813417 0.061875