0 0.250125 0.04513888888888889 0.1429375 0.09027777777777778
0 0.4001041666666667 0.05138888888888889 0.17214583333333333 0.10277777777777777
0 0.5459166666666667 0.15 0.14720833333333333 0.07222222222222222
0 0.7719166666666666 0.16527777777777777 0.11604166666666667 0.08611111111111111
0 0.7427499999999999 0.30625 0.13268749999999999 0.09861111111111111
0 0.37302083333333336 0.2916666666666667 0.1055 0.05277777777777778
0 0.30012500000000003 0.18541666666666667 0.17629166666666668 0.12916666666666668
0 0.749 0.4270833333333333 0.09520833333333334 0.08194444444444444
0 0.32927083333333335 0.4354166666666667 0.11381250000000001 0.0763888888888889
0 0.23658333333333334 0.31666666666666665 0.12835416666666666 0.11666666666666667
0 0.23970833333333333 0.5243055555555556 0.10129166666666665 0.07361111111111111
0 0.4376041666666667 0.5729166666666666 0.2305 0.1375
0 0.7968958333333334 0.59375 0.09939583333333334 0.07916666666666666
0 0.7989999999999999 0.6902777777777778 0.149375 0.11388888888888889
0 0.7969166666666666 0.5159722222222223 0.17854166666666668 0.0875
0 0.6385833333333333 0.4423611111111111 0.125625 0.07916666666666666
0 0.9083333333333333 0.7152777777777778 0.08485416666666666 0.06111111111111111