0 0.19869444444444445 0.6958333333333333 0.11752777777777779 0.15833333333333333
0 0.38476388888888885 0.6541666666666667 0.10093055555555555 0.125
0 0.7291527777777778 0.7135416666666666 0.10659722222222222 0.13958333333333334
0 0.6257083333333333 0.4375 0.1135 0.2
0 0.7499861111111111 0.5427083333333333 0.11770833333333333 0.14791666666666667
0 0.6117916666666667 0.6958333333333333 0.14756944444444445 0.2125
0 0.4895972222222222 0.628125 0.1476111111111111 0.25625
0 0.3347638888888889 0.5041666666666667 0.1323888888888889 0.2
0 0.21255555555555555 0.45208333333333334 0.14352777777777778 0.19583333333333333
0 0.38476388888888885 0.303125 0.11204166666666666 0.18125
0 0.5208611111111111 0.334375 0.12318055555555556 0.19375
0 0.5368194444444444 0.47291666666666665 0.08847222222222223 0.13333333333333333