0 0.13827777777777778 0.3614583333333333 0.11334722222222222 0.18125
0 0.20633333333333334 0.315625 0.09947222222222223 0.16458333333333333
0 0.31602777777777774 0.353125 0.12173611111111111 0.18541666666666667
0 0.44101388888888887 0.3625 0.1078888888888889 0.15416666666666667
0 0.5298333333333334 0.33125 0.05323611111111111 0.09583333333333334
0 0.6402777777777777 0.371875 0.12323611111111112 0.16041666666666668
0 0.7562361111111111 0.353125 0.09966666666666667 0.13958333333333334
0 0.8485833333333334 0.403125 0.07608333333333334 0.11875
0 0.7569305555555556 0.503125 0.09272222222222223 0.20625
0 0.8624722222222222 0.503125 0.12330555555555556 0.11458333333333333
0 0.9450833333333334 0.5552083333333333 0.0775 0.11458333333333333
0 0.6416527777777777 0.528125 0.13227777777777777 0.17708333333333334
0 0.5354166666666667 0.503125 0.08370833333333334 0.22291666666666668
0 0.4416805555555555 0.5322916666666667 0.11568055555555556 0.17708333333333334
0 0.3201805555555556 0.525 0.11988888888888888 0.17916666666666667
0 0.2104722222222222 0.490625 0.10881944444444444 0.20625
0 0.2757638888888889 0.6927083333333334 0.13283333333333333 0.16458333333333333
0 0.3792083333333333 0.690625 0.10647222222222222 0.13958333333333334
0 0.49169444444444443 0.7145833333333333 0.12595833333333334 0.18333333333333332
0 0.6014027777777777 0.7135416666666666 0.10655555555555556 0.19375
0 0.6840277777777778 0.6677083333333333 0.10241666666666666 0.12708333333333333
0 0.7791527777777778 0.671875 0.0955 0.15625
0 0.8673333333333334 0.6177083333333333 0.10802777777777778 0.12708333333333333
0 0.9580277777777777 0.6895833333333333 0.08394444444444445 0.1375
0 0.26395833333333335 0.803125 0.10366666666666667 0.10625
0 0.36325 0.7958333333333333 0.09674999999999999 0.10416666666666667
0 0.45766666666666667 0.8270833333333333 0.08845833333333333 0.08333333333333333