0 0.3042222222222222 0.16145833333333334 0.07034722222222221 0.11458333333333333
0 0.4028194444444444 0.17083333333333334 0.09815277777777778 0.13333333333333333
0 0.5173888888888889 0.16666666666666666 0.10236111111111111 0.12083333333333333
0 0.4278194444444444 0.3125 0.1342638888888889 0.1875
0 0.5153055555555556 0.34375 0.10930555555555556 0.13333333333333333
0 0.6055694444444444 0.3020833333333333 0.10377777777777777 0.14166666666666666
0 0.6291666666666667 0.4666666666666667 0.10379166666666667 0.2
0 0.5194444444444445 0.509375 0.12676388888888887 0.18125
0 0.39655555555555555 0.490625 0.1448611111111111 0.18125
0 0.3924166666666667 0.640625 0.14952777777777776 0.18958333333333333
0 0.5201666666666667 0.6697916666666667 0.12180555555555556 0.15208333333333332
0 0.6333472222222222 0.6375 0.14544444444444443 0.19583333333333333
0 0.7354027777777777 0.6322916666666667 0.10520833333333333 0.13541666666666666
0 0.37155555555555553 0.8010416666666667 0.13654166666666667 0.16458333333333333
0 0.49030555555555555 0.8114583333333333 0.09818055555555555 0.14791666666666667
0 0.5812638888888889 0.7885416666666667 0.07461111111111111 0.10625
0 0.6548611111111111 0.7625 0.06630555555555556 0.07083333333333333
0 0.31393055555555555 0.37604166666666666 0.079625 0.10208333333333333
0 0.2889305555555556 0.6572916666666667 0.08240277777777777 0.10625