0 0.21104166666666666 0.5473125 0.08345833333333334 0.22483333333333333
0 0.31748611111111114 0.6245625 0.13206944444444446 0.15712500000000001
0 0.48644444444444446 0.648875 0.14370833333333333 0.1328125
0 0.6258888888888888 0.6427916666666668 0.1356527777777778 0.16927083333333334
0 0.796 0.6401875 0.18430555555555553 0.16754166666666667
0 0.9421666666666667 0.569875 0.11565277777777777 0.33941666666666664
0 0.8179583333333332 0.45529166666666665 0.14897222222222223 0.19183333333333333
0 0.5188472222222222 0.42491666666666666 0.21315277777777777 0.09114583333333333
0 0.3180694444444444 0.43793750000000004 0.11934722222222223 0.0546875
0 0.6802777777777778 0.40320833333333334 0.11252777777777777 0.14150000000000001
0 0.5431111111111111 0.2773541666666667 0.19419444444444445 0.13802083333333334