0 0.3240041928721174 0.28854166666666664 0.10823899371069183 0.059027777777777776
0 0.45605870020964356 0.3017361111111111 0.1040880503144654 0.07152777777777777
0 0.5042767295597484 0.38090277777777776 0.11249475890985325 0.08263888888888889
0 0.4633962264150943 0.45590277777777777 0.09362683438155135 0.06597222222222222
0 0.5346540880503144 0.44131944444444443 0.08943396226415094 0.07013888888888889
0 0.4770230607966457 0.5184027777777778 0.09153039832285115 0.07152777777777777
0 0.4633962264150943 0.5795138888888889 0.1019916142557652 0.07152777777777777
0 0.4329979035639413 0.634375 0.08731656184486374 0.05347222222222222
0 0.3323899371069183 0.36354166666666665 0.09566037735849058 0.08958333333333333
0 0.23180293501048216 0.36006944444444444 0.11243186582809225 0.06597222222222222
0 0.3470649895178197 0.44895833333333335 0.09566037735849058 0.06597222222222222
0 0.24643605870020963 0.43368055555555557 0.1139832285115304 0.08402777777777778
0 0.3355345911949686 0.5107638888888889 0.12291404612159329 0.08680555555555555
0 0.2747379454926625 0.5100694444444445 0.07832285115303983 0.050694444444444445
0 0.34811320754716985 0.5788194444444444 0.09356394129979036 0.06736111111111111
0 0.3135220125786164 0.6399305555555556 0.08727463312368973 0.05347222222222222
0 0.42356394129979036 0.7038194444444444 0.07683438155136268 0.06180555555555556