0 0.2549444444444445 0.13645833333333332 0.21891666666666668 0.27291666666666664
0 0.4389305555555555 0.134375 0.17593055555555556 0.26875
0 0.5847361111111111 0.140625 0.16209722222222223 0.26875
0 0.7444444444444445 0.16041666666666668 0.17880555555555558 0.32083333333333336
0 0.8832916666666667 0.25625 0.09554166666666668 0.21666666666666667
0 0.19175 0.39166666666666666 0.21473611111111113 0.30833333333333335
0 0.3667222222222222 0.421875 0.20366666666666663 0.3020833333333333
0 0.5423888888888888 0.39895833333333336 0.17458333333333334 0.26458333333333334
0 0.7097222222222223 0.4510416666666667 0.17325 0.31875
0 0.8451111111111111 0.4708333333333333 0.13856944444444444 0.25416666666666665
0 0.9221805555555556 0.48125 0.10388888888888889 0.24166666666666667
0 0.9207777777777778 0.7260416666666667 0.14273611111111112 0.25625
0 0.7499722222222223 0.7166666666666667 0.19333333333333333 0.275
0 0.5569444444444445 0.696875 0.190625 0.3229166666666667
0 0.342375 0.71875 0.2615416666666667 0.32916666666666666
0 0.13895833333333332 0.6833333333333333 0.19633333333333336 0.2916666666666667
0 0.2320138888888889 0.921875 0.13143055555555555 0.15625
0 0.38477777777777783 0.9364583333333333 0.18980555555555556 0.12708333333333333
0 0.55975 0.9010416666666666 0.18152777777777776 0.13541666666666666
0 0.7534583333333333 0.9291666666666667 0.16631944444444444 0.14166666666666666
0 0.8951111111111112 0.9354166666666667 0.15247222222222223 0.12916666666666668