0 0.6402916666666667 0.7059748427672956 0.11208333333333334 0.18134171907756813
0 0.7256944444444444 0.7143605870020965 0.11073611111111112 0.1310272536687631
0 0.813875 0.6588050314465409 0.10659722222222222 0.1750524109014675
0 0.6985972222222222 0.560272536687631 0.11840277777777777 0.16876310272536688
0 0.6014027777777777 0.5151991614255765 0.09622222222222222 0.16247379454926625
0 0.6305833333333333 0.3946540880503145 0.11208333333333334 0.10796645702306079
0 0.6847361111111111 0.28144654088050314 0.13431944444444444 0.16666666666666666
0 0.675 0.15356394129979037 0.11006944444444444 0.13941299790356393
0 0.7840277777777778 0.2070230607966457 0.13852777777777778 0.17714884696016772
0 0.8798472222222222 0.19129979035639413 0.09134722222222222 0.1331236897274633
0 0.9194027777777778 0.06027253668763103 0.08222222222222222 0.12054507337526206
0 0.8756805555555556 0.3390985324947589 0.09134722222222222 0.17714884696016772
0 0.7881944444444444 0.35167714884696016 0.09409722222222222 0.17714884696016772
0 0.8284583333333333 0.5068134171907757 0.09965277777777778 0.13522012578616352
0 0.7229027777777778 0.4250524109014675 0.08645833333333333 0.13731656184486374
0 0.6041805555555555 0.30765199161425577 0.03788888888888889 0.0870020964360587