0 0.1202361111111111 0.43020833333333336 0.13555555555555554 0.18125
0 0.26395833333333335 0.4010416666666667 0.125875 0.17291666666666666
0 0.26463888888888887 0.5791666666666667 0.11615277777777777 0.1625
0 0.13758333333333334 0.58125 0.11195833333333333 0.15
0 0.22091666666666668 0.7072916666666667 0.13143055555555555 0.13958333333333334
0 0.41462499999999997 0.7270833333333333 0.12454166666666668 0.11666666666666667
0 0.529875 0.7208333333333333 0.10791666666666667 0.12916666666666668
0 0.6340416666666666 0.7125 0.1246111111111111 0.13333333333333333
0 0.7444305555555556 0.7072916666666667 0.1232638888888889 0.15208333333333332
0 0.8735833333333334 0.678125 0.11775000000000001 0.14791666666666667
0 0.436125 0.5916666666666667 0.11013888888888888 0.14583333333333334
0 0.7554861111111112 0.5572916666666666 0.1295277777777778 0.18958333333333333
0 0.8819027777777778 0.55625 0.11775000000000001 0.20416666666666666
0 0.9508333333333334 0.4875 0.09833333333333333 0.15416666666666667
0 0.9628888888888889 0.653125 0.07422222222222222 0.19791666666666666
0 0.947875 0.7697916666666667 0.0775138888888889 0.13541666666666666
0 0.43198611111111107 0.3770833333333333 0.09261111111111112 0.09583333333333334
0 0.5243333333333333 0.36770833333333336 0.11347222222222222 0.11458333333333333
0 0.6180694444444444 0.3958333333333333 0.1121111111111111 0.1125
0 0.4285 0.465625 0.07541666666666666 0.10208333333333333
0 0.7354027777777777 0.40208333333333335 0.10520833333333333 0.10416666666666667
0 0.4680694444444444 0.17395833333333333 0.11568055555555556 0.14791666666666667
0 0.5576527777777778 0.20208333333333334 0.09959722222222221 0.17083333333333334
0 0.6583333333333333 0.20416666666666666 0.12045833333333333 0.20416666666666666
0 0.7534583333333333 0.28125 0.09966666666666667 0.15416666666666667
0 0.8451111111111111 0.29270833333333335 0.09136111111111112 0.14375
0 0.9420555555555555 0.33958333333333335 0.115875 0.1875
0 0.8485694444444445 0.41041666666666665 0.09055555555555556 0.14583333333333334