0 0.29588888888888887 0.39082278481012656 0.07868055555555556 0.10864978902953587
0 0.35561111111111116 0.34124472573839665 0.08424999999999999 0.1360759493670886
0 0.35700000000000004 0.4699367088607595 0.09813888888888889 0.169831223628692
0 0.47226388888888887 0.6998945147679325 0.14818055555555557 0.22468354430379747
0 0.5604305555555555 0.7167721518987342 0.11904166666666666 0.19514767932489452
0 0.6479305555555556 0.6977848101265823 0.15518055555555557 0.31329113924050633
0 0.7624861111111111 0.685126582278481 0.134375 0.2668776371308017
0 0.8513611111111111 0.8275316455696202 0.12051388888888888 0.20147679324894516
0 0.7472083333333334 0.9003164556962026 0.08993055555555556 0.1909282700421941
0 0.6367916666666666 0.8887130801687764 0.11423611111111111 0.17405063291139242
0 0.5173611111111112 0.875 0.125375 0.16772151898734178
0 0.8971805555555556 0.6492616033755274 0.14552777777777778 0.18670886075949367
0 0.8110694444444445 0.5216244725738397 0.1072361111111111 0.1360759493670886
0 0.6687361111111111 0.4583333333333333 0.13366666666666666 0.17827004219409281
0 0.5784861111111111 0.3222573839662447 0.05238888888888889 0.1149789029535865
0 0.30074999999999996 0.6091772151898734 0.10229166666666667 0.1571729957805907
0 0.207 0.46360759493670883 0.13243055555555555 0.16772151898734178
0 0.07024999999999999 0.49841772151898733 0.12720833333333334 0.22257383966244726
0 0.19730555555555557 0.6112869198312236 0.10920833333333332 0.169831223628692
0 0.071625 0.6904008438818565 0.1327638888888889 0.22679324894514769