0 0.5654444444444444 0.3389308176100629 0.35375 0.3039832285115304
0 0.34031944444444445 0.39832285115303984 0.12423611111111112 0.13276729559748426
0 0.40631944444444446 0.7320125786163523 0.25766666666666665 0.3633752620545074
0 0.6603194444444445 0.7285115303983228 0.25658333333333333 0.3494129979035639
0 0.793375 0.46295597484276735 0.09979166666666665 0.25507337526205454
0 0.10263888888888889 0.1589727463312369 0.20529166666666668 0.27253668763102723
0 0.2819027777777778 0.2079035639412998 0.18008333333333332 0.18169811320754717
0 0.39473611111111107 0.08647798742138364 0.14193055555555556 0.11356394129979036
0 0.5688888888888889 0.06289308176100629 0.106125 0.12578616352201258
0 0.07591666666666666 0.5127463312368973 0.14530555555555555 0.14150943396226415
0 0.717 0.034067085953878404 0.00029166666666666664 0.0017400419287211739