0 0.2959027777777778 0.3527253668763103 0.12311111111111112 0.20440251572327045
0 0.41115277777777776 0.3307127882599581 0.11759722222222223 0.19811320754716982
0 0.5125277777777778 0.3275681341719078 0.11208333333333334 0.1918238993710692
0 0.6333333333333333 0.3946540880503145 0.11490277777777778 0.1708595387840671
0 0.7048472222222222 0.46802935010482183 0.09408333333333332 0.2169811320754717
0 0.7708194444444445 0.5246331236897275 0.0955 0.20440251572327045
0 0.6486111111111111 0.6619496855345912 0.10656944444444445 0.18553459119496854
0 0.7562361111111111 0.7049266247379455 0.08855555555555555 0.18763102725366876
0 0.5507083333333334 0.6818658280922432 0.08570833333333333 0.14150943396226415
0 0.6340277777777777 0.7856394129979035 0.09406944444444446 0.15618448637316562
0 0.24243055555555557 0.5980083857442348 0.10781944444444444 0.149895178197065
0 0.3486666666666667 0.6818658280922432 0.12313888888888888 0.1708595387840671
0 0.4500416666666666 0.690251572327044 0.12316666666666667 0.16247379454926625
0 0.5507222222222222 0.8286163522012578 0.12458333333333334 0.149895178197065
0 0.45905555555555555 0.8349056603773585 0.11065277777777778 0.1331236897274633
0 0.3632222222222222 0.8223270440251572 0.094875 0.12264150943396226
0 0.205625 0.39570230607966456 0.09076388888888888 0.1960167714884696