0 0.20356944444444444 0.0720164609053498 0.09944444444444443 0.10699588477366255
0 0.28756944444444443 0.10390946502057613 0.06754166666666667 0.12139917695473251
0 0.34381944444444446 0.16769547325102882 0.06894444444444445 0.1337448559670782
0 0.41325 0.23353909465020575 0.08006944444444444 0.13786008230452676
0 0.4701805555555555 0.2757201646090535 0.07731944444444444 0.12345679012345678
0 0.5340555555555555 0.29732510288065844 0.07177777777777777 0.11316872427983539
0 0.6000277777777777 0.3343621399176955 0.08708333333333333 0.11316872427983539
0 0.6687638888888888 0.3477366255144033 0.07181944444444445 0.10699588477366255
0 0.16051388888888887 0.18106995884773663 0.09109722222222223 0.1111111111111111
0 0.2368888888888889 0.20267489711934156 0.08279166666666667 0.13786008230452676
0 0.2931388888888889 0.24074074074074073 0.08975000000000001 0.1646090534979424
0 0.374375 0.3117283950617284 0.09394444444444444 0.17078189300411523
0 0.4431111111111111 0.3837448559670782 0.08147222222222222 0.15020576131687244
0 0.5222638888888889 0.41975308641975306 0.0815 0.13580246913580246
0 0.5694722222222222 0.41975308641975306 0.06763888888888889 0.09876543209876543
0 0.11538888888888889 0.31069958847736623 0.12580555555555556 0.13991769547325103
0 0.2118888888888889 0.3631687242798354 0.08833333333333333 0.15843621399176955
0 0.30145833333333333 0.4012345679012346 0.08976388888888888 0.15637860082304528
0 0.3958888888888889 0.46810699588477367 0.10923611111111112 0.21193415637860083
0 0.49101388888888886 0.5576131687242798 0.07731944444444444 0.13580246913580246
0 0.5673888888888888 0.5462962962962963 0.07734722222222222 0.12139917695473251
0 0.10497222222222222 0.45987654320987653 0.0938472222222222 0.13786008230452676
0 0.18690277777777778 0.4897119341563786 0.07444444444444445 0.10699588477366255
0 0.26466666666666666 0.5164609053497943 0.09669444444444444 0.1728395061728395
0 0.3688194444444445 0.5997942386831275 0.08283333333333333 0.12551440329218108
0 0.4555972222222222 0.6347736625514403 0.07037500000000001 0.11316872427983539
0 0.5285138888888888 0.6306584362139918 0.08288888888888889 0.12551440329218108
0 0.27508333333333335 0.6481481481481481 0.08420833333333334 0.12345679012345678
0 0.17022222222222222 0.6100823045267489 0.10609722222222222 0.11728395061728394