0 0.27508333333333335 0.5921875 0.10641666666666667 0.09895833333333333
0 0.32993055555555556 0.6817708333333333 0.06338888888888888 0.09479166666666666
0 0.4445 0.6505208333333333 0.07869444444444444 0.115625
0 0.4535277777777778 0.5494791666666666 0.08563888888888889 0.07604166666666666
0 0.44516666666666665 0.48385416666666664 0.08655555555555555 0.121875
0 0.5174027777777778 0.6380208333333334 0.10233333333333335 0.14479166666666668
0 0.5916944444444444 0.6380208333333334 0.07597222222222223 0.190625
0 0.6729305555555556 0.6651041666666667 0.09404166666666666 0.12395833333333334
0 0.20633333333333334 0.7442708333333333 0.07722222222222222 0.10729166666666666
0 0.17369444444444446 0.6192708333333333 0.07413888888888889 0.10104166666666667
0 0.7486111111111111 0.5369791666666667 0.08990277777777779 0.11770833333333333
0 0.5701666666666666 0.3109375 0.05234722222222222 0.078125