0 0.6965416666666666 0.4073093220338983 0.16904166666666665 0.2786016949152542
0 0.5799027777777778 0.1753177966101695 0.17733333333333334 0.15783898305084745
0 0.4146388888888889 0.6170550847457628 0.110625 0.24470338983050846
0 0.5340694444444444 0.5270127118644068 0.11622222222222223 0.24258474576271186
0 0.5000138888888889 0.2939618644067797 0.19345833333333332 0.21504237288135594
0 0.34379166666666666 0.3808262711864407 0.14769444444444446 0.274364406779661
0 0.2479722222222222 0.5842161016949152 0.1755 0.2997881355932203
0 0.3875416666666666 0.22934322033898305 0.12129166666666666 0.19597457627118645
0 0.22161111111111112 0.04449152542372881 0.10777777777777776 0.08898305084745763
0 0.4514444444444445 0.8628177966101694 0.18145833333333333 0.21504237288135594
0 0.5465694444444444 0.7441737288135594 0.15511111111111112 0.1684322033898305
0 0.6055833333333334 0.8554025423728814 0.1287361111111111 0.13665254237288135
0 0.7236111111111111 0.8606991525423728 0.112125 0.11758474576271187