0 0.37651388888888887 0.3601694915254237 0.14366666666666666 0.18008474576271186
0 0.6501944444444444 0.3743008474576271 0.16805555555555557 0.1694915254237288
0 0.8764305555555555 0.4334322033898305 0.19243055555555558 0.2736652542372881
0 0.8474861111111112 0.7282838983050848 0.09984722222222223 0.15006355932203388
0 0.6941527777777778 0.7185805084745763 0.15880555555555556 0.2966101694915254
0 0.4204861111111111 0.6479449152542373 0.19227777777777777 0.20480932203389832
0 0.5628194444444444 0.5870338983050847 0.09744444444444444 0.11122881355932203
0 0.22086111111111112 0.7035593220338983 0.11004166666666668 0.1641949152542373
0 0.07388888888888889 0.6603177966101695 0.11231944444444444 0.18008474576271186
0 0.09627777777777777 0.4069491525423729 0.19255555555555554 0.22069915254237288
0 0.2411111111111111 0.3672245762711865 0.07881944444444444 0.11652542372881355