0 0.3388333333333333 0.624625 0.16161111111111112 0.12727083333333333
0 0.4875555555555556 0.7471666666666666 0.16105555555555554 0.07310416666666668
0 0.6345 0.5734791666666667 0.09131944444444444 0.09318749999999999
0 0.7029305555555556 0.6520833333333333 0.08170833333333333 0.07841666666666666
0 0.7692083333333334 0.5626874999999999 0.09052777777777779 0.09052083333333334
0 0.9503611111111111 0.5799166666666667 0.09929166666666665 0.08333333333333333
0 0.5991527777777778 0.42424999999999996 0.12163888888888888 0.08258333333333333
0 0.7004166666666667 0.45245833333333335 0.11522222222222221 0.06175
0 0.8335833333333332 0.4422291666666667 0.17381944444444444 0.1071875
0 0.37759722222222225 0.47272916666666664 0.22144444444444444 0.1189375
0 0.8664166666666667 0.6409166666666667 0.09806944444444445 0.09166666666666666
0 0.9583194444444445 0.6945 0.059666666666666666 0.06629166666666667
0 0.5050972222222222 0.5657291666666667 0.168375 0.11175
0 0.7685694444444444 0.7588958333333333 0.17258333333333334 0.1193125