0 0.21745833333333334 0.6138771186440678 0.1827638888888889 0.2934322033898305
0 0.4604722222222222 0.7907838983050848 0.1328611111111111 0.20233050847457626
0 0.5153194444444444 0.5407838983050848 0.13704166666666667 0.21927966101694915
0 0.6382083333333333 0.5715042372881356 0.102375 0.1875
0 0.661125 0.8268008474576272 0.10654166666666666 0.21927966101694915
0 0.7291666666666666 0.8363347457627118 0.06212499999999999 0.09851694915254237
0 0.8534583333333333 0.7356991525423728 0.11911111111111111 0.21504237288135594
0 0.952486111111111 0.6414194915254238 0.09502777777777778 0.1875
0 0.8638472222222222 0.4359110169491525 0.11001388888888888 0.19809322033898305
0 0.8270694444444444 0.3130296610169492 0.09965277777777778 0.10911016949152542
0 0.22577777777777777 0.868114406779661 0.08833333333333333 0.149364406779661
0 0.08205555555555555 0.6975635593220338 0.08691666666666667 0.15148305084745764
0 0.09663888888888889 0.5333686440677966 0.049416666666666664 0.09004237288135593
0 0.21258333333333335 0.4189618644067797 0.0647361111111111 0.06885593220338983
0 0.8770555555555556 0.9359110169491526 0.09411111111111112 0.09851694915254237
0 0.3320138888888889 0.6890889830508474 0.10920833333333332 0.1853813559322034
0 0.4188055555555556 0.6403601694915254 0.06341666666666666 0.1048728813559322
0 0.34520833333333334 0.4189618644067797 0.0745 0.1027542372881356
0 0.5555833333333333 0.7695974576271186 0.08151388888888889 0.11758474576271187