0 0.381375 0.16493055555555555 0.20127083333333334 0.13680555555555557
0 0.19597916666666665 0.6822916666666666 0.11372916666666667 0.08819444444444445
0 0.18972916666666664 0.5947916666666667 0.11372916666666667 0.07708333333333334
0 0.6501041666666667 0.7045138888888889 0.3263333333333333 0.11597222222222223
0 0.8479583333333333 0.6253472222222223 0.14727083333333332 0.09375
0 0.6667291666666666 0.5336805555555556 0.13191666666666665 0.09236111111111112
0 0.8167291666666666 0.5302083333333333 0.14725000000000002 0.09236111111111112
0 0.4802916666666667 0.5177083333333333 0.12572916666666667 0.12708333333333333
0 0.61675 0.4684027777777778 0.10552083333333333 0.07708333333333334
0 0.7667291666666666 0.8399305555555555 0.13475 0.07847222222222222
0 0.7094374999999999 0.26631944444444444 0.0993125 0.07013888888888889