0 0.43314465408805036 0.45252777777777775 0.12924528301886792 0.08131944444444444
0 0.6602935010482179 0.31666666666666665 0.1871069182389937 0.12272222222222222
0 0.6023270440251572 0.6118750000000001 0.40664570230607966 0.15252777777777776
0 0.17457023060796645 0.8775277777777778 0.16477987421383647 0.07777777777777778
0 0.12750524109014674 0.08661111111111111 0.12781970649895177 0.051513888888888894
0 0.23039832285115305 0.17715277777777777 0.15067085953878406 0.10883333333333334
0 0.20580712788259958 0.37651388888888887 0.13580712788259958 0.08586111111111111
0 0.3576939203354298 0.3257638888888889 0.1460377358490566 0.08030555555555556
0 0.5730188679245283 0.19772222222222224 0.11167714884696017 0.07172222222222223
0 0.2227672955974843 0.5684305555555556 0.10492662473794549 0.05555555555555555
0 0.720503144654088 0.8438194444444443 0.17031446540880502 0.14923611111111112
0 0.6680922431865828 0.4568194444444445 0.18366876310272537 0.08484722222222223