0 0.4417083333333333 0.36430921052631576 0.19254166666666667 0.2450657894736842
0 0.19312500000000002 0.40625 0.26855555555555555 0.125
0 0.3368888888888889 0.6998355263157895 0.20780555555555555 0.26480263157894735
0 0.5660138888888888 0.709703947368421 0.22730555555555554 0.31414473684210525
0 0.41811111111111116 0.9029605263157895 0.12588888888888888 0.19407894736842105
0 0.6090555555555556 0.36101973684210525 0.18568055555555554 0.2450657894736842
0 0.7611111111111111 0.375 0.17879166666666665 0.19407894736842105
0 0.506986111111111 0.078125 0.14258333333333334 0.15625
0 0.35631944444444447 0.04276315789473684 0.1494861111111111 0.08552631578947369
0 0.6284861111111111 0.06661184210526316 0.11901388888888889 0.13322368421052633
0 0.8617916666666667 0.8478618421052632 0.12744444444444444 0.2944078947368421
0 0.09955555555555556 0.8511513157894737 0.199125 0.29769736842105265