0 0.2915513626834381 0.11180555555555556 0.09350104821802935 0.0763888888888889
0 0.2747798742138365 0.20902777777777778 0.09769392033542977 0.05138888888888889
0 0.40159329140461214 0.2388888888888889 0.07467505241090146 0.03888888888888889
0 0.38587002096436057 0.3125 0.10612159329140461 0.058333333333333334
0 0.29153039832285116 0.3090277777777778 0.08092243186582809 0.04583333333333333
0 0.3261215932914046 0.3798611111111111 0.09140461215932914 0.06527777777777778
0 0.22865828092243184 0.5958333333333333 0.10186582809224319 0.075
0 0.23285115303983228 0.7069444444444445 0.07253668763102726 0.04722222222222222
0 0.13853249475890986 0.9381944444444444 0.07249475890985324 0.05416666666666667
0 0.14480083857442347 0.8826388888888889 0.0909853249475891 0.05138888888888889
0 0.22025157232704404 0.7923611111111111 0.08257861635220126 0.04583333333333333
0 0.5189727463312369 0.44305555555555554 0.09568134171907756 0.06111111111111111
0 0.46446540880503145 0.5847222222222223 0.09985324947589098 0.05277777777777778
0 0.4990566037735849 0.5631944444444444 0.10616352201257861 0.0625
0 0.5912788259958072 0.5965277777777778 0.10618448637316562 0.07083333333333333
0 0.6573165618448638 0.6270833333333333 0.10830188679245283 0.07361111111111111
0 0.8155765199161426 0.5736111111111111 0.09368972746331236 0.06388888888888888
0 0.8962683438155136 0.5388888888888889 0.11675052410901467 0.08888888888888889
0 0.8941719077568134 0.6548611111111111 0.1209643605870021 0.07083333333333333
0 0.9605450733752621 0.6395833333333333 0.0788888888888889 0.04861111111111111
0 0.9689308176100629 0.5347222222222222 0.06211740041928721 0.08055555555555556
0 0.9339832285115304 0.41875 0.08863731656184487 0.06527777777777778
0 0.7736477987421383 0.3993055555555556 0.07270440251572327 0.043055555555555555