0 0.4257083333333333 0.8108686440677967 0.0626111111111111 0.09552966101694917
0 0.4769583333333334 0.7577118644067796 0.09945833333333333 0.17411016949152544
0 0.6037083333333334 0.7837076271186442 0.08022222222222222 0.07588983050847457
0 0.5805972222222222 0.6816313559322035 0.082 0.11055084745762712
0 0.658875 0.6224999999999999 0.08702777777777777 0.08088983050847458
0 0.13748611111111111 0.7476906779661018 0.10991666666666666 0.18489406779661016
0 0.31245833333333334 0.6700635593220339 0.10127777777777779 0.1490677966101695
0 0.22534722222222223 0.4541525423728814 0.10383333333333335 0.12171610169491526
0 0.12108333333333335 0.42641949152542374 0.07205555555555555 0.08167372881355932
0 0.020999999999999998 0.5003813559322035 0.04198611111111111 0.0878177966101695
0 0.4219166666666666 0.19896186440677965 0.11058333333333334 0.09283898305084747
0 0.5025833333333334 0.2784957627118644 0.06030555555555556 0.0878177966101695
0 0.47733333333333333 0.4325847457627119 0.0926388888888889 0.09398305084745763
0 0.5795833333333333 0.44567796610169497 0.07998611111111112 0.058559322033898305