0 0.29744444444444446 0.41950000000000004 0.04851388888888889 0.07689583333333333
0 0.3812638888888889 0.2986666666666667 0.05454166666666667 0.08522916666666666
0 0.4418611111111111 0.294125 0.044430555555555556 0.07614583333333333
0 0.4504444444444444 0.237875 0.04138888888888889 0.058333333333333334
0 0.5370416666666666 0.22177083333333333 0.05802777777777778 0.075375
0 0.6035833333333334 0.157 0.04209722222222222 0.059479166666666666
0 0.6105277777777778 0.2555 0.03830555555555555 0.074625
0 0.606111111111111 0.4448958333333334 0.026958333333333334 0.0443125
0 0.5432361111111111 0.4109791666666667 0.04768055555555555 0.04847916666666666
0 0.6819722222222222 0.44129166666666664 0.08525 0.06364583333333333
0 0.7939583333333333 0.4200833333333333 0.04911111111111111 0.08181250000000001
0 0.3826527777777778 0.41212499999999996 0.03965277777777778 0.043187500000000004
0 0.4180138888888889 0.4579583333333333 0.07145833333333333 0.03939583333333333
0 0.392 0.6024583333333333 0.07347222222222222 0.10189583333333332
0 0.4541111111111111 0.6350416666666666 0.036083333333333335 0.07614583333333333
0 0.48920833333333336 0.7261458333333334 0.06081944444444444 0.07272916666666666
0 0.608125 0.6509375 0.09158333333333334 0.12310416666666667
0 0.5236666666666667 0.9270833333333334 0.066625 0.09204166666666666
0 0.6630277777777778 0.96175 0.10293055555555555 0.07425
0 0.83725 0.6098541666666667 0.057430555555555554 0.05985416666666667
0 0.8919166666666666 0.7458333333333333 0.08341666666666667 0.14241666666666666
0 0.1758611111111111 0.5568124999999999 0.08566666666666667 0.075
0 0.13484722222222223 0.44110416666666663 0.04654166666666666 0.051895833333333335