0 0.47404166666666664 0.45 0.204875 0.14722222222222223
0 0.3219791666666667 0.49027777777777776 0.16327083333333334 0.11944444444444445
0 0.4376041666666667 0.5479166666666667 0.19297916666666665 0.12638888888888888
0 0.28447916666666667 0.5833333333333334 0.16741666666666666 0.13055555555555556
0 0.38343750000000004 0.11944444444444445 0.16795833333333335 0.11388888888888889
0 0.50425 0.12152777777777778 0.10135416666666666 0.07361111111111111
0 0.5427916666666667 0.21319444444444444 0.107625 0.10416666666666667
0 0.39797916666666666 0.22777777777777777 0.16533333333333333 0.08333333333333333
0 0.4292708333333334 0.3111111111111111 0.12216666666666667 0.12222222222222222
0 0.25635416666666666 0.13194444444444445 0.11952083333333333 0.07222222222222222
0 0.23866666666666667 0.21319444444444444 0.14916666666666664 0.09305555555555556
0 0.09912499999999999 0.20347222222222222 0.14495833333333333 0.09305555555555556
0 0.2647083333333333 0.30416666666666664 0.15958333333333333 0.10277777777777777
0 0.5719583333333333 0.30069444444444443 0.2159375 0.09027777777777778
0 0.7385833333333333 0.2951388888888889 0.11185416666666666 0.07083333333333333
0 0.6698333333333333 0.22083333333333333 0.1298125 0.08055555555555556
0 0.808375 0.20277777777777778 0.19727083333333334 0.11666666666666667
0 0.639625 0.12777777777777777 0.14439583333333333 0.08611111111111111
0 0.7948125 0.15902777777777777 0.10060416666666666 0.0763888888888889
0 0.9416875 0.1875 0.10149999999999999 0.08888888888888889
0 0.9114583333333334 0.4284722222222222 0.0005833333333333334 0.001388888888888889