0 0.08491525423728813 0.36666666666666664 0.14953389830508473 0.08888888888888889
0 0.2395550847457627 0.34097222222222223 0.14536016949152541 0.09305555555555556
0 0.38466101694915256 0.30625 0.15175847457627117 0.10416666666666667
0 0.5170338983050847 0.2972222222222222 0.13273305084745762 0.1
0 0.6621398305084745 0.3104166666666667 0.16455508474576272 0.08194444444444444
0 0.7818220338983051 0.34375 0.12858050847457628 0.0875
0 0.8951483050847457 0.38263888888888886 0.10955508474576271 0.09027777777777778
0 0.9498305084745763 0.3798611111111111 0.09184322033898305 0.07083333333333333
0 0.5117584745762712 0.39652777777777776 0.11792372881355931 0.1125
0 0.4026483050847458 0.38680555555555557 0.09879237288135594 0.06805555555555555
0 0.2691949152542373 0.4284722222222222 0.15807203389830507 0.09583333333333334
0 0.1008050847457627 0.44930555555555557 0.164385593220339 0.08472222222222223
0 0.07877118644067796 0.5416666666666666 0.15756355932203392 0.10277777777777777
0 0.21095338983050846 0.5118055555555555 0.12203389830508475 0.11805555555555555
0 0.3327542372881356 0.5013888888888889 0.09877118644067796 0.075
0 0.4481991525423729 0.47638888888888886 0.1390677966101695 0.10277777777777777
0 0.5816525423728814 0.4826388888888889 0.11792372881355931 0.08194444444444444
0 0.6504872881355932 0.40694444444444444 0.12853813559322033 0.09166666666666666
0 0.9441525423728814 0.4527777777777778 0.11167372881355932 0.07777777777777778
0 0.504343220338983 0.6583333333333333 0.18779661016949153 0.14444444444444443
0 0.37826271186440674 0.7291666666666666 0.2168220338983051 0.15555555555555556
0 0.5170338983050847 0.7513888888888889 0.14120762711864407 0.08333333333333333