0 0.508361111111111 0.4124748490945674 0.07041666666666667 0.10865191146881288
0 0.43684722222222216 0.48390342052313884 0.08288888888888889 0.1227364185110664
0 0.5875277777777778 0.3631790744466801 0.13154166666666667 0.11468812877263582
0 0.6645972222222222 0.3380281690140845 0.07741666666666668 0.12072434607645875
0 0.7583194444444444 0.37122736418511065 0.06770833333333333 0.07847082494969819
0 0.8159583333333333 0.3983903420523139 0.08856944444444445 0.10865191146881288
0 0.8645555555555556 0.6267605633802817 0.06913888888888889 0.10261569416498995
0 0.9284305555555556 0.6770623742454729 0.06081944444444444 0.09859154929577464
0 0.8235833333333333 0.5583501006036218 0.07329166666666667 0.11066398390342053
0 0.9263472222222222 0.5824949698189135 0.07054166666666667 0.09054325955734406
0 0.9570972222222223 0.772635814889336 0.08581944444444445 0.17706237424547283
0 0.97525 0.6217303822937625 0.04948611111111111 0.096579476861167
0 0.8728611111111112 0.7645875251509054 0.08084722222222222 0.13279678068410464
0 0.42087499999999994 0.5945674044265593 0.09815277777777778 0.09054325955734406
0 0.3382361111111111 0.5613682092555332 0.07269444444444445 0.13682092555331993
0 0.37781944444444443 0.4708249496981891 0.06572222222222222 0.10462776659959759
0 0.5118333333333334 0.5110663983903421 0.05512499999999999 0.1006036217303823
0 0.5840416666666667 0.4597585513078471 0.07459722222222222 0.10663983903420524
0 0.21463888888888888 0.47585513078470826 0.09216666666666666 0.1267605633802817