0 0.2496928327645051 0.6163194444444444 0.18052901023890786 0.1423611111111111
0 0.47788395904436864 0.6614583333333334 0.20619453924914674 0.22916666666666666
0 0.341382252559727 0.3975694444444444 0.12936860068259387 0.15625
0 0.2688566552901024 0.2309027777777778 0.14365187713310582 0.17708333333333334
0 0.4064334470989761 0.1545138888888889 0.17418088737201365 0.2569444444444444
0 0.4736177474402731 0.3506944444444444 0.10941979522184302 0.14930555555555555
0 0.5269283276450512 0.11458333333333333 0.09530716723549489 0.1423611111111111
0 0.5951877133105802 0.2881944444444444 0.10812286689419795 0.1701388888888889
0 0.7050170648464164 0.2048611111111111 0.11029010238907849 0.16319444444444445
0 0.7786006825938566 0.3524305555555556 0.09965870307167235 0.16319444444444445
0 0.6229180887372013 0.4288194444444444 0.17638225255972695 0.13194444444444445
0 0.7924744027303754 0.734375 0.2638907849829351 0.2638888888888889
0 0.6698122866894198 0.5876805555555555 0.1691126279863481 0.13020833333333334