0 0.22945492662473796 0.38454166666666667 0.4078197064989518 0.2204861111111111
0 0.5661215932914047 0.34375 0.3529140461215933 0.2569444444444444
0 0.21536687631027254 0.6345555555555555 0.4307337526205451 0.296875
0 0.6001886792452831 0.6614583333333334 0.45249475890985325 0.3020833333333333
0 0.8936268343815513 0.5546944444444445 0.19056603773584907 0.13368055555555555
0 0.1979874213836478 0.18143055555555554 0.22440251572327044 0.16145833333333334
0 0.3420964360587002 0.1276111111111111 0.18775681341719078 0.11979166666666667
0 0.5765828092243186 0.1432361111111111 0.16949685534591194 0.11979166666666667
0 0.12461215932914045 0.046875 0.19817610062893082 0.09375
0 0.3669811320754717 0.029513888888888888 0.2061215932914046 0.059027777777777776
0 0.5582389937106917 0.03733333333333333 0.19570230607966455 0.07465277777777778
0 0.9476310272536688 0.313375 0.10473794549266248 0.1753472222222222