0 0.43511530398322856 0.6701388888888888 0.4419496855345912 0.2708333333333333
0 0.7678616352201257 0.6875 0.21148846960167714 0.18055555555555555
0 0.9309014675052412 0.5798611111111112 0.13817610062893082 0.09375
0 0.3158909853249476 0.4375 0.28731656184486376 0.1076388888888889
0 0.6407966457023061 0.41406944444444443 0.31362683438155137 0.15104166666666666
0 0.2019077568134172 0.3263888888888889 0.1431865828092243 0.10069444444444445
0 0.41020964360587 0.30469444444444443 0.14062893081761005 0.1371527777777778
0 0.5608805031446541 0.2803888888888889 0.24287211740041928 0.11284722222222222
0 0.7783438155136267 0.2777777777777778 0.14861635220125785 0.1597222222222222
0 0.5949266247379454 0.13020833333333334 0.13807127882599582 0.1597222222222222
0 0.8372955974842767 0.12066666666666666 0.14077568134171908 0.14756944444444445
0 0.4167714884696017 0.125 0.19566037735849057 0.14930555555555555