0 0.14522222222222222 0.27568134171907754 0.08555555555555555 0.09014675052410902
0 0.06330555555555556 0.3018867924528302 0.08276388888888889 0.1090146750524109
0 0.14731944444444445 0.3752620545073375 0.11194444444444443 0.10062893081761007
0 0.102875 0.5020964360587002 0.08138888888888889 0.11949685534591195
0 0.17855555555555555 0.539832285115304 0.06056944444444445 0.0859538784067086
0 0.22925 0.449685534591195 0.09531944444444444 0.11949685534591195
0 0.3264444444444444 0.41823899371069184 0.06479166666666666 0.1320754716981132
0 0.21813888888888888 0.22851153039832284 0.06198611111111112 0.10062893081761007
0 0.3153472222222222 0.20335429769392033 0.05645833333333333 0.07966457023060797
0 0.39518055555555553 0.2861635220125786 0.07452777777777778 0.1069182389937107
0 0.42990277777777774 0.3385744234800839 0.06620833333333334 0.1111111111111111
0 0.4847638888888888 0.4056603773584906 0.07595833333333334 0.11530398322851153
0 0.516 0.2830188679245283 0.0662361111111111 0.10062893081761007
0 0.46391666666666664 0.23270440251572327 0.06569444444444444 0.11320754716981132
0 0.5298888888888889 0.18658280922431866 0.06347222222222222 0.09224318658280922
0 0.5909861111111111 0.14570230607966456 0.06904166666666667 0.08176100628930817
0 0.66875 0.08071278825995808 0.04684722222222222 0.06079664570230608
0 0.7409583333333334 0.05660377358490566 0.049652777777777775 0.0880503144654088
0 0.6340277777777777 0.36058700209643607 0.06627777777777778 0.0880503144654088
0 0.8673055555555556 0.35115303983228513 0.06352777777777778 0.0859538784067086
0 0.26048611111111114 0.6247379454926625 0.08281944444444445 0.11320754716981132
0 0.3396388888888889 0.5387840670859538 0.10506944444444445 0.11320754716981132
0 0.4923888888888889 0.6069182389937107 0.09677777777777778 0.12368972746331237
0 0.5507222222222222 0.6184486373165619 0.08847222222222223 0.11320754716981132
0 0.648625 0.5691823899371069 0.09266666666666666 0.10272536687631027
0 0.7930416666666666 0.49266247379454925 0.056611111111111105 0.05870020964360587
0 0.8763611111111111 0.4790356394129979 0.059416666666666666 0.06918238993710692
0 0.9695833333333334 0.4769392033542977 0.06083333333333333 0.0649895178197065
0 0.6902777777777778 0.48742138364779874 0.07602777777777778 0.05660377358490566
0 0.6319583333333333 0.749475890985325 0.09266666666666666 0.1278825995807128
0 0.7069444444444445 0.7410901467505241 0.059361111111111114 0.09433962264150944
0 0.782625 0.7526205450733753 0.069125 0.09224318658280922
0 0.8756666666666667 0.7672955974842768 0.052472222222222226 0.08385744234800839
0 0.9520277777777778 0.8134171907756813 0.04694444444444444 0.07127882599580712
0 0.8867638888888889 0.8354297693920335 0.061388888888888896 0.05241090146750524
0 0.7166527777777778 0.8354297693920335 0.060055555555555556 0.05241090146750524
0 0.22506944444444446 0.7127882599580713 0.08141666666666666 0.10482180293501048
0 0.27645833333333336 0.8186582809224319 0.08698611111111111 0.13626834381551362
0 0.36741666666666667 0.740041928721174 0.09674999999999999 0.1090146750524109
0 0.458375 0.7714884696016772 0.07870833333333334 0.12578616352201258
0 0.5472361111111111 0.749475890985325 0.07319444444444445 0.11530398322851153
0 0.1507777777777778 0.6561844863731656 0.07552777777777778 0.1090146750524109
0 0.352125 0.960167714884696 0.07268055555555555 0.07966457023060797
0 0.5666805555555555 0.44654088050314467 0.07598611111111112 0.11740041928721175
0 0.23616666666666666 0.3228511530398323 0.07411111111111111 0.10482180293501048
0 0.4028194444444444 0.18448637316561844 0.056472222222222215 0.07966457023060797
0 0.40906944444444443 0.6142557651991615 0.057875 0.09643605870020965
0 0.7923333333333333 0.39937106918238996 0.07808333333333334 0.09014675052410902
0 0.9534166666666667 0.3867924528301887 0.058583333333333334 0.07756813417190776