0 0.2737542662116041 0.24351388888888892 0.151740614334471 0.14073611111111112
0 0.32170648464163826 0.3831805555555555 0.16803754266211604 0.12068055555555555
0 0.4582423208191126 0.4527777777777778 0.12017064846416382 0.05802777777777778
0 0.2987713310580205 0.6449027777777777 0.11078498293515358 0.10093055555555555
0 0.5122354948805461 0.6367222222222222 0.1812457337883959 0.08765277777777777
0 0.4802047781569965 0.5424444444444444 0.12095563139931739 0.06883333333333333
0 0.39527303754266213 0.10370833333333333 0.17861774744027303 0.16605555555555557
0 0.5492320819112628 0.19691666666666666 0.10505119453924915 0.12654166666666666
0 0.718703071672355 0.23858333333333334 0.12013651877133107 0.09383333333333334
0 0.6252389078498293 0.33179166666666665 0.08868600682593857 0.07037500000000001
0 0.4923378839590444 0.31018055555555557 0.09972696245733788 0.07654166666666666
0 0.7370819112627987 0.5515416666666667 0.19860068259385666 0.06543055555555556
0 0.5806825938566552 0.5334861111111111 0.11713310580204778 0.05709722222222222
0 0.43622866894197954 0.7268472222222223 0.09368600682593857 0.08272222222222222