0 0.6747777777777777 0.6429140461215933 0.09806944444444445 0.13626834381551362
0 0.8090138888888889 0.5511949685534592 0.11430555555555555 0.16945492662473793
0 0.5087222222222222 0.6638784067085954 0.2611388888888889 0.24459119496855347
0 0.30504166666666666 0.7634591194968554 0.11990277777777777 0.18169811320754717
0 0.11469444444444445 0.5092662473794549 0.21358333333333335 0.26031446540880504
0 0.36233333333333334 0.280398322851153 0.23680555555555555 0.29874213836477986
0 0.6279166666666667 0.2882599580712788 0.28202777777777777 0.3494129979035639
0 0.8304305555555556 0.269916142557652 0.17101388888888888 0.3686163522012579
0 0.36291666666666667 0.06725366876310272 0.24491666666666667 0.13452830188679246
0 0.6395 0.07075471698113207 0.3005555555555556 0.14150943396226415
0 0.12116666666666666 0.2611740041928721 0.24231944444444445 0.1869392033542977
0 0.29868055555555556 0.5974842767295597 0.13958333333333334 0.10132075471698113