0 0.3797138047138047 0.8819444444444444 0.12734006734006734 0.08888888888888889
0 0.4596632996632997 0.8458333333333333 0.10212121212121211 0.09166666666666666
0 0.580016835016835 0.8527777777777777 0.11730639730639732 0.08611111111111111
0 0.6742592592592592 0.8118055555555556 0.10387205387205388 0.11805555555555555
0 0.7365488215488215 0.7326388888888888 0.09715488215488216 0.10694444444444444
0 0.7971380471380471 0.6770833333333334 0.10055555555555555 0.09861111111111111
0 0.8392255892255892 0.5777777777777777 0.14432659932659933 0.09166666666666666
0 0.32752525252525255 0.8013888888888889 0.13404040404040404 0.09444444444444444
0 0.2685858585858586 0.8888888888888888 0.11846801346801347 0.11944444444444445
0 0.1962121212121212 0.79375 0.1252020202020202 0.10138888888888889
0 0.40829966329966333 0.7472222222222222 0.11503367003367003 0.08055555555555556
0 0.13984848484848483 0.73125 0.13230639730639732 0.08194444444444444
0 0.255993265993266 0.6972222222222222 0.14245791245791248 0.08888888888888889
0 0.13730639730639732 0.6201388888888889 0.16560606060606062 0.13194444444444445
0 0.25683501683501686 0.6173611111111111 0.12728956228956229 0.11805555555555555
0 0.18611111111111112 0.5006944444444444 0.16562289562289562 0.1375
0 0.049999999999999996 0.4965277777777778 0.09999999999999999 0.09305555555555556
0 0.2357912457912458 0.4027777777777778 0.10203703703703704 0.08055555555555556
0 0.3712962962962963 0.3840277777777778 0.08356902356902357 0.0763888888888889
0 0.5412962962962963 0.3784722222222222 0.14422558922558923 0.08194444444444444
0 0.6338720538720538 0.45694444444444443 0.10722222222222222 0.09722222222222222
0 0.7542255892255892 0.49027777777777776 0.12915824915824917 0.11388888888888889
0 0.6986868686868687 0.3611111111111111 0.15944444444444444 0.09444444444444444
0 0.060909090909090906 0.36527777777777776 0.12183501683501684 0.10833333333333334
0 0.17181818181818181 0.3597222222222222 0.10538720538720539 0.125
0 0.11968013468013469 0.2569444444444444 0.14244107744107745 0.1111111111111111
0 0.24841750841750843 0.23055555555555557 0.14075757575757575 0.10555555555555556
0 0.3191077441077441 0.15833333333333333 0.12058922558922558 0.10277777777777777
0 0.46050505050505053 0.16111111111111112 0.13747474747474747 0.1
0 0.5278451178451179 0.09930555555555555 0.1610774410774411 0.12916666666666668
0 0.6111616161616161 0.1361111111111111 0.14594276094276093 0.09166666666666666
0 0.6608080808080807 0.23333333333333334 0.12070707070707071 0.11944444444444445
0 0.7432828282828283 0.29097222222222224 0.10053872053872054 0.07083333333333333
0 0.19454545454545455 0.1625 0.05994949494949495 0.04722222222222222
0 0.0826094276094276 0.05416666666666667 0.11208754208754208 0.09166666666666666
0 0.16173400673400673 0.03958333333333333 0.08181818181818182 0.0763888888888889
0 0.019663299663299664 0.2222222222222222 0.03934343434343435 0.11944444444444445
0 0.3258417508417509 0.03263888888888889 0.11385521885521885 0.06527777777777778