0 0.44561111111111107 0.751625 0.07529166666666667 0.10879166666666666
0 0.24995833333333334 0.7069375 0.15311111111111111 0.15370833333333334
0 0.20073611111111112 0.5254583333333334 0.1503611111111111 0.19814583333333333
0 0.4668888888888889 0.6289374999999999 0.25981944444444444 0.15045833333333333
0 0.7896805555555556 0.5856458333333333 0.1572638888888889 0.16666666666666666
0 0.9593888888888888 0.6835625000000001 0.08123611111111112 0.13008333333333333
0 0.8963055555555556 0.7513958333333334 0.06002777777777778 0.11295833333333333
0 0.6690277777777778 0.697 0.09002777777777776 0.07360416666666666
0 0.6369305555555556 0.43772916666666667 0.11226388888888889 0.12916666666666668
0 0.49143055555555554 0.3326458333333333 0.11447222222222223 0.13193749999999999
0 0.3433055555555556 0.376625 0.20091666666666666 0.17360416666666667
0 0.9601527777777777 0.38402083333333337 0.07969444444444444 0.11435416666666667
0 0.9066527777777778 0.3770833333333333 0.10847222222222222 0.14675
0 0.7349027777777778 0.32825 0.22486111111111112 0.11852083333333334