0 0.4319706498951782 0.11180555555555556 0.17320754716981132 0.10694444444444444
0 0.30515723270440254 0.25 0.13756813417190777 0.08611111111111111
0 0.4518867924528302 0.25416666666666665 0.15855345911949684 0.10555555555555556
0 0.6017610062893082 0.22361111111111112 0.13974842767295598 0.14722222222222223
0 0.4476939203354298 0.37916666666666665 0.15436058700209643 0.1
0 0.33134171907756815 0.33611111111111114 0.14121593291404613 0.06388888888888888
0 0.21815513626834382 0.26458333333333334 0.12029350104821804 0.07361111111111111
0 0.20140461215932912 0.4201388888888889 0.12702306079664571 0.10416666666666667
0 0.6153668763102724 0.38958333333333334 0.13345911949685535 0.1375
0 0.7453249475890985 0.4354166666666667 0.09159329140461216 0.0763888888888889
0 0.7421802935010482 0.3159722222222222 0.09916142557651991 0.10138888888888889
0 0.558784067085954 0.5979166666666667 0.1459958071278826 0.13194444444444445
0 0.4770230607966457 0.46041666666666664 0.15165618448637316 0.06805555555555555
0 0.7118029350104821 0.5361111111111111 0.10834381551362683 0.09444444444444444
0 0.31249475890985323 0.6076388888888888 0.15641509433962264 0.12638888888888888
0 0.47914046121593296 0.7319444444444444 0.1879245283018868 0.10833333333333334
0 0.5671698113207547 0.8493055555555555 0.11666666666666667 0.12361111111111112
0 0.40050314465408804 0.8284722222222223 0.15377358490566037 0.0875
0 0.41415094339622643 0.9361111111111111 0.13339622641509435 0.11944444444444445
0 0.3250733752620545 0.45 0.1270859538784067 0.10277777777777777