0 0.19641666666666666 0.5010526315789474 0.09234722222222222 0.10292631578947369
0 0.3476388888888889 0.4168421052631579 0.04908333333333334 0.06549473684210526
0 0.36491666666666667 0.33193684210526314 0.08116666666666666 0.09309473684210526
0 0.4827916666666667 0.25825263157894734 0.060152777777777784 0.07578947368421053
0 0.6315416666666667 0.273221052631579 0.058875000000000004 0.0720421052631579
0 0.6130277777777777 0.39461052631578947 0.06134722222222223 0.12865263157894738
0 0.5371111111111111 0.5609263157894737 0.08236111111111111 0.1104
0 0.8328888888888888 0.37825263157894734 0.09059722222222223 0.12397894736842105
0 0.8352083333333333 0.12701052631578946 0.06127777777777777 0.09871578947368422
0 0.8555833333333334 0.5326315789473685 0.052625 0.09591578947368422
0 0.8358333333333333 0.6704 0.07486111111111111 0.08608421052631579