0 0.15704166666666666 0.5555555555555556 0.09805555555555555 0.13836477987421383
0 0.30562500000000004 0.48532494758909855 0.10643055555555556 0.11530398322851153
0 0.3320138888888889 0.3721174004192872 0.09533333333333334 0.09853249475890985
0 0.4500416666666666 0.3018867924528302 0.09259722222222222 0.12159329140461216
0 0.5944583333333333 0.29874213836477986 0.07598611111111112 0.1530398322851153
0 0.5868194444444444 0.45387840670859536 0.08291666666666667 0.15723270440251572
0 0.4965694444444444 0.6090146750524109 0.11068055555555555 0.1530398322851153
0 0.8124861111111111 0.6855345911949685 0.0816111111111111 0.14675052410901468
0 0.8353750000000001 0.559748427672956 0.09195833333333332 0.1090146750524109
0 0.7992777777777778 0.3909853249475891 0.0808611111111111 0.1278825995807128
0 0.7944305555555555 0.13731656184486374 0.0816111111111111 0.16142557651991615
0 0.6451527777777778 0.1708595387840671 0.07738888888888888 0.07337526205450734
0 0.6951388888888889 0.259958071278826 0.099625 0.14255765199161424