0 0.1702361111111111 0.2711864406779661 0.11333333333333333 0.13983050847457626
0 0.2945277777777778 0.6122881355932204 0.27308333333333334 0.4067796610169492
0 0.7159722222222222 0.551906779661017 0.1496111111111111 0.21398305084745764
0 0.775 0.8135593220338984 0.17047222222222222 0.17372881355932204
0 0.8423472222222222 0.3103813559322034 0.158 0.15889830508474576
0 0.9208055555555555 0.15254237288135594 0.14275 0.15677966101694915
0 0.7368055555555556 0.13771186440677965 0.07186111111111111 0.08898305084745763
0 0.5062916666666666 0.3156779661016949 0.09956944444444445 0.1652542372881356
0 0.673625 0.2457627118644068 0.08434722222222221 0.11016949152542373
0 0.06538888888888889 0.8082627118644068 0.0813611111111111 0.10805084745762712
0 0.4764305555555555 0.5826271186440678 0.145375 0.2033898305084746
0 0.670125 0.4078389830508475 0.15034722222222222 0.1461864406779661
0 0.11605555555555556 0.4925847457627119 0.12275 0.18008474576271186
0 0.40422222222222226 0.2796610169491525 0.10368055555555557 0.17796610169491525
0 0.5174027777777778 0.18114406779661016 0.14122222222222222 0.09110169491525423