0 0.021944444444444447 0.4365833333333333 0.043888888888888894 0.0944375
0 0.12220833333333332 0.307875 0.08280555555555555 0.1148125
0 0.0936527777777778 0.6115833333333334 0.12755555555555556 0.11110416666666666
0 0.313375 0.5798541666666667 0.08551388888888889 0.08935416666666667
0 0.36923611111111115 0.5095 0.12931944444444443 0.11527083333333334
0 0.4326527777777778 0.40856250000000005 0.07405555555555556 0.11712499999999999
0 0.5298611111111111 0.4365833333333333 0.07711111111111112 0.11295833333333333
0 0.607 0.6337916666666668 0.07091666666666667 0.1
0 0.8861249999999999 0.3474583333333333 0.08286111111111111 0.10602083333333333
0 0.9709583333333334 0.4412083333333333 0.058083333333333334 0.10370833333333333
0 0.8852083333333334 0.6375 0.07483333333333334 0.10741666666666667
0 0.8061944444444445 0.46758333333333335 0.08968055555555554 0.09166666666666666