0 0.23829166666666665 0.3061440677966102 0.1716527777777778 0.2097457627118644
0 0.3910416666666667 0.3336864406779661 0.138375 0.2266949152542373
0 0.5472777777777778 0.3771186440677966 0.19815277777777776 0.19915254237288135
0 0.7139027777777778 0.4491525423728814 0.1759861111111111 0.2669491525423729
0 0.8847083333333333 0.4597457627118644 0.15104166666666666 0.2245762711864407
0 0.9795694444444444 0.4766949152542373 0.04086111111111111 0.25
0 0.9252499999999999 0.6472457627118644 0.1494861111111111 0.1419491525423729
0 0.7409583333333334 0.6620762711864406 0.21144444444444446 0.18008474576271186
0 0.561125 0.663135593220339 0.16568055555555555 0.3474576271186441
0 0.3875416666666666 0.6663135593220338 0.1824027777777778 0.3877118644067797
0 0.20701388888888891 0.6440677966101694 0.18523611111111113 0.3983050847457627
0 0.21673611111111113 0.4375 0.24355555555555558 0.08686440677966102
0 0.06468055555555556 0.6271186440677966 0.11723611111111111 0.3644067796610169
0 0.042611111111111113 0.2870762711864407 0.08523611111111111 0.2817796610169492
0 0.11676388888888888 0.2764830508474576 0.06583333333333333 0.19279661016949154