0 0.4089308176100629 0.24722222222222223 0.24029350104821803 0.20277777777777778
0 0.6122431865828093 0.22569444444444445 0.19844863731656184 0.18194444444444444
0 0.7914465408805031 0.24166666666666667 0.19641509433962265 0.20555555555555555
0 0.7746750524109014 0.42291666666666666 0.19218029350104823 0.1486111111111111
0 0.5786582809224319 0.40625 0.24174004192872117 0.1875
0 0.35647798742138365 0.4173611111111111 0.2627672955974843 0.17916666666666667
0 0.26740041928721175 0.2833333333333333 0.10559748427672956 0.08888888888888889
0 0.558784067085954 0.5840277777777778 0.17117400419287213 0.15694444444444444
0 0.3491404612159329 0.5923611111111111 0.2271488469601677 0.1736111111111111
0 0.5472746331236897 0.7152777777777778 0.24033542976939204 0.13055555555555556
0 0.3271278825995807 0.75 0.22926624737945492 0.18333333333333332
0 0.7620964360587001 0.6388888888888888 0.15448637316561845 0.1388888888888889