0 0.101125 0.20264583333333333 0.1092777777777778 0.10606249999999999
0 0.21220833333333333 0.22633333333333333 0.0916388888888889 0.13825
0 0.3012222222222222 0.21685416666666668 0.08283333333333333 0.14583333333333334
0 0.40284722222222225 0.22158333333333333 0.11948611111111111 0.14014583333333333
0 0.5051111111111111 0.25379166666666664 0.11699999999999999 0.16666666666666666
0 0.6136666666666666 0.28883333333333333 0.08673611111111111 0.1571875
0 0.6931944444444444 0.3106041666666667 0.08423611111111111 0.1439375
0 0.7784027777777779 0.3219791666666667 0.08552777777777777 0.13635416666666667
0 0.8522638888888889 0.33239583333333333 0.07670833333333332 0.12310416666666667
0 0.239375 0.3418541666666667 0.110625 0.100375
0 0.3826527777777778 0.3702708333333333 0.16240277777777778 0.14962499999999998
0 0.5379305555555556 0.44033333333333335 0.13719444444444445 0.20264583333333333
0 0.635125 0.47158333333333335 0.09179166666666667 0.20454166666666668
0 0.7399027777777778 0.4782291666666667 0.10697222222222222 0.19129166666666667
0 0.8434305555555556 0.48485416666666664 0.08933333333333332 0.17802083333333335
0 0.838375 0.6676041666666667 0.094375 0.17614583333333333
0 0.7405138888888888 0.6657291666666667 0.11900000000000001 0.20264583333333333
0 0.5972361111111111 0.6875 0.1506111111111111 0.22727083333333334
0 0.4697361111111111 0.5880624999999999 0.13045833333333334 0.13068749999999998
0 0.39145833333333335 0.5009374999999999 0.1607777777777778 0.1193125
0 0.2507083333333333 0.45739583333333333 0.12169444444444445 0.10795833333333334
0 0.13141666666666668 0.430875 0.10277777777777777 0.18370833333333333
0 0.11815277777777777 0.3020833333333333 0.11163888888888888 0.07385416666666668
0 0.025486111111111112 0.26989583333333333 0.050972222222222224 0.21022916666666666