0 0.279125 0.10305084745762712 0.11691666666666668 0.1791313559322034
0 0.4015833333333333 0.09533898305084745 0.12201388888888888 0.1906779661016949
0 0.5158194444444444 0.15216101694915252 0.09805555555555555 0.19646186440677968
0 0.392125 0.28023305084745764 0.12075 0.19453389830508472
0 0.2513611111111111 0.30141949152542374 0.137125 0.2291949152542373
0 0.21475 0.5132838983050848 0.09669444444444444 0.17527542372881358
0 0.3264722222222222 0.5421822033898305 0.098 0.20608050847457626
0 0.43819444444444444 0.5104025423728813 0.106875 0.23497881355932201
0 0.20906944444444445 0.6625635593220339 0.12826388888888887 0.13866525423728815
0 0.10994444444444444 0.49883474576271186 0.10533333333333333 0.18875
0 0.3397222222222222 0.708792372881356 0.12704166666666666 0.1463771186440678
0 0.4539722222222222 0.7106991525423728 0.10055555555555556 0.1463771186440678
0 0.5732777777777778 0.708792372881356 0.13720833333333335 0.18875
0 0.6730138888888889 0.6384745762711864 0.15493055555555554 0.1714194915254237
0 0.7342361111111111 0.7781144067796609 0.1713611111111111 0.165635593220339
0 0.8661388888888889 0.7241949152542373 0.10952777777777778 0.22341101694915255
0 0.5606527777777778 0.5094279661016949 0.12458333333333334 0.1906779661016949
0 0.5404583333333334 0.34476694915254236 0.13218055555555555 0.14252118644067796
0 0.6723750000000001 0.37171610169491526 0.14859722222222221 0.18103813559322035
0 0.6269166666666667 0.18586864406779663 0.10313888888888889 0.15216101694915252
0 0.7380138888888889 0.21091101694915254 0.14105555555555555 0.1483050847457627
0 0.4886944444444445 0.8503389830508475 0.13719444444444445 0.10978813559322034