0 0.2973194444444444 0.2648305084745763 0.1508611111111111 0.15677966101694915
0 0.4257638888888889 0.3442796610169492 0.14118055555555556 0.2266949152542373
0 0.5639305555555555 0.361228813559322 0.1592638888888889 0.19703389830508475
0 0.7139027777777778 0.3675847457627119 0.1509861111111111 0.21398305084745764
0 0.8492916666666667 0.3569915254237288 0.11354166666666667 0.19703389830508475
0 0.9478888888888889 0.3209745762711864 0.09690277777777777 0.19703389830508475
0 0.9501527777777778 0.5434322033898306 0.09968055555555555 0.23516949152542374
0 0.835388888888889 0.5625 0.12809722222222222 0.20127118644067796
0 0.95275 0.7192796610169492 0.08997222222222222 0.125
0 0.6819444444444445 0.5805084745762712 0.1656388888888889 0.21610169491525424
0 0.49655555555555553 0.5773305084745762 0.20319444444444446 0.2309322033898305
0 0.8465138888888889 0.7108050847457628 0.10520833333333333 0.125
0 0.33894444444444444 0.5858050847457628 0.113 0.2055084745762712
0 0.2945138888888889 0.4279661016949153 0.13244444444444445 0.15677966101694915