0 0.0565 0.7979166666666667 0.1130138888888889 0.2833333333333333
0 0.1827361111111111 0.79375 0.15220833333333333 0.2833333333333333
0 0.3271527777777778 0.7885416666666667 0.14115277777777777 0.25625
0 0.44380555555555556 0.7739583333333333 0.12730555555555556 0.29375
0 0.5785 0.759375 0.14401388888888889 0.33958333333333335
0 0.7104166666666667 0.8302083333333333 0.12183333333333334 0.3104166666666667
0 0.07997222222222222 0.5114583333333333 0.15495833333333334 0.26875
0 0.24244444444444443 0.5104166666666666 0.14944444444444444 0.2875
0 0.38130555555555556 0.5208333333333334 0.13283333333333333 0.25416666666666665
0 0.5278055555555555 0.47291666666666665 0.12315277777777778 0.2833333333333333
0 0.6715416666666667 0.42916666666666664 0.1607222222222222 0.30833333333333335
0 0.7576388888888889 0.6416666666666667 0.20518055555555553 0.125
0 0.9187222222222222 0.5583333333333333 0.1052361111111111 0.26666666666666666
0 0.10429166666666667 0.26979166666666665 0.19525 0.18958333333333333
0 0.2931388888888889 0.27291666666666664 0.15365277777777778 0.2
0 0.42991666666666667 0.24479166666666666 0.11897222222222222 0.18958333333333333
0 0.41602777777777783 0.3625 0.0948611111111111 0.10416666666666667
0 0.566 0.234375 0.13845833333333332 0.16875
0 0.7000138888888888 0.178125 0.151 0.19375
0 0.8402638888888889 0.128125 0.1343888888888889 0.18958333333333333
0 0.9552638888888888 0.12604166666666666 0.08947222222222223 0.2520833333333333
0 0.8145694444444445 0.3697916666666667 0.10244444444444445 0.23541666666666666
0 0.9404305555555555 0.3302083333333333 0.11913888888888889 0.17708333333333334
0 0.8492916666666667 0.8541666666666666 0.13577777777777778 0.2916666666666667
0 0.9575833333333333 0.8322916666666667 0.08359722222222223 0.3229166666666667