0 0.09725 0.7861111111111111 0.19452083333333334 0.17777777777777778
0 0.3011875 0.8048611111111111 0.22833333333333333 0.19583333333333333
0 0.167875 0.6270833333333333 0.21579166666666666 0.12638888888888888
0 0.36783333333333335 0.6215277777777778 0.18254166666666669 0.15694444444444444
0 0.1699375 0.4979166666666667 0.1508125 0.1486111111111111
0 0.34491666666666665 0.4777777777777778 0.1616875 0.1361111111111111
0 0.20120833333333332 0.36041666666666666 0.12416666666666668 0.1125
0 0.3584583333333333 0.33194444444444443 0.1929375 0.14444444444444443
0 0.22095833333333334 0.22430555555555556 0.09456250000000001 0.15694444444444444
0 0.375125 0.1909722222222222 0.15960416666666666 0.1597222222222222
0 0.23241666666666666 0.07222222222222222 0.15495833333333334 0.13055555555555556
0 0.45325 0.08472222222222223 0.2617083333333333 0.16944444444444445
0 0.6927916666666667 0.10208333333333333 0.232625 0.2013888888888889
0 0.8469166666666667 0.0798611111111111 0.09102083333333333 0.1597222222222222
0 0.5511458333333333 0.27361111111111114 0.16591666666666666 0.19722222222222222
0 0.7146458333333333 0.27569444444444446 0.20139583333333333 0.13472222222222222
0 0.6729791666666666 0.43472222222222223 0.2763333333333333 0.18333333333333332
0 0.4938541666666667 0.4909722222222222 0.20966666666666667 0.20694444444444443
0 0.7000624999999999 0.6111111111111112 0.18889583333333335 0.1638888888888889
0 0.5386458333333334 0.6847222222222222 0.16175 0.16666666666666666
0 0.4594791666666667 0.8034722222222223 0.11172916666666667 0.19027777777777777
0 0.6032291666666667 0.8534722222222222 0.195125 0.15138888888888888
0 0.7438125 0.7715277777777778 0.20139583333333333 0.1625
0 0.8260833333333333 0.9263888888888889 0.13685416666666667 0.11666666666666667
0 0.106625 0.9229166666666667 0.21327083333333335 0.09583333333333334
0 0.29702083333333335 0.9402777777777778 0.14916666666666664 0.08055555555555556
0 0.47302083333333333 0.9479166666666666 0.16797916666666665 0.10416666666666667
0 0.6719583333333333 0.9555555555555556 0.17429166666666665 0.08888888888888889