0 0.47927083333333337 0.13680555555555557 0.18466666666666667 0.12638888888888888
0 0.180375 0.07152777777777777 0.18247916666666666 0.14305555555555555
0 0.18662499999999999 0.16041666666666668 0.19083333333333333 0.10416666666666667
0 0.3584583333333333 0.21736111111111112 0.20129166666666667 0.16527777777777777
0 0.5396875 0.2638888888888889 0.22216666666666668 0.1527777777777778
0 0.8625416666666667 0.13541666666666666 0.143125 0.10694444444444444
0 0.6136250000000001 0.4152777777777778 0.18262499999999998 0.125
0 0.34489583333333335 0.3548611111111111 0.22570833333333334 0.1125
0 0.4844791666666667 0.39305555555555555 0.16175 0.125
0 0.5198958333333333 0.5354166666666667 0.22008333333333333 0.1486111111111111
0 0.7208958333333333 0.5277777777777778 0.17639583333333334 0.10833333333333334
0 0.30114583333333333 0.48333333333333334 0.20075 0.1388888888888889
0 0.32095833333333335 0.6243055555555556 0.17210416666666667 0.15138888888888888
0 0.5344791666666667 0.6840277777777778 0.22425 0.12916666666666668
0 0.7094374999999999 0.64375 0.15350000000000003 0.13194444444444445
0 0.8542083333333333 0.6486111111111111 0.15145833333333333 0.11666666666666667
0 0.9281458333333333 0.7555555555555555 0.14106249999999998 0.12222222222222222
0 0.7833541666666667 0.7673611111111112 0.14435416666666667 0.12083333333333333
0 0.6292500000000001 0.7736111111111111 0.18054166666666666 0.1111111111111111
0 0.450125 0.8291666666666667 0.17216666666666666 0.14444444444444443
0 0.6136250000000001 0.8854166666666666 0.16179166666666667 0.12083333333333333
0 0.2969791666666667 0.8263888888888888 0.15077083333333335 0.12777777777777777
0 0.2563958333333333 0.9430555555555555 0.20541666666666666 0.11388888888888889
0 0.78025 0.8868055555555555 0.1701666666666667 0.10694444444444444