0 0.280020964360587 0.09583333333333334 0.22557651991614255 0.14166666666666666
0 0.47914046121593296 0.07569444444444444 0.19631027253668762 0.15138888888888888
0 0.6394758909853249 0.06388888888888888 0.1271907756813417 0.12777777777777777
0 0.6562473794549266 0.1909722222222222 0.139769392033543 0.12361111111111112
0 0.5252410901467505 0.23402777777777778 0.13763102725366877 0.1486111111111111
0 0.3627672955974843 0.22777777777777777 0.19150943396226414 0.1638888888888889
0 0.25067085953878404 0.2534722222222222 0.1542976939203354 0.15694444444444444
0 0.25696016771488467 0.41805555555555557 0.18784067085953876 0.15833333333333333
0 0.4152201257861635 0.36319444444444443 0.18161425576519916 0.13472222222222222
0 0.5944234800838575 0.33402777777777776 0.21729559748427674 0.1763888888888889
0 0.6111949685534591 0.46319444444444446 0.17121593291404613 0.12083333333333333
0 0.45922431865828095 0.5041666666666667 0.1732285115303983 0.14722222222222223
0 0.260104821802935 0.5555555555555556 0.18155136268343813 0.12777777777777777
0 0.25696016771488467 0.6826388888888889 0.2171907756813417 0.13194444444444445
0 0.4707547169811321 0.6451388888888889 0.20886792452830188 0.12361111111111112
0 0.6353039832285116 0.5902777777777778 0.2110272536687631 0.14444444444444443
0 0.6772117400419286 0.6972222222222222 0.19846960167714886 0.1
0 0.7673375262054507 0.60625 0.08658280922431866 0.10972222222222222
0 0.46761006289308177 0.7708333333333334 0.21096436058700208 0.12777777777777777
0 0.2747379454926625 0.7965277777777777 0.1580083857442348 0.10972222222222222
0 0.3617610062893082 0.8729166666666667 0.16272536687631028 0.10138888888888889
0 0.48438155136268346 0.8868055555555555 0.15647798742138364 0.11527777777777778
0 0.5944234800838575 0.9055555555555556 0.13345911949685535 0.125
0 0.7076100628930817 0.9125 0.1670230607966457 0.125
0 0.8375681341719077 0.9548611111111112 0.13773584905660377 0.09027777777777778
0 0.6740461215932914 0.9805555555555555 0.20188679245283017 0.03888888888888889
0 0.6446960167714885 0.8319444444444445 0.10549266247379455 0.06111111111111111
0 0.7369601677148846 0.83125 0.11253668763102725 0.07083333333333333
0 0.9088259958071279 0.8444444444444444 0.1209853249475891 0.075
0 0.8627044025157232 0.76875 0.12637316561844864 0.09861111111111111
0 0.11232704402515722 0.8131944444444444 0.11651991614255765 0.06805555555555555
0 0.1290775681341719 0.7423611111111111 0.11823899371069183 0.0875
0 0.9497064989517819 0.9159722222222222 0.08536687631027254 0.05138888888888889
0 0.23440251572327045 0.8840277777777777 0.09408805031446542 0.07083333333333333