0 0.04190277777777778 0.6798940677966102 0.08379166666666667 0.17334745762711862
0 0.0885 0.5315889830508475 0.10675 0.13097457627118644
0 0.07397222222222222 0.4487711864406779 0.11669444444444443 0.1271186440677966
0 0.16804166666666667 0.6644915254237288 0.1522222222222222 0.17720338983050848
0 0.2980555555555556 0.6712288135593221 0.10934722222222223 0.18296610169491526
0 0.20904166666666665 0.5450635593220339 0.1116111111111111 0.14252118644067796
0 0.20402777777777778 0.4015889830508475 0.15855555555555556 0.14059322033898305
0 0.3378333333333333 0.3755720338983051 0.11820833333333333 0.1694915254237288
0 0.4375555555555556 0.2966101694915254 0.12075 0.13483050847457628
0 0.3517222222222222 0.5373728813559322 0.15608333333333332 0.20415254237288136
0 0.48995833333333333 0.4651483050847458 0.15990277777777778 0.2137923728813559
0 0.5865416666666666 0.2744703389830509 0.15869444444444444 0.1675635593220339
0 0.660375 0.4603177966101695 0.15995833333333334 0.2003177966101695
0 0.43440277777777775 0.7116737288135594 0.14222222222222222 0.14059322033898305
0 0.49690277777777775 0.6278813559322034 0.12837500000000002 0.16177966101694916
0 0.6206111111111111 0.6577330508474576 0.1612222222222222 0.1868220338983051
0 0.7531666666666667 0.6259533898305084 0.10065277777777777 0.165635593220339
0 0.304375 0.8330084745762713 0.13965277777777776 0.16370762711864406
0 0.43629166666666663 0.836864406779661 0.12579166666666666 0.1251906779661017
0 0.5732777777777778 0.8628601694915253 0.13973611111111112 0.22726694915254236
0 0.6811944444444444 0.8041313559322034 0.07286111111111111 0.1251906779661017
0 0.82575 0.7588559322033899 0.119625 0.1694915254237288
0 0.8680416666666667 0.6095974576271187 0.11331944444444444 0.15985169491525425
0 0.8800138888888889 0.4998093220338983 0.10506944444444445 0.11747881355932203
0 0.7702083333333333 0.3004661016949152 0.12718055555555555 0.1926059322033898
0 0.8585694444444444 0.3524576271186441 0.12468055555555554 0.1271186440677966
0 0.9008472222222222 0.2080084745762712 0.11641666666666665 0.1502330508474576
0 0.9573055555555555 0.4978813559322034 0.08538888888888889 0.1868220338983051
0 0.22611111111111112 0.2648305084745763 0.11184722222222222 0.15216101694915252
0 0.3321527777777778 0.23016949152542374 0.09926388888888889 0.09438559322033897
0 0.42745833333333333 0.18779661016949153 0.09298611111111112 0.08667372881355931