0 0.07433333333333333 0.4861111111111111 0.1486875 0.1111111111111111
0 0.20329166666666668 0.44305555555555554 0.14495833333333333 0.11388888888888889
0 0.36160416666666667 0.41458333333333336 0.18666666666666665 0.12361111111111112
0 0.5323958333333334 0.3729166666666667 0.1825625 0.12916666666666668
0 0.5771875000000001 0.5076388888888889 0.15966666666666668 0.1375
0 0.41158333333333336 0.5361111111111111 0.19499999999999998 0.16111111111111112
0 0.23241666666666666 0.5569444444444445 0.19247916666666667 0.14444444444444443
0 0.09620833333333333 0.625 0.1924375 0.19166666666666668
0 0.31577083333333333 0.6847222222222222 0.22414583333333335 0.11666666666666667
0 0.5011666666666666 0.6770833333333334 0.21170833333333333 0.12916666666666668
0 0.6282291666666667 0.64375 0.22425 0.18194444444444444
0 0.10222916666666666 0.7652777777777777 0.1987708333333333 0.09166666666666666
0 0.5688541666666667 0.2722222222222222 0.143 0.08611111111111111
0 0.4740625 0.2513888888888889 0.10908333333333334 0.1
0 0.6115625 0.18680555555555556 0.17425 0.10694444444444444
0 0.49281250000000004 0.16180555555555556 0.10072916666666668 0.0875
0 0.6355000000000001 0.09722222222222222 0.12218749999999999 0.09166666666666666
0 0.5511250000000001 0.09097222222222222 0.08822916666666666 0.0625
0 0.663625 0.0375 0.12427083333333333 0.075