0 0.09873611111111112 0.35833333333333334 0.17301388888888888 0.18333333333333332
0 0.2785694444444444 0.35104166666666664 0.19112500000000002 0.20625
0 0.5375694444444444 0.3375 0.3175972222222222 0.2
0 0.7132083333333333 0.21666666666666667 0.12181944444444444 0.15
0 0.7965277777777777 0.365625 0.18018055555555554 0.16875
0 0.8701388888888889 0.271875 0.171875 0.29375
0 0.9573472222222221 0.28020833333333334 0.08529166666666667 0.41875
0 0.561125 0.20104166666666667 0.20456944444444444 0.10208333333333333
0 0.9518055555555555 0.628125 0.09640277777777777 0.2604166666666667
0 0.10008333333333333 0.575 0.19361111111111112 0.2708333333333333
0 0.2966111111111111 0.6020833333333333 0.18279166666666669 0.325
0 0.48061111111111116 0.5708333333333333 0.18423611111111113 0.24583333333333332
0 0.6833611111111111 0.5895833333333333 0.22319444444444442 0.2791666666666667
0 0.8506805555555556 0.6239583333333333 0.12743055555555555 0.3229166666666667
0 0.11401388888888889 0.7875 0.20077777777777778 0.1875
0 0.30494444444444446 0.8270833333333333 0.19945833333333335 0.175
0 0.5118611111111111 0.828125 0.21618055555555557 0.25625
0 0.6979305555555555 0.8447916666666667 0.205125 0.28541666666666665