0 0.7086582809224318 0.0763888888888889 0.18169811320754717 0.14166666666666666
0 0.4811949685534591 0.07291666666666667 0.2606498951781971 0.14027777777777778
0 0.610146750524109 0.22152777777777777 0.1649056603773585 0.15694444444444444
0 0.42775681341719074 0.21875 0.20825995807127884 0.1597222222222222
0 0.609098532494759 0.4041666666666667 0.19635220125786162 0.2111111111111111
0 0.40155136268343816 0.3625 0.25228511530398323 0.16666666666666666
0 0.20765199161425577 0.4652777777777778 0.19576519916142557 0.20833333333333334
0 0.25067085953878404 0.6361111111111111 0.2129979035639413 0.1388888888888889
0 0.47599580712788264 0.6347222222222222 0.24870020964360587 0.1638888888888889
0 0.680356394129979 0.6701388888888888 0.21733752620545074 0.15416666666666667
0 0.7044654088050314 0.5520833333333334 0.26136268343815516 0.10694444444444444
0 0.7369392033542976 0.44583333333333336 0.0970649895178197 0.14166666666666666
0 0.40679245283018867 0.49583333333333335 0.2711530398322851 0.11944444444444445
0 0.2915094339622642 0.22569444444444445 0.14962264150943397 0.09027777777777778
0 0.23807127882599582 0.32083333333333336 0.1249475890985325 0.06666666666666667
0 0.28941299790356395 0.075 0.14962264150943397 0.14722222222222223