0 0.47733333333333333 0.28120762711864405 0.13718055555555556 0.13483050847457628
0 0.45965277777777774 0.40061440677966104 0.11950000000000001 0.10014830508474577
0 0.59725 0.3958050847457627 0.13720833333333335 0.1290466101694915
0 0.6490138888888889 0.2715677966101695 0.12713888888888888 0.13866525423728815
0 0.5909444444444445 0.5065466101694915 0.13469444444444445 0.1040042372881356
0 0.45016666666666666 0.5383262711864407 0.13677777777777778 0.16370762711864406
0 0.5625416666666666 0.6500423728813559 0.10565277777777776 0.1714194915254237
0 0.6698472222222223 0.6384745762711864 0.11326388888888889 0.15216101694915252
0 0.4482777777777778 0.719385593220339 0.12793055555555555 0.1290466101694915
0 0.5366527777777778 0.7511652542372882 0.0639861111111111 0.08860169491525424
0 0.6376527777777778 0.7492372881355932 0.13976388888888888 0.08860169491525424
0 0.8472083333333333 0.7617584745762712 0.1171111111111111 0.16370762711864406
0 0.9078055555555555 0.8821186440677966 0.09693055555555556 0.1502330508474576
0 0.8219583333333332 0.1367584745762712 0.09943055555555556 0.13097457627118644
0 0.8850694444444445 0.2475 0.094375 0.1444491525423729
0 0.7537777777777778 0.25230932203389833 0.10005555555555556 0.19646186440677968
0 0.7815694444444444 0.36305084745762717 0.10193055555555555 0.15601694915254238
0 0.7733611111111112 0.4998093220338983 0.10825 0.16370762711864406
0 0.7032777777777778 0.4121822033898305 0.07483333333333334 0.12326271186440678
0 0.7702083333333333 0.6153601694915254 0.10193055555555555 0.09822033898305084
0 0.3403333333333333 0.3389830508474576 0.13429166666666667 0.15408898305084748
0 0.06956944444444445 0.7684957627118645 0.11937500000000001 0.18489406779661016
0 0.17497222222222222 0.7241949152542373 0.11813888888888889 0.15408898305084748
0 0.2652361111111111 0.6837500000000001 0.09923611111111111 0.17334745762711862
0 0.2462916666666667 0.5672245762711865 0.10275000000000001 0.15985169491525425
0 0.14591666666666667 0.5970762711864407 0.11415277777777777 0.13866525423728815
0 0.058819444444444445 0.6076694915254237 0.08893055555555555 0.11747881355932203
0 0.05504166666666667 0.48921610169491525 0.09286111111111112 0.14252118644067796
0 0.14909722222222221 0.4343220338983051 0.10172222222222221 0.15985169491525425
0 0.23241666666666666 0.3967584745762712 0.08408333333333333 0.12326271186440678
0 0.07459722222222222 0.36305084745762717 0.08515277777777779 0.10207627118644068
0 0.8749861111111111 0.4516525423728814 0.07672222222222222 0.17527542372881358