0 0.38722222222222225 0.6324152542372882 0.11829166666666667 0.1885593220338983
0 0.4844166666666666 0.6398305084745762 0.1016388888888889 0.21610169491525424
0 0.5885694444444444 0.628177966101695 0.11 0.1673728813559322
0 0.6989583333333333 0.6038135593220338 0.10308333333333333 0.15677966101694915
0 0.746875 0.6684322033898306 0.10729166666666666 0.13347457627118645
0 0.792 0.5338983050847458 0.10590277777777778 0.1652542372881356
0 0.6829722222222222 0.4470338983050847 0.10104166666666667 0.16101694915254236
0 0.32125000000000004 0.3527542372881356 0.09463888888888888 0.1461864406779661
0 0.48024999999999995 0.4713983050847458 0.10718055555555556 0.1673728813559322
0 0.5781527777777777 0.461864406779661 0.0975 0.13983050847457626
0 0.5121666666666667 0.3273305084745763 0.09831944444444446 0.12076271186440678
0 0.5142777777777777 0.2277542372881356 0.1530277777777778 0.1461864406779661
0 0.6281388888888889 0.2690677966101695 0.08640277777777777 0.13135593220338984
0 0.7170138888888888 0.3040254237288136 0.10309722222222223 0.1461864406779661
0 0.8142222222222222 0.3199152542372881 0.08647222222222221 0.1652542372881356
0 0.8940694444444445 0.4364406779661017 0.08788888888888889 0.15677966101694915
0 0.7829583333333333 0.4067796610169492 0.11766666666666667 0.1016949152542373
0 0.9537777777777778 0.3516949152542373 0.08790277777777777 0.13983050847457626
0 0.9537777777777778 0.4830508474576271 0.08234722222222222 0.13135593220338984
0 0.37261111111111106 0.1673728813559322 0.1108611111111111 0.1483050847457627
0 0.1775138888888889 0.2775423728813559 0.07376388888888889 0.08898305084745763
0 0.9381527777777778 0.5879237288135594 0.10525 0.1038135593220339
0 0.6090277777777777 0.3548728813559322 0.09759722222222221 0.09533898305084745