0 0.03179166666666667 0.6365466101694915 0.06359722222222222 0.1483050847457627
0 0.10744444444444444 0.623072033898305 0.1067638888888889 0.20222457627118645
0 0.18506944444444445 0.6500423728813559 0.090375 0.1906779661016949
0 0.2702916666666667 0.6741101694915255 0.11691666666666668 0.17720338983050848
0 0.35550000000000004 0.6914406779661018 0.09043055555555556 0.15408898305084748
0 0.44072222222222224 0.719385593220339 0.11697222222222223 0.10207627118644068
0 0.5543333333333333 0.7328601694915254 0.08923611111111111 0.10978813559322034
0 0.6193472222222223 0.6827754237288135 0.08041666666666666 0.10207627118644068
0 0.673 0.614406779661017 0.07918055555555556 0.11557203389830507
0 0.6906666666666667 0.49307203389830506 0.074125 0.11171610169491525
0 0.75 0.4651483050847458 0.06909722222222223 0.1059322033898305
0 0.7083333333333334 0.3813559322033898 0.11018055555555556 0.11171610169491525
0 0.6010277777777778 0.3852118644067796 0.10011111111111111 0.10786016949152542
0 0.5833333333333334 0.5123305084745763 0.1354861111111111 0.13866525423728815
0 0.49372222222222223 0.3611228813559322 0.12791666666666665 0.1251906779661017
0 0.43752777777777774 0.5152118644067797 0.1468888888888889 0.17527542372881358
0 0.5455 0.6278813559322034 0.0766111111111111 0.12326271186440678
0 0.45079166666666665 0.6327118644067796 0.09763888888888889 0.07127118644067797
0 0.31193055555555554 0.5277330508474576 0.0926388888888889 0.1463771186440678
0 0.344125 0.40061440677966104 0.10144444444444445 0.11940677966101695
0 0.39336111111111116 0.32358050847457626 0.08881944444444445 0.18103813559322035
0 0.8143888888888889 0.4872881355932203 0.07670833333333332 0.09245762711864407
0 0.8831944444444444 0.5344703389830509 0.07293055555555555 0.1059322033898305
0 0.7474861111111112 0.5710805084745763 0.07416666666666666 0.09438559322033897
0 0.8105972222222222 0.5912923728813558 0.06911111111111111 0.08860169491525424
0 0.7354861111111111 0.6461864406779662 0.04511111111111111 0.07510593220338983
0 0.20084722222222223 0.516186440677966 0.08256944444444445 0.08088983050847458
0 0.04075 0.4998093220338983 0.08148611111111112 0.1483050847457627