0 0.06622222222222222 0.1832627118644068 0.13245833333333334 0.2097457627118644
0 0.19661111111111113 0.2266949152542373 0.141125 0.19491525423728814
0 0.33687500000000004 0.2754237288135593 0.14116666666666666 0.15677966101694915
0 0.46809722222222216 0.3125 0.1342638888888889 0.24364406779661016
0 0.6132083333333334 0.298728813559322 0.13847222222222222 0.19915254237288135
0 0.7069444444444445 0.4036016949152542 0.137125 0.2605932203389831
0 0.5902777777777778 0.4872881355932203 0.11009722222222222 0.2288135593220339
0 0.6972222222222222 0.6186440677966102 0.11490277777777778 0.2330508474576271
0 0.08497222222222223 0.4046610169491525 0.16995833333333335 0.2288135593220339
0 0.2882777777777778 0.4565677966101695 0.23558333333333334 0.2478813559322034
0 0.4653194444444444 0.5444915254237288 0.12593055555555555 0.21610169491525424
0 0.5993194444444444 0.6896186440677966 0.11626388888888887 0.21822033898305085
0 0.44169444444444445 0.7552966101694916 0.18236111111111114 0.2097457627118644
0 0.29170833333333335 0.7192796610169492 0.22406944444444446 0.3326271186440678
0 0.09522222222222222 0.7139830508474576 0.17552777777777778 0.3728813559322034