0 0.08705555555555555 0.5201271186440678 0.174125 0.20127118644067796
0 0.252875 0.5317796610169492 0.17305555555555555 0.1694915254237288
0 0.42020833333333335 0.597457627118644 0.1633888888888889 0.1864406779661017
0 0.5472638888888889 0.5985169491525424 0.1092777777777778 0.19279661016949154
0 0.6666944444444444 0.5953389830508474 0.10654166666666666 0.1864406779661017
0 0.7722222222222223 0.5466101694915254 0.12045833333333333 0.19491525423728814
0 0.8867916666666666 0.4671610169491525 0.13022222222222224 0.21822033898305085
0 0.9055416666666667 0.6673728813559322 0.11494444444444445 0.18220338983050846
0 0.7909583333333333 0.6885593220338984 0.12255555555555554 0.18220338983050846
0 0.6416666666666667 0.7203389830508474 0.15454166666666666 0.07203389830508475
0 0.43961111111111106 0.7129237288135594 0.22820833333333335 0.10805084745762712
0 0.23895833333333336 0.7266949152542372 0.18800000000000003 0.23728813559322035
0 0.07970833333333334 0.7478813559322034 0.15940277777777778 0.2627118644067797
0 0.1299722222222222 0.1917372881355932 0.121625 0.13347457627118645
0 0.24870833333333334 0.2129237288135593 0.10916666666666666 0.13771186440677965
0 0.35770833333333335 0.2552966101694915 0.11615277777777777 0.13347457627118645
0 0.4653333333333334 0.3040254237288136 0.08980555555555556 0.1461864406779661
0 0.5757361111111111 0.336864406779661 0.11066666666666668 0.15254237288135594
0 0.6916805555555555 0.336864406779661 0.11765277777777777 0.13983050847457626
0 0.8 0.3072033898305085 0.09269444444444444 0.1483050847457627
0 0.24938888888888888 0.3463983050847458 0.09388888888888888 0.12076271186440678
0 0.3674305555555556 0.3834745762711864 0.10781944444444444 0.1271186440677966
0 0.47019444444444447 0.4343220338983051 0.1078611111111111 0.1228813559322034
0 0.5771111111111111 0.4459745762711864 0.0912361111111111 0.09957627118644068
0 0.673625 0.4523305084745763 0.07043055555555555 0.09957627118644068
0 0.7486111111111111 0.4163135593220339 0.08156944444444444 0.0614406779661017
0 0.13758333333333334 0.3347457627118644 0.12415277777777778 0.15677966101694915