0 0.4319706498951782 0.20208333333333334 0.13129979035639414 0.10972222222222222
0 0.579748427672956 0.18472222222222223 0.150230607966457 0.10833333333333334
0 0.610104821802935 0.09375 0.19563941299790355 0.09027777777777778
0 0.4518658280922432 0.09305555555555556 0.1558490566037736 0.10833333333333334
0 0.6174842767295597 0.025 0.17958071278825996 0.05
0 0.5839203354297693 0.30277777777777776 0.12924528301886792 0.13055555555555556
0 0.42356394129979036 0.32083333333333336 0.1789098532494759 0.125
0 0.579748427672956 0.42777777777777776 0.09991614255765198 0.11666666666666667
0 0.4183228511530398 0.4527777777777778 0.21035639412997903 0.125
0 0.299916142557652 0.5763888888888888 0.1061006289308176 0.13055555555555556
0 0.41519916142557656 0.5715277777777777 0.13549266247379455 0.12083333333333333
0 0.5409643605870021 0.5888888888888889 0.13134171907756814 0.1388888888888889
0 0.5661006289308176 0.5069444444444444 0.09922431865828092 0.03611111111111111
0 0.6352830188679245 0.6895833333333333 0.13138364779874215 0.11527777777777778
0 0.42880503144654086 0.6645833333333333 0.14327044025157235 0.08472222222222223
0 0.5315303983228511 0.7 0.11666666666666667 0.08888888888888889
0 0.30408805031446545 0.6784722222222223 0.13285115303983228 0.08194444444444444
0 0.4277777777777778 0.7423611111111111 0.11452830188679246 0.0763888888888889
0 0.5241928721174004 0.7972222222222223 0.1019916142557652 0.09166666666666666
0 0.6070020964360587 0.8180555555555555 0.1460377358490566 0.1