0 0.4790566037735849 0.10077777777777779 0.3927253668763103 0.20154166666666667
0 0.30205450733752626 0.2719166666666667 0.26234800838574424 0.14815277777777777
0 0.24079664570230608 0.4083333333333333 0.37742138364779876 0.13704166666666667
0 0.5112159329140461 0.4467638888888889 0.14955974842767297 0.08734722222222223
0 0.2277777777777778 0.5836388888888889 0.2581761006289308 0.129625
0 0.19842767295597485 0.7262361111111111 0.28335429769392034 0.13086111111111112
0 0.5647798742138365 0.5694444444444444 0.2846331236897275 0.07654166666666666
0 0.8309853249475891 0.65 0.20675052410901468 0.10802777777777778
0 0.8121174004192871 0.5472222222222223 0.13641509433962262 0.06913888888888889
0 0.8062893081761007 0.4118888888888889 0.27849056603773586 0.12252777777777778
0 0.5442767295597485 0.7324027777777778 0.36660377358490565 0.23209722222222223
0 0.8672955974842768 0.7641944444444445 0.26540880503144654 0.11419444444444445
0 0.5535849056603773 0.9120416666666666 0.429958071278826 0.11975