0 0.28959722222222223 0.35050847457627116 0.3033888888888889 0.23398305084745763
0 0.22943055555555555 0.6111016949152542 0.1398472222222222 0.2702542372881356
0 0.36909722222222224 0.6097033898305084 0.13947222222222222 0.288135593220339
0 0.25505555555555554 0.11887711864406779 0.147875 0.23775423728813558
0 0.8185416666666667 0.21116525423728813 0.18841666666666665 0.16243644067796612
0 0.762361111111111 0.395 0.3106388888888889 0.1864406779661017
0 0.6383194444444444 0.5972245762711864 0.1366388888888889 0.16243644067796612
0 0.7938472222222223 0.5699152542372882 0.16375 0.15584745762711866
0 0.5614861111111111 0.8170974576271187 0.10025 0.06544491525423729
0 0.6923194444444445 0.816864406779661 0.22611111111111112 0.2580084745762712
0 0.3300277777777778 0.8502754237288135 0.26695833333333335 0.18362288135593222