0 0.1909433962264151 0.9576388888888889 0.2150524109014675 0.08194444444444444
0 0.24752620545073373 0.8743055555555556 0.2318448637316562 0.0875
0 0.20872117400419288 0.76875 0.2020545073375262 0.12638888888888888
0 0.22972746331236896 0.6013888888888889 0.2339412997903564 0.18333333333333332
0 0.18566037735849056 0.4513888888888889 0.2691404612159329 0.09722222222222222
0 0.169937106918239 0.34930555555555554 0.23771488469601676 0.13194444444444445
0 0.20037735849056604 0.21666666666666667 0.2884067085953878 0.14722222222222223
0 0.43828092243186584 0.12916666666666668 0.20675052410901468 0.17222222222222222
0 0.21188679245283018 0.07430555555555556 0.2611530398322851 0.1486111111111111
0 0.6761844863731656 0.08333333333333333 0.2592452830188679 0.16666666666666666
0 0.8449056603773585 0.06666666666666667 0.1440041928721174 0.13333333333333333
0 0.840712788259958 0.20625 0.16914046121593293 0.14027777777777778
0 0.6667505241090147 0.25416666666666665 0.1858700209643606 0.17777777777777778
0 0.5692872117400419 0.40347222222222223 0.2550104821802935 0.1986111111111111
0 0.45605870020964356 0.2513888888888889 0.2648637316561845 0.09166666666666666
0 0.3156184486373166 0.36180555555555555 0.2229769392033543 0.13194444444444445
0 0.37748427672955975 0.5263888888888889 0.16060796645702305 0.18888888888888888
0 0.5609014675052412 0.5972222222222222 0.21727463312368972 0.18055555555555555
0 0.8050733752620545 0.34097222222222223 0.13138364779874215 0.12083333333333333
0 0.7380083857442348 0.42986111111111114 0.1020545073375262 0.15416666666666667
0 0.4036897274633124 0.7048611111111112 0.1459538784067086 0.1597222222222222
0 0.7034171907756813 0.5666666666666667 0.07058700209643606 0.13055555555555556
0 0.5818448637316562 0.7520833333333333 0.1669601677148847 0.13194444444444445
0 0.42150943396226415 0.8763888888888889 0.15643605870020966 0.15555555555555556
0 0.569266247379455 0.8659722222222223 0.12505241090146751 0.10416666666666667
0 0.5420125786163522 0.9416666666666667 0.09989517819706499 0.09166666666666666
0 0.39526205450733753 0.9625 0.19360587002096435 0.075
0 0.44981132075471697 0.02361111111111111 0.21723270440251574 0.04722222222222222