0 0.18175000000000002 0.1885593220338983 0.20806944444444445 0.15489406779661016
0 0.3737083333333333 0.22033898305084745 0.14752777777777779 0.1855084745762712
0 0.5611666666666667 0.2801271186440678 0.15518055555555557 0.18266949152542372
0 0.7429305555555555 0.3356779661016949 0.1668472222222222 0.14313559322033897
0 0.8739305555555555 0.545677966101695 0.14180555555555555 0.20527542372881355
0 0.9763611111111111 0.6796186440677966 0.04727777777777778 0.16713983050847459
0 0.7390833333333333 0.6424152542372882 0.12518055555555554 0.15866525423728814
0 0.877013888888889 0.7445762711864407 0.1356388888888889 0.14641949152542372
0 0.5775277777777778 0.6909110169491526 0.18170833333333336 0.2838983050847458
0 0.3290972222222222 0.6916101694915254 0.3206527777777778 0.30885593220338986
0 0.08241666666666667 0.5640254237288136 0.16483333333333333 0.6092372881355932
0 0.3383611111111111 0.41995762711864404 0.3021388888888889 0.18925847457627118