0 0.3709027777777778 0.18854166666666666 0.062 0.10625
0 0.36812500000000004 0.315625 0.06477777777777778 0.14791666666666667
0 0.3792361111111111 0.4197916666666667 0.07866666666666666 0.11875
0 0.44172222222222224 0.42916666666666664 0.07313888888888888 0.1375
0 0.41394444444444445 0.53125 0.10088888888888889 0.12916666666666668
0 0.3347777777777778 0.55625 0.1129861111111111 0.15416666666666667
0 0.2834027777777778 0.42291666666666666 0.10744444444444444 0.125
0 0.27993055555555557 0.30520833333333336 0.10327777777777777 0.11041666666666666
0 0.29659722222222223 0.215625 0.10327777777777777 0.10208333333333333
0 0.18065277777777777 0.2708333333333333 0.07304166666666667 0.12083333333333333
0 0.18829166666666666 0.3885416666666667 0.08831944444444445 0.13541666666666666
0 0.19731944444444444 0.5479166666666667 0.10637500000000001 0.1875
0 0.26813888888888887 0.58125 0.078625 0.18333333333333332
0 0.17091666666666666 0.7 0.10748611111111112 0.14166666666666666
0 0.298 0.7427083333333333 0.12445833333333334 0.14791666666666667
0 0.4049166666666667 0.7083333333333334 0.10227777777777777 0.19166666666666668
0 0.5174027777777778 0.7104166666666667 0.11898611111111111 0.20416666666666666
0 0.5215555555555556 0.553125 0.11430555555555555 0.12708333333333333
0 0.65975 0.5458333333333333 0.13430555555555557 0.1625
0 0.7638888888888888 0.41875 0.1398888888888889 0.1625
0 0.7659583333333333 0.27708333333333335 0.13645833333333332 0.14166666666666666
0 0.8812361111111111 0.38333333333333336 0.11077777777777778 0.2125
0 0.7930555555555555 0.5833333333333334 0.11490277777777778 0.15416666666666667
0 0.8944305555555556 0.5770833333333333 0.09827777777777778 0.175
0 0.6868333333333333 0.7270833333333333 0.22459722222222223 0.20416666666666666
0 0.8729027777777778 0.7510416666666667 0.12743055555555555 0.18125
0 0.7062638888888889 0.9072916666666667 0.11348611111111111 0.15625
0 0.5715416666666666 0.9114583333333334 0.15595833333333334 0.17708333333333334
0 0.10218055555555555 0.5302083333333333 0.08945833333333333 0.18125
0 0.07370833333333333 0.3572916666666667 0.12695833333333334 0.16041666666666668