0 0.06955974842767296 0.9472222222222222 0.1349475890985325 0.10555555555555556
0 0.16574423480083858 0.8756944444444444 0.09773584905660376 0.12638888888888888
0 0.2914884696016771 0.8743055555555556 0.14536687631027254 0.09027777777777778
0 0.3910691823899371 0.8395833333333333 0.12505241090146751 0.11805555555555555
0 0.5178825995807128 0.8145833333333333 0.15654088050314466 0.12083333333333333
0 0.6656603773584905 0.8270833333333333 0.1670649895178197 0.12361111111111112
0 0.8092452830188679 0.8388888888888889 0.13566037735849054 0.13055555555555556
0 0.8941299790356394 0.8020833333333334 0.09587002096436058 0.12083333333333333
0 0.7872117400419287 0.7326388888888888 0.11377358490566038 0.08472222222222223
0 0.9234800838574424 0.6736111111111112 0.13360587002096436 0.13333333333333333
0 0.7851153039832285 0.6284722222222222 0.15989517819706497 0.12083333333333333
0 0.07480083857442348 0.8215277777777777 0.14962264150943397 0.14583333333333334
0 0.20243186582809225 0.7388888888888889 0.13756813417190777 0.14444444444444443
0 0.3679874213836478 0.7576388888888889 0.19356394129979035 0.11805555555555555
0 0.6436477987421383 0.7152777777777778 0.22362683438155137 0.11944444444444445
0 0.4748846960167715 0.6777777777777778 0.15161425576519916 0.14444444444444443
0 0.8658490566037735 0.1736111111111111 0.15664570230607966 0.08055555555555556
0 0.7474004192872117 0.2152777777777778 0.0970230607966457 0.12777777777777777
0 0.8658490566037735 0.26458333333333334 0.13150943396226414 0.09861111111111111
0 0.9576729559748428 0.2520833333333333 0.08465408805031448 0.11527777777777778
0 0.7809433962264151 0.32916666666666666 0.15033542976939201 0.10555555555555556
0 0.9331865828092243 0.36180555555555555 0.13360587002096436 0.10416666666666667
0 0.9492872117400419 0.4513888888888889 0.10140461215932914 0.10277777777777777
0 0.9461425576519916 0.5423611111111111 0.10769392033542977 0.1125
0 0.779874213836478 0.5006944444444444 0.23744234800838576 0.12638888888888888
0 0.7819706498951782 0.42083333333333334 0.21647798742138366 0.09444444444444444
0 0.5587421383647798 0.40902777777777777 0.21446540880503145 0.12083333333333333
0 0.6132704402515723 0.31319444444444444 0.17962264150943397 0.10694444444444444
0 0.6174213836477987 0.19305555555555556 0.159937106918239 0.10555555555555556
0 0.4549685534591195 0.26458333333333334 0.19563941299790355 0.11527777777777778
0 0.27262054507337524 0.3194444444444444 0.16215932914046122 0.10555555555555556
0 0.09444444444444444 0.41388888888888886 0.16641509433962262 0.09722222222222222
0 0.06368972746331236 0.6784722222222223 0.12735849056603774 0.12361111111111112
0 0.099958071278826 0.5527777777777778 0.19993710691823902 0.1361111111111111
0 0.2831236897274633 0.5097222222222222 0.1732285115303983 0.1361111111111111
0 0.39737945492662474 0.4465277777777778 0.23823899371069182 0.14027777777777778
0 0.5891614255765198 0.5368055555555555 0.14817610062893083 0.12638888888888888
0 0.640503144654088 0.6222222222222222 0.15867924528301885 0.06388888888888888
0 0.2715723270440251 0.6583333333333333 0.25228511530398323 0.125
0 0.4224947589098533 0.5486111111111112 0.13486373165618448 0.09722222222222222