0 0.33861111111111114 0.3486864406779661 0.22406944444444446 0.2630720338983051
0 0.5636944444444445 0.3495762711864407 0.2368888888888889 0.2612923728813559
0 0.7789305555555556 0.3707627118644068 0.2346388888888889 0.24010593220338983
0 0.9363055555555555 0.417542372881356 0.08888888888888889 0.2559957627118644
0 0.8234583333333333 0.5640889830508474 0.1530138888888889 0.1641949152542373
0 0.592 0.6117584745762712 0.3081527777777778 0.1430084745762712
0 0.3518888888888889 0.6868008474576272 0.19368055555555555 0.23658898305084747
0 0.14127777777777778 0.7583050847457627 0.2261388888888889 0.1641949152542373
0 0.21304166666666666 0.5958686440677966 0.09558333333333333 0.17832627118644068
0 0.19220833333333331 0.4369703389830508 0.073375 0.12536016949152542
0 0.07129166666666667 0.4749364406779661 0.08744444444444445 0.07061440677966101
0 0.06838888888888889 0.6082203389830508 0.10016666666666667 0.12887711864406778
0 0.11409722222222222 0.3884110169491526 0.08976388888888888 0.09533898305084745
0 0.18180555555555555 0.2877754237288136 0.058541666666666665 0.07415254237288135
0 0.45955555555555555 0.18802966101694915 0.35256944444444444 0.04766949152542373