0 0.2824861111111111 0.26866666666666666 0.12569444444444444 0.2265625
0 0.5058194444444445 0.30252083333333335 0.17436111111111113 0.28733333333333333
0 0.21595833333333334 0.6358541666666666 0.22866666666666666 0.3776041666666667
0 0.4138194444444444 0.5690000000000001 0.14309722222222224 0.24045833333333333
0 0.38547222222222227 0.8407083333333334 0.11879166666666667 0.28733333333333333
0 0.5168194444444445 0.8181458333333332 0.17090277777777776 0.22829166666666667
0 0.541125 0.6089375 0.13156944444444446 0.17099999999999999
0 0.6336944444444444 0.6506041666666668 0.10845833333333334 0.21962500000000001
0 0.7760416666666666 0.44835416666666666 0.15247222222222223 0.2630208333333333
0 0.8205694444444444 0.2825625 0.09630555555555556 0.14150000000000001
0 0.6493055555555556 0.41970833333333335 0.1009861111111111 0.20745833333333333