0 0.2511992263056093 0.1887361111111111 0.18705996131528047 0.11449999999999999
0 0.4566344294003869 0.03904166666666667 0.0993230174081238 0.06820833333333333
0 0.6431334622823984 0.19737500000000002 0.11129593810444874 0.05772222222222222
0 0.705880077369439 0.3075555555555555 0.11642166344294004 0.08672222222222221
0 0.8694197292069633 0.21466666666666667 0.07812379110251451 0.07994444444444444
0 0.9570793036750483 0.1645 0.06435203094777564 0.05679166666666667
0 0.5522437137330755 0.41651388888888885 0.21059961315280462 0.11080555555555556
0 0.429110251450677 0.45894444444444443 0.2093423597678917 0.109875
0 0.17382978723404255 0.5905833333333333 0.23864603481624758 0.11573611111111111
0 0.04775628626692457 0.44459722222222225 0.09549323017408123 0.0645
0 0.17253384912959382 0.35338888888888886 0.296247582205029 0.17530555555555555