0 0.5403055555555555 0.13665254237288135 0.0565 0.09533898305084745
0 0.47504166666666664 0.17584745762711865 0.0796111111111111 0.08898305084745763
0 0.4035416666666667 0.3103813559322034 0.10227777777777777 0.1419491525423729
0 0.4986527777777777 0.3474576271186441 0.08704166666666667 0.15254237288135594
0 0.5646111111111111 0.3771186440677966 0.07455555555555556 0.16101694915254236
0 0.6451666666666667 0.3697033898305085 0.09125 0.1419491525423729
0 0.7291666666666666 0.350635593220339 0.08155555555555555 0.1419491525423729
0 0.8090138888888889 0.3527542372881356 0.08297222222222222 0.1292372881355932
0 0.4035416666666667 0.4608050847457627 0.10227777777777777 0.1461864406779661
0 0.5194861111111111 0.4894067796610169 0.10648611111111111 0.1483050847457627
0 0.6090555555555556 0.5063559322033898 0.080125 0.13559322033898305
0 0.6868194444444444 0.5116525423728814 0.08848611111111111 0.1292372881355932
0 0.7902777777777777 0.5095338983050848 0.09269444444444444 0.12076271186440678
0 0.8756805555555556 0.5158898305084746 0.08022222222222222 0.125
0 0.41326388888888893 0.6239406779661016 0.1383888888888889 0.1673728813559322
0 0.5312916666666666 0.635593220338983 0.09120833333333334 0.1864406779661017
0 0.6229444444444444 0.6790254237288136 0.06347222222222222 0.12076271186440678
0 0.6937638888888888 0.6673728813559322 0.08293055555555556 0.13135593220338984
0 0.7652777777777777 0.6705508474576272 0.07601388888888888 0.125
0 0.8312361111111112 0.6790254237288136 0.06909722222222223 0.11228813559322035
0 0.5354583333333333 0.7944915254237288 0.07731944444444444 0.13559322033898305
0 0.6215555555555555 0.8061440677966102 0.07736111111111112 0.11652542372881355
0 0.7014027777777778 0.8379237288135594 0.076 0.11228813559322035
0 0.7493055555555556 0.8326271186440678 0.05795833333333333 0.11016949152542373
0 0.31602777777777774 0.3347457627118644 0.08661111111111111 0.18220338983050846
0 0.25216666666666665 0.423728813559322 0.07551388888888888 0.15677966101694915
0 0.30215277777777777 0.5084745762711864 0.09668055555555556 0.15254237288135594
0 0.3125833333333333 0.6377118644067796 0.09808333333333334 0.13983050847457626
0 0.23341666666666666 0.590042372881356 0.07969444444444444 0.2055084745762712
0 0.33619444444444446 0.7913135593220338 0.12309722222222222 0.1292372881355932
0 0.44587499999999997 0.788135593220339 0.11294444444444443 0.1652542372881356
0 0.23826388888888891 0.7574152542372882 0.08108333333333334 0.13347457627118645