0 0.3840041928721174 0.6059027777777778 0.1929979035639413 0.1875
0 0.4285534591194968 0.7447916666666666 0.09870020964360586 0.0798611111111111
0 0.5923060796645702 0.7291666666666666 0.16427672955974842 0.12152777777777778
0 0.6853249475890985 0.734375 0.08308176100628932 0.07291666666666667
0 0.7442767295597484 0.7022638888888889 0.08048218029350104 0.06770833333333333
0 0.7730817610062893 0.6388888888888888 0.10668763102725368 0.06944444444444445
0 0.6067085953878406 0.5963472222222223 0.10924528301886792 0.08159722222222222
0 0.740335429769392 0.5650972222222223 0.13025157232704404 0.06770833333333333
0 0.37352201257861634 0.42447222222222225 0.1720545073375262 0.11979166666666667
0 0.2320335429769392 0.3472222222222222 0.10387840670859538 0.11458333333333333
0 0.21238993710691825 0.6206527777777778 0.12746331236897274 0.11631944444444445
0 0.3276729559748428 0.7413194444444444 0.08557651991614255 0.059027777777777776
0 0.22023060796645702 0.7230972222222222 0.06641509433962264 0.046875