0 0.863 0.423728813559322 0.08068055555555556 0.17889830508474575
0 0.7927777777777777 0.4343220338983051 0.11838888888888888 0.17654661016949152
0 0.85375 0.5520338983050848 0.07141666666666667 0.1059322033898305
0 0.7634722222222223 0.5979237288135594 0.10913888888888888 0.13652542372881354
0 0.7009861111111111 0.4613983050847458 0.08909722222222223 0.15536016949152542
0 0.5960555555555556 0.4955296610169491 0.10456944444444445 0.1483050847457627
0 0.6886527777777778 0.6320550847457627 0.08679166666666667 0.18597457627118644
0 0.6037777777777779 0.6391313559322034 0.10456944444444445 0.13889830508474577
0 0.4934583333333334 0.5802754237288136 0.09997222222222223 0.15300847457627118
0 0.41554166666666664 0.6520762711864406 0.07994444444444444 0.10358050847457627
0 0.5042777777777777 0.675614406779661 0.10370833333333333 0.10358050847457627
0 0.3275972222222222 0.6285381355932204 0.04655555555555556 0.11298728813559322
0 0.1910416666666667 0.7485805084745762 0.06920833333333333 0.0565042372881356
0 0.2527638888888889 0.7533050847457627 0.05116666666666667 0.07061440677966101
0 0.30445833333333333 0.7132838983050848 0.052722222222222226 0.0847457627118644
0 0.9701944444444444 0.2106779661016949 0.059625 0.11063559322033899