0 0.23830188679245284 0.20525 0.14937106918238993 0.11727777777777777
0 0.2511111111111111 0.33873611111111107 0.1610272536687631 0.14969444444444444
0 0.300020964360587 0.48070833333333335 0.19830188679245284 0.12808333333333333
0 0.5073165618448637 0.5370416666666666 0.1890566037735849 0.08333333333333333
0 0.7169182389937108 0.5138888888888888 0.18446540880503143 0.09259722222222222
0 0.8426834381551362 0.40818055555555555 0.14723270440251573 0.084875
0 0.860125786163522 0.30477777777777776 0.16251572327044025 0.10956944444444444
0 0.8659538784067086 0.1859583333333333 0.11358490566037736 0.125
0 0.6330607966457024 0.7137361111111111 0.2775681341719078 0.18363888888888888
0 0.6132704402515723 0.5763888888888888 0.1448427672955975 0.05709722222222222
0 0.2813626834381551 0.5895 0.16968553459119495 0.08025
0 0.7972746331236897 0.8132777777777777 0.19614255765199162 0.129625
0 0.40247379454926624 0.7237638888888889 0.15566037735849056 0.12654166666666666
0 0.6261006289308175 0.8981527777777777 0.2729350104821803 0.1605
0 0.36289308176100626 0.8695972222222222 0.23949685534591195 0.17129166666666668
0 0.8345283018867924 0.9336388888888889 0.17285115303983228 0.1327222222222222
0 0.5619916142557652 0.9737638888888889 0.3768763102725367 0.052472222222222226
0 0.8310272536687631 0.6589444444444444 0.15656184486373168 0.1388888888888889