0 0.2790138888888889 0.3451694915254237 0.17891666666666667 0.3513347457627119
0 0.4792083333333333 0.408728813559322 0.19286111111111112 0.2595338983050847
0 0.6713055555555555 0.4572669491525424 0.14202777777777778 0.21540254237288137
0 0.25587499999999996 0.7053389830508475 0.1627222222222222 0.2701271186440678
0 0.1094861111111111 0.8481567796610169 0.143 0.3036652542372882
0 0.42483333333333334 0.7715466101694916 0.16509722222222223 0.20480932203389832
0 0.6053472222222223 0.7609533898305085 0.13505555555555554 0.17654661016949152
0 0.75 0.8033262711864407 0.13743055555555556 0.22951271186440678
0 0.8240694444444445 0.2277542372881356 0.188375 0.24364406779661016
0 0.9439861111111111 0.06620762711864407 0.11202777777777777 0.13241525423728814
0 0.4502777777777778 0.13682203389830508 0.15120833333333333 0.21716101694915255
0 0.6406388888888889 0.24188559322033898 0.15705555555555556 0.1906779661016949
0 0.7355555555555556 0.06885593220338983 0.29827777777777775 0.13771186440677965
0 0.2639722222222222 0.08385593220338983 0.22752777777777777 0.1641949152542373
0 0.2900138888888889 0.9233686440677966 0.2518333333333333 0.15184322033898306
0 0.5278194444444444 0.9189618644067796 0.22298611111111113 0.15713983050847458
0 0.7193333333333333 0.9487923728813559 0.16402777777777777 0.10239406779661017
0 0.8038055555555556 0.46875 0.11313888888888889 0.24540254237288137