0 0.380083857442348 0.3958333333333333 0.2218238993710692 0.1840277777777778
0 0.3525576519916142 0.20745833333333333 0.1929979035639413 0.1545138888888889
0 0.5818238993710692 0.4288194444444444 0.19046121593291404 0.13194444444444445
0 0.5648008385744235 0.27344444444444443 0.15639412997903562 0.1579861111111111
0 0.5804821802935011 0.14669444444444446 0.18945492662473795 0.10590277777777778
0 0.12331236897274633 0.41579166666666667 0.19033542976939205 0.14756944444444445
0 0.11545073375262055 0.2473888888888889 0.14838574423480083 0.140625
0 0.21241090146750521 0.61025 0.2689517819706499 0.18229166666666666
0 0.5779245283018868 0.6362916666666667 0.41840670859538787 0.19618055555555555
0 0.8333542976939203 0.4409722222222222 0.16436058700209644 0.10069444444444445
0 0.9041090146750524 0.30816666666666664 0.1538993710691824 0.11631944444444445
0 0.9119077568134172 0.22916666666666666 0.13425576519916144 0.0763888888888889