0 0.35911949685534594 0.5333333333333333 0.30633123689727465 0.1388888888888889
0 0.6840251572327043 0.4638888888888889 0.41545073375262054 0.14722222222222223
0 0.809748427672956 0.34930555555555554 0.28459119496855345 0.14305555555555555
0 0.3360796645702306 0.37777777777777777 0.24345911949685534 0.11944444444444445
0 0.5697693920335429 0.3076388888888889 0.20788259958071278 0.14583333333333334
0 0.8451153039832285 0.2013888888888889 0.309769392033543 0.15
0 0.1777568134171908 0.8395 0.20524109014675054 0.21605555555555556
0 0.3862054507337526 0.8094166666666667 0.22626834381551364 0.18363888888888888
0 0.579517819706499 0.8024722222222221 0.2542976939203354 0.22530555555555556
0 0.8287211740041929 0.7847222222222222 0.24970649895178196 0.25154166666666666
0 0.3768763102725367 0.05709722222222222 0.2728092243186583 0.11419444444444445
0 0.6575262054507337 0.05555555555555555 0.27528301886792456 0.1111111111111111
0 0.8867714884696017 0.04629166666666666 0.22643605870020966 0.09259722222222222
0 0.05050314465408805 0.4760833333333333 0.1010272536687631 0.14351388888888889
0 0.08545073375262054 0.28318055555555555 0.17090146750524107 0.14043055555555556
0 0.11922431865828091 0.08719444444444445 0.23844863731656182 0.1743888888888889