0 0.5320545073375262 0.06284722222222222 0.22046121593291404 0.11319444444444444
0 0.27842767295597487 0.09826388888888889 0.26228511530398324 0.19652777777777777
0 0.7060167714884695 0.05590277777777778 0.11150943396226415 0.10486111111111111
0 0.5477777777777778 0.20729166666666668 0.2561006289308176 0.16597222222222222
0 0.6913626834381551 0.18506944444444445 0.15765199161425578 0.13819444444444445
0 0.29727463312368974 0.2746527777777778 0.2371278825995807 0.16180555555555556
0 0.5551153039832285 0.37395833333333334 0.25819706498951783 0.14375
0 0.720691823899371 0.33576388888888886 0.119916142557652 0.15069444444444444
0 0.3245073375262054 0.43020833333333336 0.2239832285115304 0.15486111111111112
0 0.5833962264150943 0.5177083333333333 0.2519077568134172 0.15069444444444444
0 0.7353668763102725 0.5079861111111111 0.10733752620545074 0.17291666666666666
0 0.32765199161425573 0.5753472222222222 0.22607966457023063 0.15069444444444444
0 0.5530188679245284 0.6579861111111112 0.22465408805031445 0.13680555555555557
0 0.7248846960167714 0.6725694444444444 0.19117400419287212 0.14375
0 0.32765199161425573 0.7177083333333333 0.21350104821802934 0.15208333333333332
0 0.5467295597484277 0.7864583333333334 0.18272536687631027 0.11319444444444444
0 0.7458490566037735 0.809375 0.22471698113207547 0.13958333333333334
0 0.34859538784067085 0.8302083333333333 0.23863731656184486 0.09930555555555555
0 0.5655765199161426 0.8829861111111111 0.170167714884696 0.11736111111111111