0 0.7031388888888889 0.33160416666666664 0.22420833333333334 0.31943750000000004
0 0.8888611111111111 0.6258750000000001 0.13747222222222222 0.484375
0 0.7302916666666666 0.7282916666666667 0.17040277777777776 0.359375
0 0.520875 0.7508750000000001 0.21836111111111112 0.37327083333333333
0 0.32122222222222224 0.7013958333333333 0.17401388888888888 0.34375
0 0.30968055555555557 0.9392291666666667 0.14769444444444446 0.12152083333333333
0 0.1748611111111111 0.8923541666666667 0.19275 0.21527083333333333
0 0.11063888888888888 0.6058958333333333 0.19854166666666664 0.24652083333333333
0 0.45894444444444443 0.31077083333333333 0.2657361111111111 0.33681249999999996
0 0.13109722222222223 0.18316666666666667 0.26219444444444445 0.30381250000000004
0 0.28594444444444445 0.30381250000000004 0.07709722222222222 0.35764583333333333
0 0.44797222222222227 0.094625 0.24147222222222225 0.09895833333333333