0 0.26511111111111113 0.8368125000000001 0.07893055555555556 0.10416666666666667
0 0.4440972222222222 0.8680625000000001 0.07281944444444445 0.15277083333333333
0 0.43097222222222226 0.6736041666666667 0.07744444444444444 0.120375
0 0.4109027777777778 0.50925 0.18486111111111111 0.1898125
0 0.603013888888889 0.5347291666666667 0.082125 0.17129166666666668
0 0.646986111111111 0.3345 0.08369444444444445 0.13658333333333333
0 0.7457222222222222 0.24306250000000001 0.11068055555555555 0.20833333333333334
0 0.5590416666666667 0.9293958333333333 0.08675000000000001 0.11341666666666667
0 0.6801527777777777 0.8252291666666667 0.10608333333333332 0.15972916666666667
0 0.427125 0.20485416666666667 0.10984722222222222 0.13658333333333333
0 0.5675277777777777 0.17477083333333335 0.09755555555555555 0.14120833333333332
0 0.42325 0.06597916666666667 0.16016666666666665 0.13193749999999999
0 0.30752777777777773 0.12847916666666667 0.10466666666666667 0.17825
0 0.2172638888888889 0.2939791666666667 0.14944444444444444 0.1851875
0 0.15711111111111112 0.42939583333333337 0.11901388888888889 0.182875
0 0.19491666666666668 0.6446666666666666 0.1267361111111111 0.20139583333333333
0 0.127 0.8310208333333333 0.08929166666666667 0.13889583333333333
0 0.34534722222222225 0.8460625 0.09130555555555554 0.182875
0 0.7488333333333332 0.6678333333333334 0.09298611111111112 0.13193749999999999
0 0.7634722222222223 0.49189583333333337 0.11530555555555555 0.1875
0 0.8645416666666667 0.464125 0.08376388888888889 0.13193749999999999
0 0.9548055555555556 0.44908333333333333 0.06990277777777777 0.120375
0 0.844486111111111 0.214125 0.09301388888888888 0.15508333333333332
0 0.953763888888889 0.19329166666666667 0.09248611111111112 0.16435416666666666
0 0.728763888888889 0.9317083333333334 0.08370833333333334 0.10416666666666667
0 0.8290555555555555 0.9305625000000001 0.09609722222222222 0.13889583333333333
0 0.9437361111111111 0.9432916666666666 0.11254166666666666 0.11341666666666667
0 0.06219444444444445 0.6116875 0.11091666666666666 0.24189583333333334