0 0.7876111111111112 0.24453389830508476 0.1316388888888889 0.19951271186440678
0 0.6035833333333334 0.23129237288135593 0.23177777777777778 0.2860169491525424
0 0.3420416666666667 0.20216101694915253 0.2850972222222222 0.2595338983050847
0 0.8269583333333332 0.5534957627118644 0.17563888888888887 0.19951271186440678
0 0.5920416666666667 0.4325635593220339 0.245 0.10947033898305085
0 0.33568055555555554 0.4113771186440678 0.277 0.11298728813559322
0 0.26340277777777776 0.7415254237288136 0.21480555555555556 0.2542372881355932
0 0.5075694444444444 0.7786016949152542 0.27505555555555555 0.24718220338983052
0 0.7320694444444444 0.7777118644067796 0.15709722222222222 0.19951271186440678
0 0.4497083333333334 0.9678601694915254 0.19402777777777777 0.06425847457627118
0 0.23040277777777776 0.9563983050847458 0.11179166666666666 0.08722457627118645
0 0.07602777777777778 0.2136228813559322 0.15204166666666666 0.3813559322033898
0 0.4844166666666666 0.5932203389830508 0.12229166666666666 0.1271186440677966
0 0.6458472222222222 0.6108686440677966 0.1721111111111111 0.13417372881355932