0 0.49871635610766046 0.3726805555555555 0.2280952380952381 0.12808333333333333
0 0.30316770186335407 0.3634305555555556 0.17677018633540373 0.11573611111111111
0 0.7321739130434782 0.3788611111111111 0.23047619047619047 0.14969444444444444
0 0.8759006211180125 0.2986111111111111 0.14542443064182192 0.14351388888888889
0 0.6987784679089026 0.22608333333333333 0.199648033126294 0.12191666666666667
0 0.6781159420289854 0.5123472222222222 0.20055900621118014 0.129625
0 0.5389233954451346 0.48070833333333335 0.1375983436853002 0.0941388888888889
0 0.6228985507246377 0.6435138888888888 0.15453416149068322 0.120375
0 0.46879917184265013 0.723 0.19128364389233954 0.125
0 0.28937888198757766 0.8094166666666667 0.18136645962732917 0.11883333333333333
0 0.1824223602484472 0.696763888888889 0.20670807453416148 0.12808333333333333
0 0.2169151138716356 0.6033888888888889 0.11469979296066252 0.07098611111111111
0 0.27786749482401657 0.5177499999999999 0.13078674948240165 0.0756111111111111
0 0.44465838509316774 0.5347222222222222 0.1613871635610766 0.10956944444444444
0 0.46650103519668734 0.6334861111111111 0.13149068322981367 0.08795833333333333
0 0.8908695652173914 0.4259305555555556 0.17072463768115942 0.12345833333333334
0 0.5067287784679089 0.2662083333333333 0.1974120082815735 0.10030555555555555
0 0.9337888198757763 0.17823611111111112 0.1324223602484472 0.10956944444444444
0 0.7470807453416148 0.11343055555555556 0.19962732919254658 0.09722222222222222
0 0.0682815734989648 0.402 0.1365631469979296 0.13734722222222223
0 0.12494824016563147 0.19752777777777777 0.11987577639751552 0.08333333333333333
0 0.0682815734989648 0.09181944444444444 0.1365631469979296 0.11265277777777778
0 0.801159420289855 0.6620416666666666 0.12469979296066253 0.09259722222222222
0 0.4009109730848861 0.4513888888888889 0.25262939958592134 0.06944444444444445