0 0.4819027777777778 0.20480932203389832 0.11141666666666666 0.19302966101694916
0 0.5443888888888888 0.31898305084745765 0.10680555555555557 0.17184322033898305
0 0.5875972222222222 0.4143220338983051 0.10990277777777777 0.22599576271186442
0 0.40627777777777774 0.3448728813559322 0.1354861111111111 0.24718220338983052
0 0.5019583333333334 0.4284322033898305 0.11758333333333333 0.21656779661016948
0 0.5960694444444444 0.5755720338983051 0.11761111111111112 0.20480932203389832
0 0.38930555555555557 0.534364406779661 0.1540138888888889 0.17889830508474575
0 0.48884722222222227 0.6097033898305084 0.11295833333333333 0.17889830508474575
0 0.35304166666666664 0.706207627118644 0.1679027777777778 0.17419491525423728
0 0.48575 0.7168008474576271 0.10061111111111111 0.16243644067796612
0 0.5551805555555556 0.6979661016949152 0.07594444444444444 0.11533898305084746