0 0.12006944444444445 0.2542372881355932 0.09431944444444444 0.15536016949152542
0 0.09616666666666666 0.3990042372881356 0.10511111111111113 0.17654661016949152
0 0.1223888888888889 0.4955296610169491 0.08969444444444444 0.1059322033898305
0 0.211875 0.796843220338983 0.09897222222222223 0.15300847457627118
0 0.19797222222222222 0.6661864406779661 0.110875 0.11771186440677966
0 0.2705138888888889 0.6885593220338984 0.07122222222222223 0.15300847457627118
0 0.26663888888888887 0.5484957627118644 0.12165277777777778 0.13652542372881354
0 0.19258333333333333 0.5579025423728813 0.05377777777777778 0.11771186440677966
0 0.44949999999999996 0.8839406779661018 0.08670833333333333 0.12476694915254237
0 0.4841944444444444 0.7933050847457627 0.078375 0.18832627118644069
0 0.4116805555555556 0.7815466101694915 0.07222222222222222 0.15536016949152542
0 0.5382083333333333 0.6720762711864408 0.08519444444444445 0.14360169491525424
0 0.44099999999999995 0.6497245762711865 0.08763888888888889 0.16478813559322034
0 0.5513333333333333 0.5284745762711864 0.10526388888888889 0.1483050847457627
0 0.4587361111111111 0.5120127118644068 0.06758333333333333 0.1200635593220339
0 0.7542222222222221 0.696800847457627 0.09143055555555556 0.15065677966101695
0 0.7009861111111111 0.6402966101694916 0.08601388888888889 0.1271186440677966
0 0.7742916666666667 0.5390677966101695 0.09452777777777778 0.17419491525423728
0 0.8066805555555555 0.686207627118644 0.04825 0.11533898305084746
0 0.6755277777777777 0.49669491525423726 0.09065277777777778 0.18832627118644069
0 0.7665694444444444 0.3448728813559322 0.08836111111111111 0.20480932203389832
0 0.6701111111111111 0.32720338983050845 0.10147222222222223 0.18832627118644069
0 0.6554583333333334 0.15771186440677964 0.11226388888888889 0.16008474576271187
0 0.745736111111111 0.16125 0.08680555555555555 0.17184322033898305
0 0.6585416666666666 0.0423728813559322 0.11534722222222221 0.0847457627118644
0 0.5011805555555556 0.25542372881355935 0.11295833333333333 0.20480932203389832
0 0.27358333333333335 0.16713983050847459 0.12009722222222222 0.21656779661016948
0 0.09770833333333333 0.06120762711864407 0.11745833333333332 0.12241525423728813