0 0.7822641509433962 0.4774305555555556 0.15123689727463313 0.11805555555555555
0 0.7940461215932914 0.3168472222222222 0.13289308176100628 0.1440972222222222
0 0.6132704402515723 0.35330555555555554 0.10138364779874214 0.109375
0 0.6460167714884696 0.15190277777777778 0.13020964360587 0.171875
0 0.4521174004192872 0.3229166666666667 0.1511111111111111 0.1840277777777778
0 0.46392033542976935 0.09462499999999999 0.19041928721174003 0.1892361111111111
0 0.2543186582809224 0.342875 0.13272536687631029 0.15104166666666666
0 0.2949266247379455 0.19618055555555555 0.1510691823899371 0.1076388888888889
0 0.0908805031446541 0.4131944444444444 0.18178197064989515 0.14583333333333334
0 0.1419916142557652 0.6197916666666666 0.2839832285115304 0.2534722222222222
0 0.3774633123689728 0.5034722222222222 0.2270649895178197 0.14583333333333334
0 0.6289937106918239 0.5295138888888888 0.2585953878406708 0.20833333333333334
0 0.6866457023060796 0.7421944444444445 0.25339622641509435 0.2552083333333333
0 0.36436058700209645 0.8671805555555555 0.3528301886792453 0.2378472222222222