0 0.867638888888889 0.10714884696016772 0.1331388888888889 0.21429769392033543
0 0.7133472222222222 0.17819706498951782 0.11456944444444443 0.18867924528301888
0 0.6308055555555556 0.3435849056603773 0.18706944444444445 0.2958280922431866
0 0.7704305555555556 0.5124528301886793 0.10841666666666668 0.1910062893081761
0 0.82675 0.7058071278825996 0.1192361111111111 0.18635220125786164
0 0.9409305555555556 0.7873375262054507 0.08841666666666666 0.16771488469601678
0 0.5451666666666667 0.7220964360587002 0.21943055555555557 0.2329350104821803
0 0.4888194444444444 0.49383647798742136 0.1555138888888889 0.25157232704402516
0 0.45719444444444446 0.2771907756813417 0.16325 0.29815513626834383
0 0.579875 0.0710482180293501 0.10990277777777777 0.1420964360587002
0 0.36230555555555555 0.1420964360587002 0.140125 0.19566037735849057
0 0.21880555555555553 0.19566037735849057 0.174125 0.21429769392033543
0 0.07888888888888888 0.26438155136268343 0.1577638888888889 0.24924528301886792
0 0.29983333333333334 0.3750314465408805 0.157625 0.23758909853249477
0 0.09541666666666668 0.48568134171907756 0.18383333333333335 0.22129979035639413
0 0.3083194444444445 0.6021383647798743 0.20545833333333335 0.25389937106918237
0 0.14322222222222222 0.710461215932914 0.1498611111111111 0.23758909853249477
0 0.04726388888888889 0.6894968553459119 0.06983333333333333 0.22362683438155137
0 0.07919444444444444 0.8770020964360586 0.12052777777777778 0.1560587002096436
0 0.9802222222222222 0.2678825995807128 0.03955555555555556 0.29815513626834383
0 0.562125 0.8641928721174005 0.07748611111111112 0.06522012578616353
0 0.19952777777777778 0.4029769392033543 0.08618055555555555 0.19566037735849057