0 0.1795972222222222 0.5757415254237288 0.22793055555555558 0.3569915254237288
0 0.3781805555555556 0.628707627118644 0.18355555555555556 0.3358050847457627
0 0.3982777777777778 0.3882415254237288 0.19276388888888887 0.15360169491525424
0 0.13794444444444443 0.885593220338983 0.21958333333333332 0.2288135593220339
0 0.38859722222222226 0.9057203389830508 0.18216666666666667 0.1885593220338983
0 0.5378611111111111 0.7436440677966102 0.133625 0.2584745762711864
0 0.6864583333333333 0.7648305084745762 0.15033333333333332 0.2245762711864407
0 0.8517083333333334 0.7923728813559322 0.15038888888888888 0.21610169491525424
0 0.5621666666666667 0.5169491525423728 0.18223611111111113 0.2076271186440678
0 0.7253333333333334 0.4184322033898305 0.153125 0.3241525423728814
0 0.5746388888888889 0.3177966101694915 0.1482638888888889 0.2288135593220339
0 0.25455555555555553 0.25 0.16920833333333332 0.22033898305084745
0 0.43511111111111106 0.15995762711864406 0.13358333333333333 0.22245762711864406
0 0.5593888888888888 0.11864406779661017 0.16001388888888887 0.18220338983050846
0 0.721875 0.11864406779661017 0.18783333333333335 0.23728813559322035
0 0.8843333333333334 0.12182203389830508 0.16290277777777779 0.24364406779661016
0 0.9843055555555557 0.1419491525423729 0.029625 0.2838983050847458
0 0.9495972222222223 0.3718220338983051 0.07959722222222222 0.15889830508474576
0 0.937763888888889 0.5582627118644068 0.10226388888888888 0.1843220338983051
0 0.8246111111111112 0.5699152542372882 0.09065277777777778 0.13983050847457626
0 0.9585833333333332 0.9279661016949152 0.08281944444444445 0.1440677966101695
0 0.06205555555555556 0.06885593220338983 0.12412500000000001 0.13771186440677965
0 0.25180555555555556 0.07309322033898305 0.12519444444444444 0.13347457627118645
0 0.03636111111111111 0.5942796610169492 0.07273611111111111 0.19703389830508475