0 0.28310416666666666 0.7245416666666666 0.15308333333333335 0.12191666666666667
0 0.24604166666666666 0.6257777777777778 0.2265 0.11573611111111111
0 0.24720833333333334 0.5293194444444445 0.16864583333333333 0.13580555555555557
0 0.23099999999999998 0.4050972222222222 0.16402083333333334 0.14351388888888889
0 0.22754166666666667 0.2816388888888889 0.1478125 0.1342638888888889
0 0.34560416666666666 0.8464444444444446 0.17625 0.125
0 0.5689375 0.8433611111111111 0.1555 0.11573611111111111
0 0.5805 0.7006111111111111 0.12772916666666667 0.1111111111111111
0 0.5758541666666667 0.6057083333333334 0.19629166666666667 0.10648611111111111
0 0.5399791666666667 0.5069444444444444 0.17547916666666669 0.125
0 0.5237916666666667 0.3819444444444444 0.14770833333333336 0.14969444444444444
0 0.5145208333333333 0.27545833333333336 0.12458333333333332 0.10956944444444444
0 0.5122083333333334 0.2137361111111111 0.13845833333333332 0.11573611111111111
0 0.41616666666666663 0.11883333333333333 0.17783333333333334 0.09259722222222222
0 0.21829166666666666 0.14969444444444444 0.1854375 0.1327222222222222