0 0.2683611111111111 0.3760593220338983 0.15448611111111113 0.20127118644067796
0 0.394625 0.3616101694915254 0.11066666666666668 0.2128177966101695
0 0.48930555555555555 0.3972457627118644 0.09806944444444445 0.18394067796610167
0 0.5757777777777778 0.39917372881355934 0.11704166666666665 0.19934322033898305
0 0.6799305555555556 0.44828389830508475 0.09561111111111112 0.15889830508474576
0 0.3990277777777778 0.19885593220338982 0.13297222222222221 0.1203813559322034
0 0.5240277777777778 0.2566525423728814 0.11197222222222222 0.153114406779661
0 0.5189583333333333 0.13915254237288138 0.11273611111111112 0.1319279661016949
0 0.6275416666666667 0.20752118644067796 0.10443055555555555 0.22824152542372883
0 0.4179583333333333 0.06597457627118644 0.09256944444444445 0.12423728813559322
0 0.25198611111111113 0.7188983050847457 0.20656944444444442 0.16468220338983053
0 0.4003055555555556 0.7198516949152542 0.1296111111111111 0.1743008474576271
0 0.5297083333333333 0.727563559322034 0.13848611111111112 0.1743008474576271
0 0.6534166666666666 0.7304449152542373 0.11580555555555555 0.2147457627118644
0 0.7228472222222223 0.713114406779661 0.06280555555555556 0.1223093220338983
0 0.257 0.8726906779661018 0.17720833333333333 0.1390677966101695
0 0.4053611111111111 0.9078389830508474 0.1346527777777778 0.1843220338983051
0 0.5353888888888889 0.8953177966101694 0.10693055555555554 0.209364406779661
0 0.6193333333333334 0.8941737288135594 0.10316666666666667 0.16853813559322034
0 0.269625 0.9632203389830508 0.14690277777777777 0.07358050847457627
0 0.2759305555555555 0.20705508474576273 0.119125 0.1483050847457627
0 0.7998472222222222 0.3495762711864407 0.00029166666666666664 0.0019279661016949152