0 0.4722361111111111 0.36020964360587 0.09506944444444444 0.12578616352201258
0 0.5530555555555555 0.37259958071278826 0.09431944444444444 0.1581761006289308
0 0.6300555555555556 0.40595387840670855 0.07413888888888889 0.16771488469601678
0 0.6786666666666666 0.3154088050314465 0.08805555555555555 0.13150943396226414
0 0.5082222222222222 0.23536687631027253 0.11904166666666666 0.13911949685534591
0 0.613 0.25251572327044025 0.07104166666666667 0.17725366876310272
0 0.6458472222222222 0.5850943396226415 0.11327777777777778 0.15628930817610062
0 0.5852361111111111 0.719454926624738 0.12408333333333334 0.1429350104821803
0 0.4009166666666667 0.4369182389937107 0.08879166666666667 0.14960167714884695
0 0.4905694444444444 0.4712159329140461 0.07534722222222222 0.09815513626834381
0 0.5751527777777778 0.5436477987421383 0.06527777777777778 0.14769392033542977
0 0.39019444444444445 0.5722222222222222 0.09258333333333332 0.13054507337526206
0 0.4476388888888889 0.7170859538784067 0.09048611111111111 0.10958071278825997
0 0.5195972222222223 0.7246960167714885 0.06777777777777777 0.15532494758909854
0 0.13141666666666668 0.9445492662473794 0.09416666666666666 0.11092243186582809
0 0.13518055555555555 0.8504821802935011 0.10529166666666667 0.11148846960167715
0 0.8187777777777777 0.9688469601677149 0.06593055555555555 0.062327044025157236
0 0.6837222222222222 0.8714465408805031 0.08551388888888889 0.10576519916142559
0 0.7929166666666666 0.8685953878406708 0.08176388888888889 0.09243186582809225
0 0.4526805555555556 0.14341719077568132 0.08119444444444444 0.11530398322851153
0 0.40597222222222223 0.27872117400419283 0.09383333333333334 0.13054507337526206
0 0.3965 0.6818238993710692 0.052180555555555556 0.08291404612159328