0 0.4266666666666667 0.48412499999999997 0.43786163522012583 0.2293611111111111
0 0.2856394129979036 0.6900833333333334 0.269622641509434 0.15713888888888888
0 0.3284486373165618 0.8831388888888889 0.5528930817610064 0.2337361111111111
0 0.7832704402515723 0.9033749999999999 0.4334381551362683 0.19324999999999998
0 0.09763102725366876 0.31070833333333336 0.18786163522012578 0.34762499999999996
0 0.31740041928721174 0.07679166666666666 0.15343815513626835 0.10119444444444445
0 0.5045492662473794 0.06547222222222222 0.13840670859538784 0.06666666666666667
0 0.6919916142557652 0.13591666666666666 0.1419287211740042 0.06865277777777777
0 0.4892662473794549 0.27102777777777776 0.14979035639413 0.09681944444444443
0 0.7192452830188679 0.3138888888888889 0.25031446540880503 0.08730555555555555
0 0.8344654088050315 0.5281805555555555 0.3310482180293501 0.16666666666666666
0 0.729643605870021 0.6900833333333334 0.5406918238993711 0.2206388888888889