0 0.2321527777777778 0.09709745762711865 0.2009027777777778 0.19421610169491527
0 0.39994444444444444 0.09444915254237288 0.13847222222222222 0.18891949152542373
0 0.28305555555555556 0.2904237288135593 0.13379166666666667 0.20302966101694914
0 0.08990277777777779 0.6726694915254238 0.14741666666666667 0.24364406779661016
0 0.2795972222222222 0.5958686440677966 0.15 0.23834745762711865
0 0.4126666666666667 0.554385593220339 0.0806111111111111 0.11652542372881355
0 0.5081388888888889 0.5826271186440678 0.093375 0.14476694915254237
0 0.6603194444444445 0.569385593220339 0.140875 0.18184322033898304
0 0.7852916666666666 0.7759533898305084 0.15941666666666668 0.20302966101694914
0 0.93725 0.6329449152542372 0.1208611111111111 0.26658898305084744
0 0.9515 0.3548728813559322 0.0969861111111111 0.19421610169491527
0 0.8471944444444445 0.3239830508474576 0.1119861111111111 0.19597457627118645
0 0.7471111111111111 0.11917372881355932 0.19644444444444445 0.18891949152542373
0 0.02972222222222222 0.20216101694915253 0.059458333333333335 0.2136228813559322
0 0.14072222222222222 0.3619279661016949 0.138375 0.2542372881355932
0 0.6799861111111111 0.3557627118644068 0.10847222222222222 0.22421610169491524
0 0.5590555555555555 0.2277542372881356 0.10958333333333334 0.2506991525423729