0 0.28397916666666667 0.2760416666666667 0.4182916666666667 0.3958333333333333
0 0.6953958333333333 0.2690972222222222 0.46531249999999996 0.3472222222222222
0 0.7526458333333333 0.6050277777777778 0.24660416666666668 0.1753472222222222
0 0.343875 0.6423611111111112 0.30895833333333333 0.2222222222222222
0 0.12122916666666667 0.6788194444444444 0.14485416666666667 0.11805555555555555
0 0.4297708333333333 0.8020833333333334 0.12152083333333333 0.11458333333333333
0 0.28395833333333337 0.8307361111111111 0.11627083333333334 0.07118055555555555
0 0.15897916666666667 0.7716944444444445 0.09539583333333333 0.0642361111111111
0 0.5833958333333332 0.453125 0.10074999999999999 0.0763888888888889
0 0.5795 0.7274305555555556 0.13460416666666666 0.10069444444444445
0 0.6445833333333333 0.7873333333333333 0.11379166666666667 0.07465277777777778
0 0.752625 0.7934027777777778 0.0851875 0.08333333333333333
0 0.8606874999999999 0.7430555555555556 0.05658333333333333 0.11458333333333333
0 0.8984375 0.6736111111111112 0.04877083333333333 0.10416666666666667