0 0.3627916666666666 0.8465972222222221 0.14697916666666666 0.10227777777777777
0 0.5057708333333334 0.8472222222222222 0.13758333333333334 0.09595833333333334
0 0.3078541666666667 0.7462083333333334 0.23554166666666668 0.09848611111111111
0 0.5057708333333334 0.7405277777777777 0.17922916666666666 0.10731944444444444
0 0.29933333333333334 0.6527777777777778 0.207125 0.10858333333333334
0 0.4896875 0.6420416666666666 0.181125 0.10227777777777777
0 0.2965 0.5454583333333334 0.1749375 0.08838888888888889
0 0.4811666666666667 0.549875 0.16029166666666667 0.0745
0 0.3296458333333333 0.4760138888888889 0.14652083333333332 0.09848611111111111
0 0.48683333333333334 0.47727777777777775 0.16029166666666667 0.10605555555555556
0 0.3249166666666667 0.3768888888888889 0.1825 0.08459722222222221
0 0.4565416666666666 0.38383333333333336 0.1640625 0.09343055555555554
0 0.6544166666666666 0.8049305555555555 0.18116666666666664 0.15530555555555556
0 0.6941875 0.6988611111111112 0.16224999999999998 0.14015277777777777
0 0.6496666666666666 0.5896527777777778 0.17293750000000002 0.09343055555555554
0 0.6752291666666667 0.4886388888888889 0.1861875 0.12373611111111112
0 0.8058958333333333 0.11994444444444444 0.17477083333333335 0.11868055555555555
0 0.0723125 0.03661111111111111 0.14464583333333333 0.07323611111111111