0 0.17433333333333334 0.23155136268343815 0.06136111111111111 0.1010062893081761
0 0.18504166666666666 0.13150943396226414 0.06866666666666667 0.09909853249475892
0 0.18441666666666667 0.03620545073375262 0.06234722222222222 0.07243186582809223
0 0.27090277777777777 0.22394129979035637 0.05508333333333333 0.0819496855345912
0 0.2639444444444444 0.11815513626834381 0.05475 0.07622641509433963
0 0.2740416666666667 0.05622641509433962 0.06484722222222222 0.10482180293501048
0 0.34097222222222223 0.2592033542976939 0.05384722222222223 0.08385744234800839
0 0.35294444444444445 0.1791404612159329 0.05598611111111111 0.07622641509433963
0 0.3466388888888889 0.09339622641509433 0.050930555555555555 0.08767295597484277
0 0.3491666666666667 0.027631027253668762 0.04083333333333333 0.055262054507337524
0 0.4230277777777778 0.35448637316561843 0.05134722222222222 0.12578616352201258
0 0.42238888888888887 0.2563312368972746 0.050902777777777776 0.08576519916142557
0 0.41418055555555555 0.17438155136268346 0.049652777777777775 0.07052410901467505
0 0.4185972222222222 0.06480083857442348 0.061000000000000006 0.10672955974842767
0 0.1882083333333333 0.33352201257861636 0.07398611111111111 0.11815513626834381
0 0.27343055555555557 0.3411530398322851 0.06013888888888889 0.1448427672955975
0 0.34727777777777774 0.37735849056603776 0.06141666666666667 0.15628930817610062
0 0.41734722222222226 0.4631236897274633 0.05513888888888889 0.09148846960167716
0 0.18190277777777777 0.45264150943396225 0.10429166666666667 0.11245283018867924
0 0.2658611111111111 0.5031446540880503 0.07276388888888889 0.1791404612159329
0 0.3529583333333333 0.5222012578616352 0.08288888888888889 0.17153039832285114
0 0.4160833333333333 0.5117190775681342 0.052611111111111115 0.18104821802935012
0 0.1673888888888889 0.57937106918239 0.08029166666666666 0.11436058700209643
0 0.25891666666666663 0.6680083857442348 0.08663888888888889 0.12769392033542976
0 0.3554861111111111 0.6861006289308176 0.09045833333333332 0.16008385744234802
0 0.08216666666666667 0.38308176100628927 0.05880555555555556 0.09528301886792453
0 0.04998611111111111 0.4564570230607966 0.07522222222222222 0.10863731656184486
0 0.07080555555555555 0.660377358490566 0.06131944444444444 0.1429350104821803
0 0.154125 0.7080293501048218 0.09922222222222223 0.13532494758909852
0 0.382 0.8109433962264151 0.07026388888888889 0.09339622641509433
0 0.5404305555555555 0.9186163522012579 0.08168055555555556 0.13341719077568134
0 0.597875 0.8052201257861634 0.07034722222222221 0.13150943396226414
0 0.5031666666666667 0.780440251572327 0.10137499999999999 0.15438155136268344
0 0.5820694444444444 0.6851572327044025 0.12786111111111112 0.13150943396226414
0 0.4735138888888889 0.64895178197065 0.08245833333333333 0.13150943396226414
0 0.8440416666666667 0.36306079664570234 0.07043055555555555 0.11245283018867924
0 0.5669444444444445 0.5612788259958071 0.09936111111111112 0.1429350104821803
0 0.4918194444444445 0.530775681341719 0.06855555555555555 0.1238784067085954
0 0.510125 0.28874213836477985 0.08923611111111111 0.12006289308176102
0 0.5126388888888889 0.18773584905660376 0.06981944444444445 0.08958071278825995
0 0.4955972222222222 0.09052410901467506 0.05593055555555556 0.09339622641509433
0 0.599125 0.29825995807127886 0.0753888888888889 0.11245283018867924
0 0.6780277777777778 0.29350104821802936 0.07668055555555556 0.13341719077568134
0 0.7575694444444445 0.3039832285115304 0.09943055555555556 0.13150943396226414
0 0.49940277777777775 0.4049895178197065 0.06526388888888889 0.12006289308176102
0 0.5719861111111111 0.4259538784067086 0.08422222222222223 0.1238784067085954
0 0.6912916666666666 0.4459748427672956 0.1334861111111111 0.15247379454926627
0 0.7765000000000001 0.42786163522012577 0.043888888888888894 0.12006289308176102
0 0.7739722222222222 0.17819706498951782 0.07166666666666667 0.11624737945492664
0 0.75125 0.07052410901467505 0.07166666666666667 0.09148846960167716
0 0.7392638888888888 0.6889727463312368 0.09563888888888888 0.1619916142557652
0 0.8434166666666667 0.710880503144654 0.09188888888888888 0.12960167714884696
0 0.8983194444444444 0.6346540880503145 0.060347222222222226 0.11054507337526205
0 0.8497222222222222 0.5241090146750524 0.059069444444444445 0.09909853249475892