0 0.7803333333333333 0.03913888888888889 0.07329166666666667 0.07827777777777778
0 0.8106458333333334 0.13383333333333333 0.10358333333333333 0.08333333333333333
0 0.8475625 0.21275000000000002 0.094125 0.09722222222222222
0 0.8807083333333333 0.29229166666666667 0.09225 0.09974999999999999
0 0.8513541666666666 0.3724722222222222 0.12443749999999999 0.08586111111111111
0 0.7538333333333332 0.4318194444444445 0.11870833333333333 0.08333333333333333
0 0.8011874999999999 0.5725972222222222 0.13010416666666666 0.09216666666666666
0 0.6970208333333333 0.688763888888889 0.13385416666666666 0.08206944444444444
0 0.6184375000000001 0.776513888888889 0.12814583333333332 0.1262638888888889
0 0.46789583333333334 0.851013888888889 0.11104166666666666 0.08080555555555556
0 0.3145 0.8566944444444445 0.126125 0.08459722222222221
0 0.18952083333333333 0.8693194444444444 0.12385416666666667 0.06944444444444445
0 0.11566666666666667 0.8024027777777778 0.12766666666666668 0.08965277777777778
0 0.20185416666666667 0.7266388888888888 0.17345833333333335 0.08459722222222221
0 0.07685416666666667 0.723486111111111 0.1030625 0.09848611111111111
0 0.1024375 0.6085833333333334 0.15260416666666668 0.09343055555555554
0 0.236875 0.6344722222222222 0.11474999999999999 0.10984722222222222
0 0.34102083333333333 0.6174305555555556 0.14129166666666665 0.08080555555555556
0 0.4688333333333333 0.623736111111111 0.10535416666666667 0.08838888888888889
0 0.5701458333333334 0.612375 0.11108333333333334 0.08080555555555556
0 0.6582083333333333 0.5643888888888889 0.09029166666666667 0.07827777777777778
0 0.697 0.4930555555555556 0.15777083333333333 0.07954166666666668
0 0.03254166666666666 0.4867361111111111 0.06508333333333333 0.10227777777777777
0 0.07024999999999999 0.40530555555555553 0.12987500000000002 0.06818055555555556
0 0.09295833333333332 0.3308055555555556 0.15637500000000001 0.06818055555555556
0 0.18102083333333333 0.28156944444444443 0.16587500000000002 0.09848611111111111
0 0.6515833333333333 0.19949999999999998 0.20199999999999999 0.09595833333333334
0 0.6913125 0.11743055555555555 0.15777083333333333 0.08586111111111111
0 0.7206875 0.04608333333333333 0.106625 0.0745
0 0.5000833333333333 0.27272222222222225 0.1565 0.10101388888888889
0 0.29841666666666666 0.3926805555555556 0.16591666666666666 0.10605555555555556
0 0.33156250000000004 0.47790277777777773 0.16402083333333334 0.087125
0 0.596625 0.4337083333333333 0.23354166666666665 0.137625
0 0.7131041666666668 0.3453333333333333 0.12179166666666667 0.08206944444444444
0 0.41202083333333334 0.3390138888888889 0.12945833333333334 0.08965277777777778
0 0.38647916666666665 0.524625 0.122375 0.10731944444444444