0 0.29173611111111114 0.09438559322033897 0.109375 0.1463771186440678
0 0.33970833333333333 0.34379237288135595 0.17755555555555555 0.19453389830508472
0 0.41734722222222226 0.5556567796610169 0.080375 0.1714194915254237
0 0.3428472222222222 0.6529237288135593 0.07618055555555556 0.1463771186440678
0 0.47983333333333333 0.733813559322034 0.09681944444444443 0.18103813559322035
0 0.5694722222222222 0.6635169491525423 0.11451388888888889 0.2215042372881356
0 0.6628888888888889 0.6519703389830509 0.10193055555555555 0.20608050847457626
0 0.7733472222222222 0.6095974576271187 0.11584722222222221 0.19838983050847459
0 0.8434166666666667 0.5787711864406779 0.09693055555555556 0.1483050847457627
0 0.7461805555555555 0.5142584745762712 0.1252777777777778 0.13866525423728815
0 0.6559305555555556 0.505593220338983 0.11143055555555556 0.15216101694915252
0 0.2658611111111111 0.7761864406779662 0.09295833333333334 0.165635593220339
0 0.042166666666666665 0.8079661016949152 0.08431944444444445 0.1791313559322034
0 0.382 0.7954449152542372 0.09299999999999999 0.16177966101694916
0 0.15979166666666667 0.7646398305084746 0.11159722222222221 0.1463771186440678
0 0.21409722222222222 0.4766949152542373 0.1409027777777778 0.21764830508474578
0 0.09668055555555556 0.48150423728813563 0.10151388888888889 0.2003177966101695
0 0.028902777777777777 0.4844067796610169 0.05781944444444445 0.18296610169491526
0 0.4325 0.1290466101694915 0.11068055555555555 0.211864406779661
0 0.18758333333333332 0.23978813559322035 0.14340277777777777 0.1675635593220339
0 0.05388888888888888 0.2359322033898305 0.10779166666666666 0.1906779661016949
0 0.1901111111111111 0.045254237288135594 0.08283333333333333 0.09052966101694915