0 0.255125 0.39002118644067796 0.13966666666666666 0.1675635593220339
0 0.3460138888888889 0.3746186440677966 0.081625 0.1444491525423729
0 0.44006944444444446 0.34764830508474576 0.10816666666666666 0.1906779661016949
0 0.546125 0.3736440677966102 0.1864722222222222 0.18489406779661016
0 0.6723611111111112 0.30141949152542374 0.10572222222222223 0.2291949152542373
0 0.7032916666666666 0.49114406779661013 0.14990277777777777 0.14252118644067796
0 0.686236111111111 0.6933686440677965 0.09813888888888889 0.18103813559322035
0 0.5776527777777778 0.5797457627118644 0.129125 0.21957627118644069
0 0.4286944444444445 0.5575847457627119 0.1493611111111111 0.24845338983050846
0 0.5801944444444445 0.7723516949152542 0.1233611111111111 0.19646186440677968
0 0.4615138888888889 0.8204872881355931 0.11906944444444445 0.22341101694915255
0 0.34726388888888887 0.7848516949152542 0.13551388888888888 0.23690677966101695
0 0.2917222222222222 0.5710805084745763 0.13552777777777777 0.19453389830508472
0 0.20587499999999997 0.5460381355932203 0.11788888888888888 0.1675635593220339
0 0.193875 0.8070127118644068 0.16208333333333333 0.19646186440677968
0 0.42808333333333337 0.153114406779661 0.12456944444444444 0.13290254237288135