0 0.27932914046121593 0.7720972222222222 0.1288259958071279 0.09469444444444446
0 0.42320754716981135 0.7531527777777778 0.1307966457023061 0.09974999999999999
0 0.5775471698113208 0.7569444444444444 0.1880083857442348 0.11490277777777778
0 0.7652620545073374 0.7550555555555556 0.21664570230607968 0.10858333333333334
0 0.8843396226415094 0.6957083333333334 0.1309433962264151 0.10858333333333334
0 0.4251153039832285 0.6521527777777778 0.1269811320754717 0.0770138888888889
0 0.5804192872117401 0.6470972222222222 0.17467505241090145 0.087125
0 0.7414255765199161 0.6553055555555556 0.1461425576519916 0.08333333333333333
0 0.7985953878406709 0.5928055555555556 0.15377358490566037 0.07954166666666668
0 0.4937106918238994 0.5725972222222222 0.13842767295597486 0.08206944444444444
0 0.29932914046121595 0.6470972222222222 0.11549266247379456 0.10984722222222222