0 0.3592777777777778 0.35227083333333337 0.22175 0.24620833333333333
0 0.5114027777777778 0.4166666666666667 0.12206944444444444 0.1818125
0 0.5884027777777777 0.3267083333333333 0.09684722222222222 0.22916666666666666
0 0.6944444444444444 0.34943749999999996 0.11708333333333333 0.2178125
0 0.5044305555555556 0.2604166666666667 0.08370833333333334 0.1193125
0 0.7165277777777778 0.5511458333333333 0.10825 0.15908333333333333
0 0.6142638888888888 0.5331458333333333 0.11395833333333333 0.19129166666666667
0 0.5113888888888889 0.6079583333333333 0.101875 0.22727083333333334
0 0.36998611111111107 0.5681875000000001 0.1834722222222222 0.20454166666666668
0 0.58525 0.7055 0.10820833333333332 0.14204166666666668
0 0.42870833333333336 0.7585208333333333 0.14098611111111112 0.19885416666666667
0 0.4545972222222222 0.8409166666666666 0.08420833333333334 0.11364583333333332
0 0.5366388888888889 0.7803125000000001 0.09177777777777778 0.14014583333333333
0 0.9450138888888888 0.22064583333333332 0.10627777777777778 0.15341666666666667