0 0.2633333333333333 0.2888983050847458 0.16112500000000002 0.18875
0 0.39525 0.31586864406779663 0.10688888888888888 0.21957627118644069
0 0.2765972222222222 0.495 0.18763888888888888 0.2080084745762712
0 0.4268194444444445 0.5113559322033898 0.13972222222222222 0.2099364406779661
0 0.5416944444444444 0.5835805084745762 0.11955555555555555 0.19646186440677968
0 0.6464722222222222 0.5585593220338982 0.1599861111111111 0.211864406779661
0 0.7929166666666666 0.5614406779661016 0.10197222222222223 0.20222457627118645
0 0.3750555555555556 0.6924152542372881 0.11950000000000001 0.15985169491525425
0 0.49877777777777776 0.729978813559322 0.12206944444444444 0.1926059322033898
0 0.6029166666666667 0.7501906779661016 0.09811111111111111 0.20222457627118645
0 0.7133888888888889 0.7290042372881356 0.1322361111111111 0.15216101694915252
0 0.8156388888888889 0.7049364406779661 0.1045 0.13866525423728815
0 0.5347361111111111 0.42951271186440676 0.09126388888888888 0.10014830508474577