0 0.16108333333333333 0.44318749999999996 0.18633333333333332 0.2765208333333333
0 0.3289861111111111 0.4204583333333333 0.16619444444444445 0.3446875
0 0.48173611111111114 0.3541666666666667 0.141 0.25
0 0.5170833333333333 0.5653333333333334 0.16120833333333331 0.19885416666666667
0 0.6477361111111111 0.3740625 0.16504166666666667 0.2556875
0 0.673 0.6098541666666667 0.14233333333333334 0.21212499999999998
0 0.16359722222222223 0.7111666666666667 0.1535 0.2670416666666667
0 0.31445833333333334 0.6837083333333334 0.14219444444444443 0.20075
0 0.44575 0.7178125000000001 0.09933333333333333 0.29924999999999996
0 0.31825 0.8607916666666667 0.14220833333333333 0.18370833333333333
0 0.5637916666666667 0.7727291666666667 0.11072222222222222 0.20833333333333334
0 0.6963333333333334 0.8286041666666667 0.11077777777777778 0.2178125
0 0.5379027777777778 0.92425 0.13975 0.15152083333333335
0 0.6786666666666666 0.9545416666666667 0.1360138888888889 0.09091666666666667
0 0.8219583333333332 0.5748125000000001 0.14238888888888887 0.16097916666666665
0 0.8181666666666667 0.4185625 0.142375 0.17045833333333332
0 0.9338472222222223 0.38258333333333333 0.13230555555555557 0.18939583333333332
0 0.9492222222222223 0.5643958333333334 0.10155555555555557 0.17802083333333335
0 0.7689305555555556 0.2196875 0.119625 0.1931875
0 0.8812777777777777 0.17045833333333332 0.09443055555555555 0.16666666666666666