0 0.5296944444444445 0.2475 0.10565277777777776 0.15985169491525425
0 0.6193333333333334 0.3100847457627119 0.10065277777777777 0.21957627118644069
0 0.7070694444444444 0.2754237288135593 0.07416666666666666 0.14252118644067796
0 0.5252777777777777 0.42661016949152547 0.09681944444444443 0.17527542372881358
0 0.4356388888888889 0.3880932203389831 0.08751388888888889 0.2099364406779661
0 0.42365277777777777 0.5970762711864407 0.08290277777777777 0.19646186440677968
0 0.5315972222222223 0.5691525423728814 0.10945833333333334 0.1444491525423729
0 0.6344861111111111 0.5778177966101695 0.09559722222222222 0.17334745762711862
0 0.6496111111111111 0.4766949152542373 0.1341527777777778 0.1251906779661017
0 0.7297916666666667 0.5845550847457628 0.06406944444444444 0.13290254237288135
0 0.5303333333333333 0.7001059322033898 0.10693055555555554 0.13290254237288135
0 0.6130138888888889 0.7106991525423728 0.0855 0.15408898305084748
0 0.44006944444444446 0.7684957627118645 0.060194444444444446 0.1694915254237288
0 0.5707222222222222 0.826271186440678 0.04634722222222222 0.11557203389830507