0 0.28541666666666665 0.6433050847457626 0.08159722222222222 0.11171610169491525
0 0.3498055555555556 0.6095974576271187 0.05384722222222223 0.1059322033898305
0 0.40850000000000003 0.5778177966101695 0.05512499999999999 0.1040042372881356
0 0.46088888888888885 0.5758898305084745 0.05388888888888888 0.07319915254237287
0 0.42491666666666666 0.6924152542372881 0.06776388888888889 0.10978813559322034
0 0.4804583333333333 0.6654449152542372 0.057680555555555554 0.09052966101694915
0 0.5088611111111111 0.5855084745762712 0.04884722222222222 0.0847457627118644
0 0.5069722222222222 0.834936440677966 0.0905138888888889 0.1251906779661017
0 0.5511666666666666 0.7665677966101695 0.09052777777777779 0.13483050847457628
0 0.636375 0.7819703389830508 0.07161111111111111 0.1040042372881356
0 0.5858749999999999 0.8619067796610169 0.08675000000000001 0.09438559322033897
0 0.61175 0.6664194915254238 0.06781944444444445 0.09245762711864407
0 0.6224861111111111 0.6047669491525424 0.07666666666666667 0.13097457627118644
0 0.6963333333333334 0.6413771186440679 0.07543055555555556 0.08860169491525424
0 0.7708194444444445 0.7116737288135594 0.050208333333333334 0.08667372881355931
0 0.5631388888888889 0.6577330508474576 0.07231944444444445 0.0828177966101695
0 0.36558333333333337 0.4738135593220339 0.07279166666666666 0.11171610169491525
0 0.2961388888888889 0.4410593220338983 0.08881944444444445 0.11940677966101695
0 0.3870416666666667 0.38328389830508475 0.06522222222222222 0.11557203389830507
0 0.458375 0.4401059322033898 0.0766111111111111 0.1444491525423729
0 0.4533055555555556 0.30625 0.06477777777777778 0.11171610169491525
0 0.5454722222222222 0.29949152542372887 0.07411111111111111 0.15216101694915252
0 0.6067083333333333 0.2927542372881356 0.06276388888888888 0.11171610169491525
0 0.6856111111111111 0.25230932203389833 0.09183333333333334 0.14252118644067796
0 0.76325 0.24364406779661016 0.07291666666666667 0.13290254237288135
0 0.5801944444444445 0.43527542372881356 0.10568055555555556 0.13866525423728815
0 0.6673055555555555 0.3909957627118644 0.07794444444444444 0.1502330508474576
0 0.7291527777777778 0.4401059322033898 0.07291666666666667 0.09052966101694915
0 0.7859722222222222 0.459364406779661 0.10070833333333334 0.1444491525423729
0 0.8358333333333333 0.4632203389830508 0.05654166666666667 0.11364406779661017
0 0.8389861111111112 0.3004661016949152 0.05275 0.07703389830508474
0 0.9393472222222223 0.10688559322033898 0.05909722222222222 0.10978813559322034