0 0.41557651991614253 0.22033333333333333 0.08123689727463312 0.11490277777777778
0 0.37461215932914044 0.3150277777777778 0.1288679245283019 0.10984722222222222
0 0.3507966457023061 0.39709722222222227 0.11932914046121594 0.09469444444444446
0 0.34794549266247377 0.49494444444444446 0.15553459119496854 0.10858333333333334
0 0.3670020964360587 0.5561805555555556 0.15174004192872118 0.09722222222222222
0 0.3841299790356394 0.6565694444444444 0.09838574423480084 0.07576388888888888
0 0.46035639412997903 0.7196944444444444 0.12127882599580712 0.07576388888888888
0 0.5508805031446541 0.6388888888888888 0.08890985324947588 0.08080555555555556
0 0.5985115303983228 0.5587083333333334 0.13465408805031448 0.08459722222222221
0 0.6375681341719077 0.4760138888888889 0.14800838574423478 0.08333333333333333
0 0.6528301886792452 0.39394444444444443 0.15943396226415094 0.08586111111111111
0 0.6471069182389937 0.2714583333333333 0.14419287211740042 0.14645833333333333
0 0.6270649895178197 0.18118055555555554 0.1130607966457023 0.07197222222222223
0 0.5041719077568134 0.8352222222222222 0.12509433962264152 0.0770138888888889