0 0.48930555555555555 0.2003177966101695 0.077875 0.211864406779661
0 0.597875 0.1954872881355932 0.11073611111111112 0.1675635593220339
0 0.6641527777777778 0.3110593220338983 0.09434722222222224 0.19838983050847459
0 0.4829861111111111 0.41120762711864406 0.103125 0.16370762711864406
0 0.5776666666666667 0.4372033898305085 0.08801388888888889 0.17334745762711862
0 0.6666666666666666 0.4555084745762712 0.09181944444444444 0.1444491525423729
0 0.6849722222222222 0.5729872881355932 0.11329166666666665 0.16370762711864406
0 0.7468333333333333 0.6606355932203389 0.09311111111111112 0.16177966101694916
0 0.4810833333333333 0.5691525423728814 0.13041666666666668 0.1251906779661017
0 0.5795555555555555 0.6433050847457626 0.10441666666666667 0.21572033898305085
0 0.6698333333333333 0.6818220338983051 0.08551388888888889 0.13483050847457628
0 0.4621527777777778 0.7241949152542373 0.11526388888888889 0.18103813559322035
0 0.5669444444444445 0.7761864406779662 0.09179166666666667 0.07703389830508474
0 0.3661944444444445 0.43527542372881356 0.12036111111111111 0.165635593220339
0 0.32137499999999997 0.6076694915254237 0.16961111111111113 0.20222457627118645