0 0.3269811320754717 0.3684583333333334 0.17259958071278825 0.10515277777777778
0 0.4931656184486373 0.4527777777777778 0.10366876310272537 0.06348611111111112
0 0.6075471698113207 0.4061527777777778 0.10482180293501048 0.077375
0 0.5263941299790357 0.671625 0.1521593291404612 0.060708333333333336
0 0.5195178197064989 0.7869027777777778 0.20427672955974843 0.06508333333333333
0 0.5266876310272537 0.9257916666666668 0.33842767295597487 0.14841666666666667
0 0.7183647798742139 0.9636944444444444 0.06888888888888889 0.05356944444444445
0 0.6866037735849057 0.7783749999999999 0.09522012578616353 0.05991666666666667
0 0.6446750524109014 0.5968194444444445 0.1551153039832285 0.08968055555555554
0 0.5521383647798742 0.4769861111111111 0.3114675052410901 0.11984722222222223
0 0.8809014675052411 0.5331388888888889 0.2382180293501048 0.25198611111111113
0 0.16018867924528302 0.19583333333333333 0.18041928721174005 0.13293055555555555
0 0.5437735849056604 0.12638888888888888 0.19886792452830188 0.11309722222222224
0 0.6189098532494759 0.31369444444444444 0.4270230607966457 0.10675
0 0.2529979035639413 0.059722222222222225 0.21033542976939204 0.11944444444444445
0 0.5820964360587003 0.029569444444444443 0.20364779874213837 0.059125