0 0.12130555555555556 0.2754237288135593 0.0765 0.10014830508474577
0 0.2412361111111111 0.2725423728813559 0.051291666666666666 0.07510593220338983
0 0.3725277777777778 0.3707627118644068 0.04627777777777778 0.06741525423728814
0 0.4015694444444444 0.2513559322033898 0.07406944444444444 0.10207627118644068
0 0.44575 0.20319915254237286 0.08418055555555555 0.1059322033898305
0 0.5095 0.20705508474576273 0.07536111111111111 0.09052966101694915
0 0.5631527777777778 0.10786016949152542 0.09179166666666667 0.10014830508474577
0 0.5947083333333333 0.2291949152542373 0.074125 0.08088983050847458
0 0.5404305555555555 0.3331991525423729 0.09177777777777778 0.13483050847457628
0 0.5511527777777777 0.45646186440677966 0.06527777777777778 0.08860169491525424
0 0.664138888888889 0.42951271186440676 0.071625 0.11557203389830507
0 0.7323194444444444 0.4275847457627118 0.08931944444444445 0.1579449152542373
0 0.8156388888888889 0.47574152542372883 0.051472222222222225 0.09245762711864407
0 0.8850694444444445 0.41025423728813554 0.09694444444444444 0.14252118644067796
0 0.9601805555555556 0.45743644067796607 0.06794444444444445 0.11747881355932203
0 0.9450277777777777 0.5701059322033898 0.07802777777777778 0.13866525423728815
0 0.9858194444444444 0.6538983050847458 0.02834722222222222 0.12133474576271187
0 0.9380833333333333 0.7106991525423728 0.06161111111111111 0.11557203389830507
0 0.8339444444444445 0.6009322033898304 0.090625 0.1463771186440678
0 0.741763888888889 0.6635169491525423 0.083625 0.18296610169491526
0 0.8162638888888889 0.765593220338983 0.07041666666666667 0.1251906779661017
0 0.8686527777777777 0.8089406779661017 0.059069444444444445 0.16177966101694916
0 0.9336666666666666 0.8397457627118644 0.0755 0.14252118644067796
0 0.9545 0.9680296610169492 0.05405555555555556 0.0639406779661017
0 0.8667499999999999 0.9680296610169492 0.058333333333333334 0.0639406779661017
0 0.7884861111111111 0.9391313559322033 0.08361111111111111 0.12171610169491526
0 0.7190416666666667 0.8407203389830509 0.12150000000000001 0.1483050847457627
0 0.10488888888888888 0.36595338983050846 0.058819444444444445 0.0847457627118644
0 0.102375 0.4805508474576271 0.07648611111111112 0.12133474576271187
0 0.03963888888888889 0.3755720338983051 0.07927777777777778 0.1579449152542373
0 0.1837916666666667 0.47764830508474576 0.08030555555555556 0.18875
0 0.26206944444444447 0.42565677966101695 0.07780555555555556 0.165635593220339
0 0.29994444444444446 0.3755720338983051 0.06013888888888889 0.11940677966101695
0 0.06702777777777777 0.728050847457627 0.09668055555555556 0.1463771186440678
0 0.3043611111111111 0.7617584745762712 0.08918055555555554 0.12133474576271187
0 0.3296111111111111 0.6789194915254237 0.11948611111111111 0.09438559322033897
0 0.37 0.7973728813559322 0.07658333333333334 0.1579449152542373
0 0.268375 0.94375 0.08286111111111111 0.10786016949152542
0 0.23995833333333336 0.7203389830508474 0.04718055555555555 0.08860169491525424
0 0.46090277777777783 0.7800423728813559 0.07408333333333333 0.1579449152542373
0 0.5158055555555555 0.7800423728813559 0.07031944444444445 0.13866525423728815
0 0.5921944444444445 0.7742584745762712 0.07665277777777778 0.11557203389830507
0 0.5050694444444445 0.6346398305084746 0.07738888888888888 0.11747881355932203
0 0.6546805555555556 0.633665254237288 0.08045833333333333 0.11557203389830507
0 0.42365277777777777 0.4844067796610169 0.07786111111111112 0.10978813559322034
0 0.5719861111111111 0.6702542372881356 0.05391666666666667 0.09245762711864407
0 0.0633611111111111 0.9622457627118645 0.1267222222222222 0.07550847457627119