0 0.5642138364779874 0.05618055555555556 0.06985324947589099 0.04672222222222222
0 0.4870230607966457 0.03345833333333333 0.09213836477987422 0.05429166666666667
0 0.42320754716981135 0.08586111111111111 0.11174004192872117 0.07323611111111111
0 0.7071278825995807 0.06691666666666667 0.09276729559748427 0.08333333333333333
0 0.4412997903563941 0.17172222222222222 0.15176100628930816 0.058083333333333334
0 0.5241928721174004 0.24684722222222222 0.16132075471698115 0.09469444444444446
0 0.6528301886792452 0.2973472222222222 0.12895178197064988 0.09974999999999999
0 0.6870859538784068 0.19823611111111109 0.17591194968553459 0.11616666666666667
0 0.7147379454926625 0.3718472222222223 0.1118238993710692 0.07954166666666668
0 0.6423480083857442 0.4412916666666667 0.1079874213836478 0.0745
0 0.5451362683438155 0.46275 0.13974842767295598 0.11743055555555555
0 0.46226415094339623 0.350375 0.21654088050314466 0.11237499999999999
0 0.36220125786163526 0.2594722222222222 0.20079664570230607 0.08459722222222221
0 0.2726624737945493 0.34975 0.13073375262054507 0.1111111111111111
0 0.4136687631027254 0.4431805555555555 0.08886792452830189 0.07323611111111111
0 0.5175262054507338 0.5202083333333334 0.14415094339622642 0.06818055555555556
0 0.5261006289308175 0.6268888888888889 0.13081761006289308 0.08206944444444444
0 0.4307966457023061 0.5763888888888888 0.15505241090146749 0.09469444444444446
0 0.2726624737945493 0.6275277777777778 0.18790356394129978 0.1262638888888889
0 0.5051362683438155 0.7569444444444444 0.1270020964360587 0.087125
0 0.5756394129979036 0.700125 0.06224318658280923 0.03661111111111111
0 0.35268343815513625 0.7973472222222223 0.14362683438155138 0.11490277777777778
0 0.3936477987421384 0.7228472222222223 0.10742138364779874 0.05934722222222222
0 0.2650314465408805 0.4722222222222222 0.1131656184486373 0.09848611111111111
0 0.6223270440251573 0.10922222222222222 0.0870230607966457 0.061875