0 0.7321336206896552 0.3915 0.1810344827586207 0.10243055555555555
0 0.7765732758620689 0.2369861111111111 0.09217672413793104 0.06076388888888889
0 0.7334698275862068 0.07291666666666667 0.09754310344827585 0.0763888888888889
0 0.7186637931034482 0.5989583333333334 0.12176724137931035 0.09027777777777778
0 0.7886853448275862 0.5833333333333334 0.06254310344827586 0.06944444444444445
0 0.4870258620689655 0.37240277777777775 0.18094827586206896 0.1232638888888889
0 0.5233836206896552 0.5564305555555555 0.16211206896551725 0.08854166666666667
0 0.4223706896551724 0.6623333333333333 0.15400862068965515 0.10590277777777778
0 0.6230387931034482 0.6953194444444445 0.17829741379310346 0.08506944444444445
0 0.7684913793103448 0.7135416666666666 0.16758620689655174 0.1076388888888889
0 0.07894396551724138 0.44531944444444443 0.15118534482758622 0.11631944444444445