0 0.64375 0.18867924528301888 0.06629166666666667 0.12578616352201258
0 0.7166527777777778 0.2389937106918239 0.06215277777777778 0.09643605870020965
0 0.776375 0.2809224318658281 0.07327777777777778 0.129979035639413
0 0.8520555555555556 0.3532494758909853 0.08025 0.11530398322851153
0 0.5569722222222222 0.3710691823899371 0.089875 0.12159329140461216
0 0.63125 0.4528301886792453 0.06351388888888888 0.09224318658280922
0 0.6756944444444445 0.48846960167714887 0.06630555555555556 0.12578616352201258
0 0.7173472222222222 0.5639412997903563 0.071875 0.11320754716981132
0 0.7749861111111112 0.6226415094339622 0.06772222222222223 0.12159329140461216
0 0.8159444444444445 0.6792452830188679 0.05523611111111112 0.10062893081761007
0 0.843013888888889 0.6142557651991615 0.04056944444444444 0.0880503144654088
0 0.7826111111111111 0.550314465408805 0.06141666666666667 0.1111111111111111
0 0.4819722222222222 0.5566037735849056 0.06484722222222222 0.1069182389937107
0 0.5777916666666667 0.6477987421383647 0.08431944444444445 0.12159329140461216
0 0.6083472222222223 0.7526205450733753 0.076 0.13836477987421383
0 0.6472222222222223 0.8909853249475891 0.05934722222222222 0.1090146750524109
0 0.68125 0.949685534591195 0.03852777777777778 0.10062893081761007
0 0.6937361111111111 0.8637316561844863 0.06144444444444445 0.11320754716981132
0 0.6583194444444445 0.7641509433962265 0.04618055555555556 0.0859538784067086
0 0.4896111111111111 0.940251572327044 0.0662361111111111 0.10272536687631027
0 0.44308333333333333 0.8584905660377359 0.06013888888888889 0.09853249475890985
0 0.5916666666666667 0.27672955974842767 0.04898611111111111 0.07966457023060797
0 0.2611805555555556 0.550314465408805 0.07033333333333333 0.10272536687631027
0 0.19312500000000002 0.48427672955974843 0.07688888888888888 0.11320754716981132
0 0.11744444444444445 0.46016771488469604 0.06997222222222223 0.0859538784067086
0 0.06397222222222222 0.39937106918238996 0.07415277777777778 0.1069182389937107
0 0.4292083333333333 0.7463312368972747 0.059277777777777776 0.10482180293501048
0 0.40349999999999997 0.6467505241090147 0.06431944444444444 0.09433962264150944
0 0.7159583333333334 0.1488469601677149 0.08854166666666667 0.09224318658280922
0 0.772888888888889 0.1761006289308176 0.04134722222222222 0.05450733752620545
0 0.5437638888888888 0.5178197064989518 0.03848611111111111 0.07547169811320754