0 0.10912499999999999 0.46041666666666664 0.10222222222222221 0.17083333333333334
0 0.2861666666666667 0.6708333333333333 0.07033333333333333 0.13333333333333333
0 0.07440277777777778 0.746875 0.093875 0.11875
0 0.2160416666666667 0.7197916666666667 0.0772638888888889 0.09791666666666667
0 0.5090555555555555 0.5864583333333333 0.06347222222222222 0.12708333333333333
0 0.6423611111111112 0.625 0.09684722222222222 0.13333333333333333
0 0.6972222222222222 0.765625 0.08158333333333334 0.13125
0 0.8270555555555555 0.6916666666666667 0.07468055555555556 0.1625
0 0.9712222222222222 0.5395833333333333 0.057555555555555554 0.15833333333333333
0 0.8249722222222222 0.3854166666666667 0.07884722222222222 0.13333333333333333
0 0.9013472222222223 0.49583333333333335 0.07331944444444444 0.15
0 0.9620555555555554 0.428125 0.075875 0.11458333333333333
0 0.9332916666666667 0.315625 0.10111111111111111 0.08958333333333333
0 0.8124722222222223 0.2375 0.07112500000000001 0.1125
0 0.6381944444444444 0.37395833333333334 0.08851388888888888 0.08958333333333333
0 0.7249861111111111 0.3770833333333333 0.08159722222222222 0.16666666666666666
0 0.2792222222222222 0.3770833333333333 0.11573611111111111 0.09583333333333334
0 0.40698611111111105 0.42291666666666666 0.09259722222222222 0.10833333333333334
0 0.48613888888888884 0.36770833333333336 0.08706944444444444 0.12291666666666666
0 0.02663888888888889 0.5708333333333333 0.05329166666666666 0.13333333333333333
0 0.16604166666666667 0.6104166666666667 0.10883333333333334 0.10833333333333334
0 0.018305555555555554 0.6510416666666666 0.036625000000000005 0.13541666666666666
0 0.43684722222222216 0.6166666666666667 0.09955555555555556 0.1375
0 0.19798611111111114 0.35625 0.08383333333333333 0.1125
0 0.050791666666666666 0.3 0.06331944444444446 0.09166666666666666
0 0.7985972222222222 0.515625 0.10383333333333335 0.13125
0 0.32852777777777775 0.49583333333333335 0.07729166666666666 0.11666666666666667