0 0.36533333333333334 0.6443965517241379 0.12869444444444444 0.23706896551724138
0 0.5604305555555555 0.7780172413793104 0.09404166666666666 0.15517241379310345
0 0.8097083333333334 0.6691810344827587 0.14272222222222222 0.20905172413793102
0 0.7402638888888889 0.4558189655172414 0.10104166666666667 0.19181034482758622
0 0.46115277777777774 0.42887931034482757 0.21481944444444442 0.2801724137931034
0 0.29865277777777777 0.33836206896551724 0.12129166666666666 0.17672413793103448
0 0.18756944444444446 0.3254310344827586 0.07688888888888888 0.14224137931034483
0 0.11815277777777777 0.41487068965517243 0.08416666666666667 0.17025862068965517
0 0.21673611111111113 0.5269396551724138 0.09530555555555556 0.1875
0 0.2222916666666667 0.6487068965517241 0.06754166666666667 0.16379310344827586
0 0.09870833333333333 0.71875 0.11193055555555556 0.15732758620689655
0 0.11952777777777777 0.5872844827586207 0.09634722222222222 0.09698275862068965
0 0.03636111111111111 0.4515086206896552 0.07272222222222222 0.21336206896551724
0 0.11329166666666665 0.26185344827586204 0.08833333333333333 0.14870689655172414
0 0.1882777777777778 0.18318965517241378 0.0911388888888889 0.1336206896551724
0 0.27298611111111115 0.20474137931034483 0.09394444444444444 0.10775862068965517
0 0.38269444444444445 0.2349137931034483 0.1328611111111111 0.12931034482758622
0 0.49377777777777776 0.2543103448275862 0.08845833333333333 0.09913793103448276
0 0.6291666666666667 0.41163793103448276 0.126 0.19827586206896552
0 0.6277916666666666 0.5625 0.1121111111111111 0.1810344827586207
0 0.5291805555555555 0.603448275862069 0.08511111111111111 0.1206896551724138
0 0.7131805555555556 0.6088362068965517 0.05520833333333333 0.1314655172413793
0 0.6708333333333333 0.7629310344827587 0.08436111111111111 0.15517241379310345
0 0.8020694444444445 0.8491379310344828 0.11633333333333334 0.13793103448275862
0 0.9075972222222223 0.8696120689655172 0.08305555555555555 0.1271551724137931
0 0.9325833333333334 0.7015086206896551 0.10302777777777779 0.1961206896551724
0 0.84025 0.45689655172413796 0.13440277777777776 0.1853448275862069
0 0.9450972222222223 0.47844827586206895 0.08861111111111111 0.21120689655172414
0 0.46876388888888887 0.7155172413793104 0.06706944444444445 0.22413793103448276
0 0.2820138888888889 0.7650862068965517 0.06477777777777778 0.14224137931034483
0 0.37990277777777776 0.7887931034482759 0.07731944444444444 0.10775862068965517
0 0.26463888888888887 0.5926724137931034 0.08658333333333333 0.1853448275862069
0 0.20077777777777778 0.7801724137931034 0.07169444444444444 0.09913793103448276
0 0.08620833333333333 0.11853448275862069 0.07861111111111112 0.1336206896551724
0 0.16119444444444445 0.07974137931034483 0.06751388888888889 0.07758620689655173
0 0.03358333333333333 0.24676724137931033 0.06718055555555555 0.17025862068965517
0 0.025097222222222222 0.7025862068965517 0.03806944444444445 0.21551724137931033