0 0.15011666666666665 0.32083333333333336 0.12766666666666665 0.13055555555555556
0 0.3125833333333334 0.32569444444444445 0.17604999999999998 0.1375
0 0.4583833333333333 0.3173611111111111 0.10445 0.11805555555555555
0 0.5533666666666667 0.3111111111111111 0.12445 0.16666666666666666
0 0.2301 0.45555555555555555 0.13103333333333333 0.16111111111111112
0 0.3842333333333333 0.4722222222222222 0.15941666666666668 0.15555555555555556
0 0.49254999999999993 0.4673611111111111 0.12278333333333334 0.1986111111111111
0 0.6017 0.4722222222222222 0.12448333333333333 0.17222222222222222
0 0.6850166666666666 0.5402777777777777 0.15785 0.14722222222222223
0 0.30593333333333333 0.6145833333333334 0.19271666666666665 0.1736111111111111
0 0.4692333333333334 0.6506944444444445 0.1561 0.15416666666666667
0 0.6033666666666666 0.64375 0.16448333333333334 0.19305555555555556
0 0.7625 0.6652777777777777 0.11621666666666668 0.16944444444444445
0 0.0453 0.10694444444444444 0.09061666666666666 0.06944444444444445
0 0.35258333333333336 0.8111111111111111 0.16273333333333334 0.18888888888888888
0 0.57755 0.825 0.2527833333333333 0.17222222222222222
0 0.7758333333333334 0.7881944444444444 0.13621666666666668 0.13194444444444445
0 0.5783666666666666 0.9465277777777777 0.10114999999999999 0.09027777777777778
0 0.4700333333333333 0.9430555555555555 0.19216666666666665 0.08055555555555556
0 0.8475 0.9166666666666666 0.1229 0.07222222222222222
0 0.9652999999999999 0.9083333333333333 0.06938333333333334 0.06666666666666667
0 0.9191333333333334 0.8576388888888888 0.13703333333333334 0.08472222222222223
0 0.70585 0.8975694444444444 0.14284999999999998 0.11875