0 0.1515625 0.40859375 0.0578125 0.109375
0 0.61015625 0.17578125 0.065625 0.09375
0 0.959375 0.67421875 0.0546875 0.059375
0 0.8484375 0.76640625 0.053125 0.059375
0 0.89375 0.74140625 0.0515625 0.0765625
0 0.95390625 0.75234375 0.05 0.0671875
0 0.4375 0.471875 0.0484375 0.0609375
0 0.48984375 0.1984375 0.0609375 0.0890625
0 0.43125 0.12890625 0.053125 0.0734375
0 0.7796875 0.5453125 0.0625 0.0625
0 0.69609375 0.55234375 0.08125 0.0765625
0 0.32109375 0.803125 0.05 0.0875
0 0.675 0.38828125 0.0625 0.0859375
0 0.6859375 0.32734375 0.0578125 0.090625