0 0.50078125 0.29140625 0.0640625 0.0796875
0 0.61484375 0.3828125 0.0609375 0.071875
0 0.60625 0.228125 0.05 0.0734375
0 0.6765625 0.29140625 0.053125 0.0703125
0 0.7703125 0.334375 0.0546875 0.0625
0 0.81796875 0.28515625 0.0703125 0.0765625
0 0.72734375 0.23828125 0.046875 0.0546875
0 0.69296875 0.11015625 0.15 0.153125
0 0.51484375 0.09609375 0.0640625 0.0859375
0 0.57734375 0.31953125 0.0578125 0.0921875
0 0.153125 0.084375 0.1203125 0.125
0 0.06484375 0.20859375 0.1046875 0.1296875
0 0.25703125 0.0640625 0.1234375 0.128125
0 0.64921875 0.79140625 0.0828125 0.14375
0 0.52109375 0.85546875 0.0953125 0.1375
0 0.6953125 0.959375 0.084375 0.08125
0 0.59296875 0.53515625 0.0859375 0.125
0 0.53046875 0.97890625 0.0421875 0.0421875
0 0.54609375 0.93046875 0.046875 0.071875
0 0.28515625 0.83828125 0.225 0.278125
0 0.22109375 0.61875 0.1828125 0.23125