0 0.3265625 0.4171875 0.1390625 0.1234375
0 0.30859375 0.3109375 0.1109375 0.06875
0 0.30390625 0.2390625 0.15625 0.08125
0 0.234375 0.11484375 0.0671875 0.0421875
0 0.2359375 0.04296875 0.071875 0.0546875
0 0.75703125 0.46328125 0.078125 0.0546875
0 0.8375 0.3578125 0.10625 0.1140625
0 0.8875 0.4546875 0.0734375 0.0703125
0 0.91015625 0.3015625 0.0609375 0.0828125
0 0.12578125 0.721875 0.1328125 0.140625
0 0.053125 0.8703125 0.090625 0.125
0 0.434375 0.578125 0.134375 0.1765625
0 0.4375 0.8421875 0.0890625 0.1234375
0 0.2796875 0.5671875 0.084375 0.1015625
0 0.33671875 0.9234375 0.0671875 0.0984375
0 0.0203125 0.77734375 0.040625 0.1484375
0 0.165625 0.9796875 0.15625 0.040625