0 0.4171875 0.13046875 0.1109375 0.0953125
0 0.28515625 0.13671875 0.053125 0.05
0 0.10390625 0.2015625 0.1625 0.128125
0 0.109375 0.29375 0.0875 0.103125
0 0.25703125 0.23984375 0.0859375 0.0796875
0 0.33125 0.35546875 0.0609375 0.0765625
0 0.4453125 0.31953125 0.15625 0.1046875
0 0.38515625 0.0390625 0.1828125 0.078125
0 0.7953125 0.18828125 0.0453125 0.0875
0 0.83125 0.37421875 0.053125 0.05
0 0.9578125 0.278125 0.0734375 0.1828125
0 0.21875 0.484375 0.225 0.171875
0 0.36875 0.51953125 0.06875 0.1046875
0 0.2984375 0.6015625 0.065625 0.0953125
0 0.25390625 0.553125 0.0703125 0.0828125
0 0.20546875 0.63359375 0.1546875 0.1828125
0 0.7078125 0.753125 0.05 0.1125
0 0.7015625 0.92265625 0.0515625 0.0828125
0 0.8203125 0.9578125 0.0703125 0.084375
0 0.78515625 0.61015625 0.0609375 0.09375
0 0.69296875 0.615625 0.0734375 0.11875
0 0.75703125 0.7859375 0.040625 0.0875
0 0.7640625 0.46875 0.0515625 0.128125