0 0.49921875 0.29140625 0.0640625 0.0796875
0 0.38515625 0.3828125 0.0609375 0.071875
0 0.39375 0.228125 0.05 0.0734375
0 0.3234375 0.29140625 0.053125 0.0703125
0 0.2296875 0.334375 0.0546875 0.0625
0 0.18203125 0.28515625 0.0703125 0.0765625
0 0.27265625 0.23828125 0.046875 0.0546875
0 0.30703125 0.11015625 0.15 0.153125
0 0.48515625 0.09609375 0.0640625 0.0859375
0 0.42265625 0.31953125 0.0578125 0.0921875
0 0.846875 0.084375 0.1203125 0.125
0 0.93515625 0.20859375 0.1046875 0.1296875
0 0.74296875 0.0640625 0.1234375 0.128125
0 0.35078125 0.79140625 0.0828125 0.14375
0 0.47890625 0.85546875 0.0953125 0.1375
0 0.3046875 0.959375 0.084375 0.08125
0 0.40703125 0.53515625 0.0859375 0.125
0 0.46953125 0.97890625 0.0421875 0.0421875
0 0.45390625 0.93046875 0.046875 0.071875
0 0.71484375 0.83828125 0.225 0.278125
0 0.77890625 0.61875 0.1828125 0.23125