0 0.74296875 0.4578125 0.0515625 0.0796875
0 0.66328125 0.51015625 0.053125 0.0796875
0 0.5203125 0.47109375 0.053125 0.065625
0 0.57734375 0.65078125 0.0375 0.078125
0 0.4875 0.6203125 0.04375 0.071875
0 0.059375 0.234375 0.071875 0.096875
0 0.38046875 0.62578125 0.05 0.05625
0 0.3484375 0.71484375 0.0640625 0.065625
0 0.453125 0.71484375 0.0421875 0.05
0 0.52890625 0.846875 0.140625 0.125
0 0.884375 0.596875 0.0484375 0.1015625
0 0.94375 0.453125 0.0515625 0.165625
0 0.84609375 0.17734375 0.0453125 0.065625
0 0.2984375 0.16171875 0.0578125 0.0921875
0 0.11171875 0.97421875 0.0546875 0.04375
0 0.71015625 0.753125 0.0515625 0.090625
0 0.578125 0.52421875 0.0390625 0.1046875
0 0.75703125 0.1921875 0.053125 0.0765625