0 0.453125 0.27578125 0.053125 0.0859375
0 0.2453125 0.59765625 0.06875 0.04375
0 0.79765625 0.2515625 0.075 0.2203125
0 0.94609375 0.1453125 0.0640625 0.096875
0 0.96875 0.2296875 0.059375 0.08125
0 0.9796875 0.31484375 0.040625 0.078125
0 0.8921875 0.4421875 0.115625 0.1734375
0 0.79140625 0.3640625 0.0625 0.1359375
0 0.92890625 0.490625 0.1421875 0.1625
0 0.8875 0.16171875 0.0640625 0.0859375
0 0.84375 0.22421875 0.0703125 0.109375
0 0.80546875 0.59453125 0.0515625 0.0484375
0 0.3546875 0.73984375 0.2453125 0.1453125
0 0.8296875 0.68515625 0.140625 0.13125
0 0.78984375 0.8 0.05625 0.09375
0 0.86328125 0.81015625 0.0796875 0.134375
0 0.9796875 0.78828125 0.040625 0.0828125
0 0.93125 0.840625 0.046875 0.0734375
0 0.8875 0.9828125 0.0578125 0.034375
0 0.771875 0.91015625 0.0234375 0.0640625
0 0.9578125 0.64375 0.0828125 0.0484375