0 0.934375 0.3484375 0.13125 0.140625
0 0.41796875 0.33046875 0.0359375 0.178125
0 0.5328125 0.390625 0.1484375 0.05625
0 0.73125 0.06015625 0.1171875 0.1203125
0 0.19453125 0.1671875 0.08125 0.0921875
0 0.26796875 0.38359375 0.0484375 0.0703125
0 0.18984375 0.27109375 0.0421875 0.05625
0 0.1828125 0.4109375 0.0359375 0.0171875
0 0.38828125 0.378125 0.025 0.08125
0 0.3484375 0.26796875 0.05 0.0625
0 0.26015625 0.26171875 0.0359375 0.071875
0 0.04296875 0.2875 0.05625 0.0890625
0 0.78984375 0.71484375 0.09375 0.1265625
0 0.91484375 0.59609375 0.1125 0.1125
0 0.63984375 0.6875 0.1765625 0.146875
0 0.4671875 0.60234375 0.1296875 0.2625
0 0.50859375 0.8375 0.1078125 0.2
0 0.23125 0.75078125 0.0671875 0.115625
0 0.31796875 0.67265625 0.0515625 0.0625
0 0.04375 0.78359375 0.0296875 0.065625
0 0.26640625 0.73046875 0.0546875 0.084375
0 0.1390625 0.77421875 0.053125 0.078125
0 0.240625 0.64921875 0.053125 0.059375
0 0.19609375 0.66640625 0.046875 0.09375