0 0.675 0.33046875 0.0765625 0.1390625
0 0.5640625 0.10546875 0.0640625 0.1375
0 0.640625 0.0421875 0.096875 0.084375
0 0.875 0.3703125 0.0046875 0.0078125
0 0.859375 0.32578125 0.0125 0.0109375
0 0.4 0.09375 0.0390625 0.1
0 0.60703125 0.2515625 0.0359375 0.0828125
0 0.56171875 0.38125 0.0375 0.0671875
0 0.51328125 0.03125 0.0703125 0.0625
0 0.56953125 0.4578125 0.053125 0.084375
0 0.521875 0.3671875 0.0421875 0.078125
0 0.0234375 0.28125 0.046875 0.0671875
0 0.11171875 0.4796875 0.04375 0.0609375
0 0.08359375 0.5203125 0.059375 0.0765625
0 0.21328125 0.42890625 0.0484375 0.09375
0 0.34296875 0.41875 0.0625 0.109375
0 0.17109375 0.45546875 0.0390625 0.0671875
0 0.171875 0.3078125 0.0359375 0.065625
0 0.06953125 0.096875 0.05625 0.0890625
0 0.2828125 0.0234375 0.0609375 0.046875
0 0.36875 0.53125 0.0234375 0.05625
0 0.37578125 0.425 0.009375 0.0671875
0 0.69140625 0.71328125 0.1109375 0.0734375
0 0.696875 0.88125 0.06875 0.0578125
0 0.7390625 0.7734375 0.059375 0.04375
0 0.8140625 0.8703125 0.0546875 0.0484375
0 0.86171875 0.9171875 0.075 0.065625
0 0.49140625 0.93046875 0.0765625 0.053125
0 0.553125 0.93984375 0.0484375 0.0640625
0 0.55546875 0.84765625 0.0703125 0.0484375
0 0.64375 0.95234375 0.078125 0.05625
0 0.65390625 0.80234375 0.0546875 0.0515625
0 0.91484375 0.7125 0.08125 0.0671875
0 0.0078125 0.9515625 0.015625 0.096875
0 0.1140625 0.940625 0.0515625 0.11875