0 0.428125 0.109375 0.10625 0.0984375
0 0.08359375 0.134375 0.059375 0.096875
0 0.1859375 0.18671875 0.0828125 0.1078125
0 0.76875 0.2125 0.0734375 0.078125
0 0.69765625 0.1078125 0.0703125 0.0609375
0 0.61640625 0.19609375 0.046875 0.084375
0 0.8765625 0.32421875 0.0515625 0.0828125
0 0.92421875 0.33828125 0.0515625 0.0625
0 0.81796875 0.3453125 0.05 0.0703125
0 0.9890625 0.5984375 0.021875 0.103125
0 0.78828125 0.565625 0.14375 0.171875
0 0.85 0.67421875 0.1390625 0.103125
0 0.77890625 0.39453125 0.0953125 0.0296875
0 0.92421875 0.4 0.0625 0.040625
0 0.56015625 0.64375 0.04375 0.0734375
0 0.59375 0.72578125 0.05 0.0734375
0 0.54609375 0.4734375 0.0140625 0.09375
0 0.9640625 0.98671875 0.071875 0.0265625
0 0.934375 0.8890625 0.0984375 0.1203125