0 0.5171875 0.46328125 0.1765625 0.2125
0 0.02734375 0.52109375 0.0546875 0.0953125
0 0.47734375 0.68828125 0.09375 0.0609375
0 0.21875 0.8703125 0.0640625 0.04375
0 0.1640625 0.878125 0.0734375 0.04375
0 0.3390625 0.86015625 0.0640625 0.040625
0 0.2890625 0.83984375 0.0828125 0.05
0 0.8546875 0.90390625 0.05625 0.0609375
0 0.88203125 0.85546875 0.0484375 0.053125
0 0.959375 0.896875 0.0328125 0.0578125
0 0.7265625 0.59296875 0.0484375 0.046875
0 0.66953125 0.928125 0.0609375 0.05625
0 0.72890625 0.9390625 0.0828125 0.0921875
0 0.828125 0.8296875 0.05 0.08125
0 0.890625 0.78984375 0.05625 0.0796875
0 0.94375 0.7453125 0.08125 0.10625
0 0.940625 0.828125 0.053125 0.0828125
0 0.84921875 0.659375 0.071875 0.0765625
0 0.85 0.7390625 0.06875 0.078125
0 0.784375 0.58515625 0.0484375 0.03125
0 0.7234375 0.68046875 0.05625 0.0671875
0 0.71484375 0.7671875 0.05 0.059375