0 0.8234375 0.26015625 0.0515625 0.075
0 0.7796875 0.178125 0.05 0.075
0 0.96875 0.3265625 0.0375 0.08125
0 0.82265625 0.59453125 0.0453125 0.0703125
0 0.75625 0.4859375 0.05 0.0578125
0 0.69140625 0.5359375 0.0546875 0.0625
0 0.553125 0.51875 0.0578125 0.071875
0 0.4609375 0.33046875 0.084375 0.1109375
0 0.49375 0.54921875 0.1125 0.1609375
0 0.609375 0.5125 0.053125 0.0703125
0 0.65546875 0.4765625 0.046875 0.0640625
0 0.853125 0.4546875 0.05 0.06875
0 0.2015625 0.09921875 0.03125 0.065625
0 0.121875 0.38515625 0.0171875 0.04375
0 0.11953125 0.20234375 0.0234375 0.0484375
0 0.76875 0.77421875 0.0625 0.0765625
0 0.4203125 0.840625 0.0734375 0.0546875
0 0.8984375 0.8578125 0.0515625 0.08125
0 0.4765625 0.88125 0.0359375 0.05
0 0.54375 0.821875 0.0328125 0.0421875
0 0.7421875 0.92265625 0.028125 0.0296875
0 0.6984375 0.9609375 0.0203125 0.0296875
0 0.60625 0.959375 0.021875 0.0234375