0 0.2890625 0.13671875 0.040625 0.0515625
0 0.39140625 0.3484375 0.03125 0.034375
0 0.27734375 0.246875 0.028125 0.0515625
0 0.309375 0.3125 0.04375 0.0546875
0 0.27265625 0.428125 0.034375 0.04375
0 0.4234375 0.3984375 0.046875 0.0390625
0 0.353125 0.4390625 0.0359375 0.040625
0 0.88125 0.1484375 0.0265625 0.046875
0 0.8921875 0.2109375 0.0265625 0.0546875
0 0.93828125 0.15546875 0.0265625 0.040625
0 0.9171875 0.375 0.025 0.0375
0 0.90390625 0.44296875 0.046875 0.046875
0 0.928125 0.3984375 0.0203125 0.0375
0 0.04765625 0.95859375 0.0765625 0.075
0 0.33359375 0.6203125 0.1015625 0.1328125
0 0.88828125 0.7390625 0.05 0.134375