0 0.421875 0.30859375 0.04375 0.0640625
0 0.3109375 0.05390625 0.0390625 0.09375
0 0.3265625 0.1890625 0.0609375 0.0984375
0 0.2328125 0.36328125 0.0484375 0.0796875
0 0.44375 0.3984375 0.065625 0.04375
0 0.334375 0.41015625 0.0515625 0.0203125
0 0.25546875 0.54609375 0.0640625 0.0859375
0 0.3640625 0.51640625 0.0453125 0.05625
0 0.2078125 0.71484375 0.040625 0.0546875
0 0.38125 0.78515625 0.046875 0.0625
0 0.07734375 0.7546875 0.0484375 0.090625
0 0.475 0.675 0.0671875 0.071875
0 0.1984375 0.9140625 0.05625 0.053125
0 0.18828125 0.80390625 0.0625 0.071875
0 0.0953125 0.58515625 0.05625 0.0953125
0 0.44375 0.90703125 0.071875 0.0875
0 0.7484375 0.765625 0.2265625 0.2671875