0 0.934375 0.0296875 0.0703125 0.059375
0 0.53046875 0.3265625 0.0484375 0.0828125
0 0.6546875 0.06328125 0.0484375 0.0796875
0 0.06796875 0.39296875 0.1125 0.0671875
0 0.1625 0.19453125 0.0671875 0.0796875
0 0.165625 0.11484375 0.10625 0.0671875
0 0.1109375 0.3078125 0.0390625 0.0390625
0 0.059375 0.284375 0.040625 0.0546875
0 0.271875 0.1328125 0.05 0.0796875
0 0.29609375 0.2390625 0.0359375 0.05625
0 0.86328125 0.96015625 0.0453125 0.0734375
0 0.90390625 0.725 0.0375 0.0625
0 0.75 0.96796875 0.0484375 0.0515625
0 0.80703125 0.93671875 0.046875 0.0796875
0 0.78125 0.6109375 0.040625 0.0625
0 0.95546875 0.67578125 0.028125 0.059375
0 0.50234375 0.634375 0.03125 0.05625
0 0.6015625 0.68203125 0.0375 0.075
0 0.55546875 0.5125 0.0515625 0.0703125
0 0.76171875 0.54921875 0.03125 0.05
0 0.56953125 0.8171875 0.053125 0.0828125
0 0.16875 0.86484375 0.090625 0.2078125
0 0.11015625 0.71953125 0.0328125 0.075
0 0.1625 0.671875 0.04375 0.1078125
0 0.259375 0.621875 0.0359375 0.0609375
0 0.20625 0.6078125 0.028125 0.05625
0 0.14296875 0.4875 0.0390625 0.046875
0 0.06953125 0.6375 0.025 0.046875
0 0.24609375 0.9109375 0.0515625 0.1078125
0 0.29765625 0.9421875 0.0265625 0.05
0 0.3453125 0.9171875 0.025 0.0453125
0 0.271875 0.80078125 0.0515625 0.0859375