0 0.065625 0.3484375 0.13125 0.140625
0 0.58203125 0.33046875 0.0359375 0.178125
0 0.4671875 0.390625 0.1484375 0.05625
0 0.26875 0.06015625 0.1171875 0.1203125
0 0.80546875 0.1671875 0.08125 0.0921875
0 0.73203125 0.38359375 0.0484375 0.0703125
0 0.81015625 0.27109375 0.0421875 0.05625
0 0.8171875 0.4109375 0.0359375 0.0171875
0 0.61171875 0.378125 0.025 0.08125
0 0.6515625 0.26796875 0.05 0.0625
0 0.73984375 0.26171875 0.0359375 0.071875
0 0.95703125 0.2875 0.05625 0.0890625
0 0.21015625 0.71484375 0.09375 0.1265625
0 0.08515625 0.59609375 0.1125 0.1125
0 0.36015625 0.6875 0.1765625 0.146875
0 0.5328125 0.60234375 0.1296875 0.2625
0 0.49140625 0.8375 0.1078125 0.2
0 0.76875 0.75078125 0.0671875 0.115625
0 0.68203125 0.67265625 0.0515625 0.0625
0 0.95625 0.78359375 0.0296875 0.065625
0 0.73359375 0.73046875 0.0546875 0.084375
0 0.8609375 0.77421875 0.053125 0.078125
0 0.759375 0.64921875 0.053125 0.059375
0 0.80390625 0.66640625 0.046875 0.09375