0 0.7109375 0.13671875 0.040625 0.0515625
0 0.60859375 0.3484375 0.03125 0.034375
0 0.72265625 0.246875 0.028125 0.0515625
0 0.690625 0.3125 0.04375 0.0546875
0 0.72734375 0.428125 0.034375 0.04375
0 0.5765625 0.3984375 0.046875 0.0390625
0 0.646875 0.4390625 0.0359375 0.040625
0 0.11875 0.1484375 0.0265625 0.046875
0 0.1078125 0.2109375 0.0265625 0.0546875
0 0.06171875 0.15546875 0.0265625 0.040625
0 0.0828125 0.375 0.025 0.0375
0 0.09609375 0.44296875 0.046875 0.046875
0 0.071875 0.3984375 0.0203125 0.0375
0 0.95234375 0.95859375 0.0765625 0.075
0 0.66640625 0.6203125 0.1015625 0.1328125
0 0.11171875 0.7390625 0.05 0.134375