0 0.325 0.33046875 0.0765625 0.1390625
0 0.4359375 0.10546875 0.0640625 0.1375
0 0.359375 0.0421875 0.096875 0.084375
0 0.125 0.3703125 0.0046875 0.0078125
0 0.140625 0.32578125 0.0125 0.0109375
0 0.6 0.09375 0.0390625 0.1
0 0.39296875 0.2515625 0.0359375 0.0828125
0 0.43828125 0.38125 0.0375 0.0671875
0 0.48671875 0.03125 0.0703125 0.0625
0 0.43046875 0.4578125 0.053125 0.084375
0 0.478125 0.3671875 0.0421875 0.078125
0 0.9765625 0.28125 0.046875 0.0671875
0 0.88828125 0.4796875 0.04375 0.0609375
0 0.91640625 0.5203125 0.059375 0.0765625
0 0.78671875 0.42890625 0.0484375 0.09375
0 0.65703125 0.41875 0.0625 0.109375
0 0.82890625 0.45546875 0.0390625 0.0671875
0 0.828125 0.3078125 0.0359375 0.065625
0 0.93046875 0.096875 0.05625 0.0890625
0 0.7171875 0.0234375 0.0609375 0.046875
0 0.63125 0.53125 0.0234375 0.05625
0 0.62421875 0.425 0.009375 0.0671875
0 0.30859375 0.71328125 0.1109375 0.0734375
0 0.303125 0.88125 0.06875 0.0578125
0 0.2609375 0.7734375 0.059375 0.04375
0 0.1859375 0.8703125 0.0546875 0.0484375
0 0.13828125 0.9171875 0.075 0.065625
0 0.50859375 0.93046875 0.0765625 0.053125
0 0.446875 0.93984375 0.0484375 0.0640625
0 0.44453125 0.84765625 0.0703125 0.0484375
0 0.35625 0.95234375 0.078125 0.05625
0 0.34609375 0.80234375 0.0546875 0.0515625
0 0.08515625 0.7125 0.08125 0.0671875
0 0.9921875 0.9515625 0.015625 0.096875
0 0.8859375 0.940625 0.0515625 0.11875