0 0.3890625 0.184375 0.05625 0.053125
0 0.18359375 0.1921875 0.0375 0.05
0 0.32265625 0.23828125 0.0359375 0.05625
0 0.075 0.10390625 0.0265625 0.034375
0 0.22265625 0.09453125 0.0265625 0.065625
0 0.38828125 0.11015625 0.0421875 0.0359375
0 0.671875 0.10234375 0.084375 0.0734375
0 0.7515625 0.2203125 0.0421875 0.025
0 0.78828125 0.03984375 0.046875 0.0453125
0 0.7671875 0.08515625 0.0359375 0.021875
0 0.71640625 0.3046875 0.0515625 0.028125
0 0.72109375 0.24921875 0.0453125 0.0484375
0 0.78515625 0.1953125 0.040625 0.0453125
0 0.6640625 0.1984375 0.0328125 0.03125
0 0.6953125 0.1828125 0.021875 0.021875
0 0.6421875 0.33515625 0.025 0.0328125
0 0.6328125 0.27109375 0.00625 0.0234375
0 0.6765625 0.34140625 0.046875 0.028125
0 0.30625 0.9125 0.1421875 0.175
0 0.14921875 0.6203125 0.115625 0.1671875
0 0.8203125 0.5578125 0.0296875 0.078125
0 0.7234375 0.6953125 0.015625 0.059375
0 0.76796875 0.85234375 0.0203125 0.05