0 0.3015625 0.328125 0.2703125 0.2046875
0 0.2015625 0.196875 0.0625 0.06875
0 0.46328125 0.21640625 0.05625 0.06875
0 0.4578125 0.27109375 0.01875 0.0359375
0 0.159375 0.29453125 0.071875 0.084375
0 0.25546875 0.25078125 0.0515625 0.0734375
0 0.5625 0.2765625 0.0875 0.096875
0 0.66328125 0.0484375 0.0546875 0.0671875
0 0.25234375 0.771875 0.25625 0.334375
0 0.56015625 0.93515625 0.0828125 0.1296875
0 0.58046875 0.721875 0.121875 0.2296875
0 0.67890625 0.7546875 0.14375 0.1671875
0 0.8609375 0.7953125 0.165625 0.19375