0 0.41640625 0.3796875 0.075 0.134375
0 0.21796875 0.32109375 0.0046875 0.0078125
0 0.23203125 0.3671875 0.0125 0.0109375
0 0.45546875 0.075 0.0390625 0.0625
0 0.48203125 0.46484375 0.034375 0.08125
0 0.94609375 0.38203125 0.0328125 0.0546875
0 0.7859375 0.171875 0.0484375 0.0953125
0 0.7046875 0.18046875 0.0640625 0.078125
0 0.8421875 0.26015625 0.0453125 0.0640625
0 0.79609375 0.27578125 0.034375 0.0578125
0 0.69609375 0.321875 0.078125 0.1296875
0 0.61640625 0.215625 0.0390625 0.0671875
0 0.91796875 0.253125 0.0453125 0.0625
0 0.73828125 0.2953125 0.0484375 0.065625
0 0.80625 0.378125 0.0625 0.05625
0 0.8765625 0.33046875 0.05 0.0859375
0 0.15546875 0.6203125 0.0984375 0.1046875
0 0.2109375 0.75234375 0.0578125 0.0875
0 0.16953125 0.8078125 0.046875 0.078125
0 0.228125 0.88203125 0.0734375 0.140625
0 0.33125 0.9125 0.140625 0.1484375
0 0.3296875 0.81015625 0.090625 0.121875
0 0.42734375 0.8265625 0.084375 0.121875
0 0.453125 0.73203125 0.0453125 0.0578125
0 0.31875 0.6828125 0.109375 0.10625
0 0.240625 0.690625 0.03125 0.05
0 0.25078125 0.59921875 0.0796875 0.096875
0 0.12578125 0.75546875 0.084375 0.1203125
0 0.8359375 0.79609375 0.08125 0.065625
0 0.55625 0.675 0.09375 0.1046875
0 0.77578125 0.60859375 0.146875 0.0890625
0 0.6375 0.8046875 0.11875 0.078125