0 0.0640625 0.56953125 0.128125 0.1015625
0 0.14609375 0.6109375 0.0390625 0.0171875
0 0.0578125 0.3046875 0.115625 0.1046875
0 0.065625 0.2203125 0.13125 0.08125
0 0.0515625 0.4171875 0.103125 0.0984375
0 0.35234375 0.16171875 0.10625 0.109375
0 0.19765625 0.21640625 0.090625 0.1109375
0 0.33515625 0.35234375 0.134375 0.146875
0 0.73359375 0.21796875 0.0203125 0.040625
0 0.74765625 0.1296875 0.0234375 0.0828125
0 0.69453125 0.2921875 0.01875 0.0625
0 0.84453125 0.4796875 0.015625 0.0625
0 0.78125 0.44375 0.0171875 0.0421875
0 0.7140625 0.49453125 0.015625 0.046875
0 0.69296875 0.4515625 0.0203125 0.0359375
0 0.825 0.0859375 0.0296875 0.05
0 0.76015625 0.03984375 0.0328125 0.078125