0 0.065625 0.0296875 0.0703125 0.059375
0 0.46953125 0.3265625 0.0484375 0.0828125
0 0.3453125 0.06328125 0.0484375 0.0796875
0 0.93203125 0.39296875 0.1125 0.0671875
0 0.8375 0.19453125 0.0671875 0.0796875
0 0.834375 0.11484375 0.10625 0.0671875
0 0.8890625 0.3078125 0.0390625 0.0390625
0 0.940625 0.284375 0.040625 0.0546875
0 0.728125 0.1328125 0.05 0.0796875
0 0.70390625 0.2390625 0.0359375 0.05625
0 0.13671875 0.96015625 0.0453125 0.0734375
0 0.09609375 0.725 0.0375 0.0625
0 0.25 0.96796875 0.0484375 0.0515625
0 0.19296875 0.93671875 0.046875 0.0796875
0 0.21875 0.6109375 0.040625 0.0625
0 0.04453125 0.67578125 0.028125 0.059375
0 0.49765625 0.634375 0.03125 0.05625
0 0.3984375 0.68203125 0.0375 0.075
0 0.44453125 0.5125 0.0515625 0.0703125
0 0.23828125 0.54921875 0.03125 0.05
0 0.43046875 0.8171875 0.053125 0.0828125
0 0.83125 0.86484375 0.090625 0.2078125
0 0.88984375 0.71953125 0.0328125 0.075
0 0.8375 0.671875 0.04375 0.1078125
0 0.740625 0.621875 0.0359375 0.0609375
0 0.79375 0.6078125 0.028125 0.05625
0 0.85703125 0.4875 0.0390625 0.046875
0 0.93046875 0.6375 0.025 0.046875
0 0.75390625 0.9109375 0.0515625 0.1078125
0 0.70234375 0.9421875 0.0265625 0.05
0 0.6546875 0.9171875 0.025 0.0453125
0 0.728125 0.80078125 0.0515625 0.0859375