0 0.571875 0.109375 0.10625 0.0984375
0 0.91640625 0.134375 0.059375 0.096875
0 0.8140625 0.18671875 0.0828125 0.1078125
0 0.23125 0.2125 0.0734375 0.078125
0 0.30234375 0.1078125 0.0703125 0.0609375
0 0.38359375 0.19609375 0.046875 0.084375
0 0.1234375 0.32421875 0.0515625 0.0828125
0 0.07578125 0.33828125 0.0515625 0.0625
0 0.18203125 0.3453125 0.05 0.0703125
0 0.0109375 0.5984375 0.021875 0.103125
0 0.21171875 0.565625 0.14375 0.171875
0 0.15 0.67421875 0.1390625 0.103125
0 0.22109375 0.39453125 0.0953125 0.0296875
0 0.07578125 0.4 0.0625 0.040625
0 0.43984375 0.64375 0.04375 0.0734375
0 0.40625 0.72578125 0.05 0.0734375
0 0.45390625 0.4734375 0.0140625 0.09375
0 0.0359375 0.98671875 0.071875 0.0265625
0 0.065625 0.8890625 0.0984375 0.1203125