0 0.39140625 0.1609375 0.1 0.040625
0 0.15390625 0.00859375 0.0515625 0.0140625
0 0.3359375 0.17421875 0.028125 0.01875
0 0.3640625 0.08828125 0.096875 0.0265625
0 0.3625 0.0671875 0.1375 0.021875
0 0.378125 0.11640625 0.08125 0.0265625
0 0.13359375 0.0640625 0.0765625 0.028125
0 0.24921875 0.071875 0.065625 0.028125
0 0.16796875 0.11015625 0.096875 0.0390625
0 0.18515625 0.65859375 0.0359375 0.065625
0 0.125 0.59296875 0.040625 0.0609375
0 0.14765625 0.64921875 0.0328125 0.05625
0 0.24453125 0.66484375 0.04375 0.05625
0 0.27265625 0.5828125 0.0328125 0.059375
0 0.13671875 0.7578125 0.028125 0.046875
0 0.08359375 0.5609375 0.0484375 0.065625
0 0.26796875 0.61875 0.0328125 0.04375
0 0.34921875 0.5484375 0.046875 0.059375
0 0.33671875 0.50234375 0.046875 0.065625
0 0.26328125 0.50546875 0.075 0.0875
0 0.23046875 0.5984375 0.0609375 0.075
0 0.215625 0.67421875 0.0453125 0.059375
0 0.1203125 0.46640625 0.028125 0.04375
0 0.6625 0.93984375 0.059375 0.1203125
0 0.9796875 0.69765625 0.040625 0.065625
0 0.75 0.4109375 0.040625 0.09375
0 0.69765625 0.44140625 0.04375 0.0578125