0 0.6109375 0.184375 0.05625 0.053125
0 0.81640625 0.1921875 0.0375 0.05
0 0.67734375 0.23828125 0.0359375 0.05625
0 0.925 0.10390625 0.0265625 0.034375
0 0.77734375 0.09453125 0.0265625 0.065625
0 0.61171875 0.11015625 0.0421875 0.0359375
0 0.328125 0.10234375 0.084375 0.0734375
0 0.2484375 0.2203125 0.0421875 0.025
0 0.21171875 0.03984375 0.046875 0.0453125
0 0.2328125 0.08515625 0.0359375 0.021875
0 0.28359375 0.3046875 0.0515625 0.028125
0 0.27890625 0.24921875 0.0453125 0.0484375
0 0.21484375 0.1953125 0.040625 0.0453125
0 0.3359375 0.1984375 0.0328125 0.03125
0 0.3046875 0.1828125 0.021875 0.021875
0 0.3578125 0.33515625 0.025 0.0328125
0 0.3671875 0.27109375 0.00625 0.0234375
0 0.3234375 0.34140625 0.046875 0.028125
0 0.69375 0.9125 0.1421875 0.175
0 0.85078125 0.6203125 0.115625 0.1671875
0 0.1796875 0.5578125 0.0296875 0.078125
0 0.2765625 0.6953125 0.015625 0.059375
0 0.23203125 0.85234375 0.0203125 0.05