0 0.1765625 0.26015625 0.0515625 0.075
0 0.2203125 0.178125 0.05 0.075
0 0.03125 0.3265625 0.0375 0.08125
0 0.17734375 0.59453125 0.0453125 0.0703125
0 0.24375 0.4859375 0.05 0.0578125
0 0.30859375 0.5359375 0.0546875 0.0625
0 0.446875 0.51875 0.0578125 0.071875
0 0.5390625 0.33046875 0.084375 0.1109375
0 0.50625 0.54921875 0.1125 0.1609375
0 0.390625 0.5125 0.053125 0.0703125
0 0.34453125 0.4765625 0.046875 0.0640625
0 0.146875 0.4546875 0.05 0.06875
0 0.7984375 0.09921875 0.03125 0.065625
0 0.878125 0.38515625 0.0171875 0.04375
0 0.88046875 0.20234375 0.0234375 0.0484375
0 0.23125 0.77421875 0.0625 0.0765625
0 0.5796875 0.840625 0.0734375 0.0546875
0 0.1015625 0.8578125 0.0515625 0.08125
0 0.5234375 0.88125 0.0359375 0.05
0 0.45625 0.821875 0.0328125 0.0421875
0 0.2578125 0.92265625 0.028125 0.0296875
0 0.3015625 0.9609375 0.0203125 0.0296875
0 0.39375 0.959375 0.021875 0.0234375