0 0.42265625 0.10078125 0.078125 0.1203125
0 0.1546875 0.26015625 0.0796875 0.1234375
0 0.21796875 0.06875 0.059375 0.0859375
0 0.28125 0.309375 0.1078125 0.1390625
0 0.2671875 0.15859375 0.075 0.1171875
0 0.36640625 0.29609375 0.0609375 0.1015625
0 0.71484375 0.1890625 0.1078125 0.1328125
0 0.671875 0.35234375 0.1265625 0.1515625
0 0.82265625 0.12890625 0.0625 0.0765625
0 0.6109375 0.4125 0.09375 0.075
0 0.546875 0.41796875 0.0546875 0.0640625
0 0.61796875 0.19140625 0.078125 0.1
0 0.0265625 0.55546875 0.053125 0.1375
0 0.1078125 0.51484375 0.1265625 0.13125
0 0.02265625 0.74453125 0.0453125 0.1546875