0 0.4234375 0.15234375 0.128125 0.1359375
0 0.3859375 0.3015625 0.0984375 0.090625
0 0.2296875 0.3921875 0.1265625 0.1140625
0 0.55234375 0.30703125 0.0640625 0.10625
0 0.6890625 0.421875 0.0203125 0.0546875
0 0.6984375 0.121875 0.0390625 0.06875
0 0.80078125 0.06328125 0.046875 0.1109375
0 0.75625 0.08203125 0.0375 0.078125
0 0.79921875 0.2390625 0.034375 0.075
0 0.97421875 0.42109375 0.0515625 0.0546875
0 0.51484375 0.61953125 0.0984375 0.1921875
0 0.19609375 0.77578125 0.0671875 0.10625
0 0.16875 0.678125 0.0296875 0.0609375
0 0.8296875 0.728125 0.05625 0.10625
0 0.796875 0.8390625 0.025 0.05625
0 0.86640625 0.71875 0.03125 0.06875
0 0.7765625 0.784375 0.0375 0.0828125