0 0.12421875 0.1859375 0.040625 0.0546875
0 0.0890625 0.1953125 0.0390625 0.05625
0 0.146875 0.2859375 0.025 0.04375
0 0.1296875 0.22890625 0.0375 0.059375
0 0.15703125 0.23203125 0.028125 0.046875
0 0.11484375 0.14140625 0.04375 0.0609375
0 0.10078125 0.3078125 0.0265625 0.0375
0 0.0625 0.2625 0.025 0.034375
0 0.1796875 0.3125 0.0234375 0.0359375
0 0.04921875 0.22578125 0.0296875 0.0390625
0 0.1546875 0.32265625 0.028125 0.0390625
0 0.71171875 0.1640625 0.04375 0.0484375
0 0.5359375 0.14765625 0.0421875 0.0453125
0 0.6734375 0.14140625 0.040625 0.0453125
0 0.63984375 0.271875 0.04375 0.059375
0 0.6109375 0.21171875 0.059375 0.065625
0 0.9234375 0.0796875 0.0359375 0.04375
0 0.66953125 0.35625 0.075 0.0796875
0 0.2828125 0.615625 0.04375 0.090625
0 0.2296875 0.81171875 0.0421875 0.071875
0 0.278125 0.7203125 0.04375 0.071875
0 0.26015625 0.91484375 0.025 0.0546875
0 0.24296875 0.6203125 0.0359375 0.0578125
0 0.228125 0.5859375 0.0234375 0.0375
0 0.1640625 0.62890625 0.0375 0.0515625
0 0.103125 0.615625 0.0453125 0.06875
0 0.9171875 0.94921875 0.165625 0.1015625
0 0.9546875 0.80234375 0.090625 0.1078125
0 0.68515625 0.92890625 0.109375 0.0984375