0 0.87578125 0.1859375 0.040625 0.0546875
0 0.9109375 0.1953125 0.0390625 0.05625
0 0.853125 0.2859375 0.025 0.04375
0 0.8703125 0.22890625 0.0375 0.059375
0 0.84296875 0.23203125 0.028125 0.046875
0 0.88515625 0.14140625 0.04375 0.0609375
0 0.89921875 0.3078125 0.0265625 0.0375
0 0.9375 0.2625 0.025 0.034375
0 0.8203125 0.3125 0.0234375 0.0359375
0 0.95078125 0.22578125 0.0296875 0.0390625
0 0.8453125 0.32265625 0.028125 0.0390625
0 0.28828125 0.1640625 0.04375 0.0484375
0 0.4640625 0.14765625 0.0421875 0.0453125
0 0.3265625 0.14140625 0.040625 0.0453125
0 0.36015625 0.271875 0.04375 0.059375
0 0.3890625 0.21171875 0.059375 0.065625
0 0.0765625 0.0796875 0.0359375 0.04375
0 0.33046875 0.35625 0.075 0.0796875
0 0.7171875 0.615625 0.04375 0.090625
0 0.7703125 0.81171875 0.0421875 0.071875
0 0.721875 0.7203125 0.04375 0.071875
0 0.73984375 0.91484375 0.025 0.0546875
0 0.75703125 0.6203125 0.0359375 0.0578125
0 0.771875 0.5859375 0.0234375 0.0375
0 0.8359375 0.62890625 0.0375 0.0515625
0 0.896875 0.615625 0.0453125 0.06875
0 0.0828125 0.94921875 0.165625 0.1015625
0 0.0453125 0.80234375 0.090625 0.1078125
0 0.31484375 0.92890625 0.109375 0.0984375