0 0.134375 0.23671875 0.0484375 0.090625
0 0.30234375 0.284375 0.0546875 0.1015625
0 0.16796875 0.075 0.03125 0.065625
0 0.2125 0.2578125 0.0546875 0.1046875
0 0.41015625 0.28046875 0.053125 0.1171875
0 0.265625 0.15234375 0.0890625 0.1328125
0 0.12578125 0.109375 0.0375 0.0703125
0 0.67734375 0.45546875 0.0984375 0.109375
0 0.63046875 0.2125 0.103125 0.121875
0 0.60703125 0.075 0.078125 0.1375
0 0.54375 0.328125 0.0671875 0.1203125
0 0.89375 0.38359375 0.0890625 0.128125
0 0.80078125 0.415625 0.1328125 0.1875
0 0.95390625 0.47421875 0.084375 0.0703125
0 0.05 0.625 0.0578125 0.0796875
0 0.1125 0.978125 0.0375 0.04375
0 0.02421875 0.76640625 0.0484375 0.078125
0 0.34765625 0.8359375 0.0578125 0.084375
0 0.3734375 0.96953125 0.0546875 0.0609375
0 0.178125 0.63046875 0.04375 0.0546875
0 0.1765625 0.5640625 0.046875 0.0734375
0 0.26171875 0.8046875 0.0515625 0.0765625
0 0.259375 0.72890625 0.05 0.0703125
0 0.81640625 0.728125 0.103125 0.1640625
0 0.578125 0.84921875 0.09375 0.128125
0 0.73046875 0.85546875 0.053125 0.0875
0 0.53671875 0.66640625 0.0640625 0.1015625
0 0.68828125 0.5671875 0.1171875 0.115625