0 0.0859375 0.23359375 0.0515625 0.08125
0 0.13515625 0.16328125 0.034375 0.0640625
0 0.20703125 0.3390625 0.028125 0.0515625
0 0.2546875 0.4 0.021875 0.0203125
0 0.084375 0.18046875 0.0421875 0.0609375
0 0.4828125 0.27109375 0.0546875 0.0390625
0 0.59609375 0.28515625 0.0671875 0.05
0 0.58671875 0.1953125 0.04375 0.046875
0 0.5015625 0.19609375 0.0515625 0.0296875
0 0.2828125 0.53125 0.034375 0.078125
0 0.190625 0.70625 0.0921875 0.1203125
0 0.2390625 0.49296875 0.121875 0.1671875
0 0.89140625 0.59609375 0.1828125 0.1796875
0 0.6625 0.54140625 0.0671875 0.0828125
0 0.646875 0.62265625 0.0625 0.0671875
0 0.6375 0.70234375 0.05625 0.065625
0 0.490625 0.653125 0.10625 0.125
0 0.4828125 0.75546875 0.078125 0.0828125
0 0.5171875 0.85703125 0.1 0.0921875
0 0.7578125 0.796875 0.1203125 0.1453125
0 0.875 0.703125 0.0921875 0.115625
0 0.7171875 0.85078125 0.1671875 0.121875
0 0.6171875 0.9078125 0.075 0.084375
0 0.6140625 0.7859375 0.05625 0.0609375
0 0.546875 0.740625 0.0484375 0.059375
0 0.7296875 0.54296875 0.0671875 0.071875
0 0.7859375 0.59140625 0.0734375 0.0921875
0 0.871875 0.92890625 0.053125 0.0640625