0 0.3875 0.17109375 0.0921875 0.1296875
0 0.1578125 0.375 0.0890625 0.0953125
0 0.321875 0.31953125 0.0453125 0.0671875
0 0.0765625 0.2265625 0.0578125 0.08125
0 0.2140625 0.05703125 0.1125 0.1140625
0 0.6171875 0.040625 0.0359375 0.04375
0 0.8203125 0.26640625 0.0265625 0.0578125
0 0.9875 0.4390625 0.025 0.0421875
0 0.93125 0.41484375 0.0609375 0.0796875
0 0.9546875 0.03984375 0.0640625 0.0625
0 0.76171875 0.08203125 0.0265625 0.05625
0 0.17109375 0.690625 0.059375 0.05
0 0.10859375 0.59609375 0.065625 0.103125
0 0.03984375 0.83125 0.05625 0.0890625
0 0.51015625 0.73203125 0.0359375 0.040625
0 0.51171875 0.67734375 0.0640625 0.0390625
0 0.459375 0.7578125 0.034375 0.0328125
0 0.45390625 0.7046875 0.05 0.05625
0 0.54453125 0.7546875 0.01875 0.0234375
0 0.103125 0.69296875 0.053125 0.040625
0 0.13515625 0.73203125 0.040625 0.0359375
0 0.5046875 0.6359375 0.0546875 0.05
0 0.83671875 0.5 0.0625 0.0796875
0 0.82421875 0.8109375 0.0890625 0.13125
0 0.66953125 0.92890625 0.0578125 0.096875