0 0.79375 0.19453125 0.0671875 0.065625
0 0.86796875 0.20703125 0.040625 0.046875
0 0.9140625 0.24375 0.0328125 0.046875
0 0.85546875 0.2640625 0.0453125 0.0390625
0 0.6328125 0.4046875 0.0484375 0.053125
0 0.79375 0.40859375 0.0453125 0.053125
0 0.44296875 0.40703125 0.0640625 0.059375
0 0.5765625 0.04765625 0.0390625 0.0390625
0 0.525 0.31015625 0.0484375 0.0421875
0 0.58515625 0.390625 0.0359375 0.0359375
0 0.45078125 0.3046875 0.053125 0.05
0 0.4828125 0.2328125 0.071875 0.078125
0 0.70625 0.03984375 0.0546875 0.075
0 0.6140625 0.28671875 0.0390625 0.0546875
0 0.2109375 0.2796875 0.040625 0.0828125
0 0.35078125 0.76796875 0.0390625 0.1109375
0 0.46328125 0.6796875 0.078125 0.0953125