0 0.8265625 0.2703125 0.071875 0.1609375
0 0.9046875 0.1859375 0.1078125 0.253125
0 0.83984375 0.1921875 0.003125 0.00625
0 0.8578125 0.14375 0.05625 0.1375
0 0.8828125 0.36484375 0.09375 0.1734375
0 0.9765625 0.19296875 0.0390625 0.0765625
0 0.846875 0.0078125 0.0453125 0.015625
0 0.840625 0.06328125 0.0359375 0.059375
0 0.38125 0.409375 0.115625 0.09375
0 0.2125 0.0140625 0.078125 0.028125
0 0.565625 0.26328125 0.0578125 0.075
0 0.53046875 0.2015625 0.0453125 0.0625
0 0.3125 0.1359375 0.08125 0.0765625
0 0.378125 0.1875 0.04375 0.0515625
0 0.20546875 0.4328125 0.075 0.075
0 0.33828125 0.09921875 0.075 0.0640625
0 0.034375 0.31640625 0.06875 0.0875
0 0.41640625 0.2859375 0.065625 0.078125
0 0.32890625 0.5890625 0.0734375 0.059375
0 0.2125 0.29921875 0.084375 0.103125
0 0.853125 0.79375 0.0859375 0.1421875
0 0.96875 0.7484375 0.0625 0.121875
0 0.928125 0.8359375 0.0515625 0.0875
0 0.803125 0.8625 0.0609375 0.1046875
0 0.9703125 0.978125 0.0296875 0.04375
0 0.9890625 0.84140625 0.021875 0.075
0 0.953125 0.9140625 0.04375 0.075
0 0.4796875 0.675 0.040625 0.0703125
0 0.50859375 0.7734375 0.01875 0.0421875
0 0.546875 0.8328125 0.0265625 0.0515625
0 0.2 0.6484375 0.075 0.059375
0 0.09765625 0.64453125 0.034375 0.0515625
0 0.05625 0.6953125 0.0265625 0.0484375
0 0.0171875 0.7796875 0.0265625 0.059375
0 0.0828125 0.746875 0.0296875 0.053125
0 0.0796875 0.84765625 0.028125 0.059375