0 0.6703125 0.2578125 0.121875 0.1234375
0 0.7859375 0.0390625 0.0875 0.078125
0 0.60546875 0.3453125 0.09375 0.1140625
0 0.05546875 0.34296875 0.1109375 0.109375
0 0.3 0.0375 0.140625 0.075
0 0.2171875 0.315625 0.1171875 0.11875
0 0.3125 0.2140625 0.1078125 0.0828125
0 0.33125 0.1265625 0.08125 0.0828125
0 0.84765625 0.9125 0.15 0.1328125
0 0.85546875 0.7640625 0.2171875 0.15
0 0.09921875 0.6328125 0.08125 0.090625
0 0.01015625 0.59140625 0.0203125 0.0421875
0 0.01328125 0.696875 0.0265625 0.0484375