0 0.1734375 0.2703125 0.071875 0.1609375
0 0.0953125 0.1859375 0.1078125 0.253125
0 0.16015625 0.1921875 0.003125 0.00625
0 0.1421875 0.14375 0.05625 0.1375
0 0.1171875 0.36484375 0.09375 0.1734375
0 0.0234375 0.19296875 0.0390625 0.0765625
0 0.153125 0.0078125 0.0453125 0.015625
0 0.159375 0.06328125 0.0359375 0.059375
0 0.61875 0.409375 0.115625 0.09375
0 0.7875 0.0140625 0.078125 0.028125
0 0.434375 0.26328125 0.0578125 0.075
0 0.46953125 0.2015625 0.0453125 0.0625
0 0.6875 0.1359375 0.08125 0.0765625
0 0.621875 0.1875 0.04375 0.0515625
0 0.79453125 0.4328125 0.075 0.075
0 0.66171875 0.09921875 0.075 0.0640625
0 0.965625 0.31640625 0.06875 0.0875
0 0.58359375 0.2859375 0.065625 0.078125
0 0.67109375 0.5890625 0.0734375 0.059375
0 0.7875 0.29921875 0.084375 0.103125
0 0.146875 0.79375 0.0859375 0.1421875
0 0.03125 0.7484375 0.0625 0.121875
0 0.071875 0.8359375 0.0515625 0.0875
0 0.196875 0.8625 0.0609375 0.1046875
0 0.0296875 0.978125 0.0296875 0.04375
0 0.0109375 0.84140625 0.021875 0.075
0 0.046875 0.9140625 0.04375 0.075
0 0.5203125 0.675 0.040625 0.0703125
0 0.49140625 0.7734375 0.01875 0.0421875
0 0.453125 0.8328125 0.0265625 0.0515625
0 0.8 0.6484375 0.075 0.059375
0 0.90234375 0.64453125 0.034375 0.0515625
0 0.94375 0.6953125 0.0265625 0.0484375
0 0.9828125 0.7796875 0.0265625 0.059375
0 0.9171875 0.746875 0.0296875 0.053125
0 0.9203125 0.84765625 0.028125 0.059375