0 0.3578125 0.0390625 0.0828125 0.078125
0 0.07578125 0.215625 0.05625 0.0703125
0 0.015625 0.1671875 0.03125 0.08125
0 0.378125 0.14296875 0.03125 0.0359375
0 0.4015625 0.18515625 0.028125 0.034375
0 0.3015625 0.21484375 0.0984375 0.0921875
0 0.1796875 0.29765625 0.059375 0.065625
0 0.709375 0.30234375 0.0890625 0.1296875
0 0.50703125 0.26953125 0.015625 0.0796875
0 0.97265625 0.24609375 0.0546875 0.1078125
0 0.7046875 0.02109375 0.0828125 0.0421875
0 0.8578125 0.1609375 0.05625 0.0953125
0 0.2421875 0.8 0.284375 0.1765625
0 0.16015625 0.671875 0.121875 0.1078125
0 0.83046875 0.9546875 0.0953125 0.0875
0 0.66875 0.82734375 0.0359375 0.0546875
0 0.9453125 0.80390625 0.0828125 0.0734375
0 0.940625 0.5421875 0.065625 0.065625