0 0.1140625 0.22734375 0.1546875 0.1421875
0 0.9828125 0.103125 0.034375 0.04375
0 0.99296875 0.30625 0.0140625 0.0328125
0 0.59765625 0.18671875 0.0578125 0.059375
0 0.4328125 0.36953125 0.046875 0.0796875
0 0.4796875 0.65078125 0.0390625 0.0796875
0 0.32734375 0.36484375 0.046875 0.0703125
0 0.3828125 0.396875 0.046875 0.10625
0 0.36796875 0.803125 0.040625 0.084375
0 0.52890625 0.70625 0.0296875 0.078125
0 0.1078125 0.80078125 0.03125 0.075
0 0.19921875 0.73203125 0.0375 0.096875
0 0.16171875 0.94765625 0.05 0.0890625
0 0.35234375 0.88046875 0.03125 0.0640625
0 0.1640625 0.5671875 0.05 0.10625
0 0.6671875 0.58125 0.0265625 0.128125
0 0.58671875 0.6984375 0.034375 0.1796875
0 0.659375 0.87265625 0.0671875 0.1484375
0 0.79140625 0.92421875 0.134375 0.1515625
0 0.93671875 0.56875 0.0546875 0.1078125
0 0.7671875 0.67890625 0.0375 0.140625