0 0.203125 0.3046875 0.096875 0.1359375
0 0.2640625 0.15546875 0.075 0.090625
0 0.409375 0.09921875 0.096875 0.13125
0 0.13125 0.090625 0.04375 0.1140625
0 0.2875 0.76875 0.0484375 0.053125
0 0.35078125 0.72890625 0.0359375 0.0515625
0 0.31171875 0.65859375 0.0265625 0.0578125
0 0.10390625 0.6234375 0.05625 0.090625
0 0.1765625 0.6078125 0.0546875 0.0828125
0 0.47265625 0.790625 0.04375 0.0640625
0 0.721875 0.81484375 0.0671875 0.140625
0 0.88828125 0.603125 0.065625 0.1015625
0 0.7703125 0.6578125 0.034375 0.075
0 0.9453125 0.7640625 0.0421875 0.0859375
0 0.84453125 0.93828125 0.0828125 0.1234375