0 0.95390625 0.22421875 0.0453125 0.053125
0 0.8796875 0.2 0.0296875 0.0296875
0 0.7734375 0.0703125 0.0390625 0.0515625
0 0.9515625 0.26953125 0.034375 0.028125
0 0.15390625 0.01015625 0.0703125 0.0203125
0 0.32890625 0.0640625 0.0515625 0.0328125
0 0.0625 0.2796875 0.0421875 0.0359375
0 0.2703125 0.075 0.0578125 0.0421875
0 0.178125 0.04453125 0.0546875 0.0453125
0 0.8734375 0.578125 0.046875 0.0640625
0 0.8671875 0.45 0.0421875 0.05625
0 0.8390625 0.8015625 0.0453125 0.0578125
0 0.890625 0.64375 0.034375 0.05
0 0.7578125 0.76796875 0.0796875 0.0984375
0 0.74296875 0.91328125 0.153125 0.1359375
0 0.68359375 0.8140625 0.0390625 0.0625
0 0.63671875 0.85 0.034375 0.0328125
0 0.64140625 0.89296875 0.0421875 0.0546875
0 0.33515625 0.73125 0.16875 0.23125