0 0.865625 0.23671875 0.0484375 0.090625
0 0.69765625 0.284375 0.0546875 0.1015625
0 0.83203125 0.075 0.03125 0.065625
0 0.7875 0.2578125 0.0546875 0.1046875
0 0.58984375 0.28046875 0.053125 0.1171875
0 0.734375 0.15234375 0.0890625 0.1328125
0 0.87421875 0.109375 0.0375 0.0703125
0 0.32265625 0.45546875 0.0984375 0.109375
0 0.36953125 0.2125 0.103125 0.121875
0 0.39296875 0.075 0.078125 0.1375
0 0.45625 0.328125 0.0671875 0.1203125
0 0.10625 0.38359375 0.0890625 0.128125
0 0.19921875 0.415625 0.1328125 0.1875
0 0.04609375 0.47421875 0.084375 0.0703125
0 0.95 0.625 0.0578125 0.0796875
0 0.8875 0.978125 0.0375 0.04375
0 0.97578125 0.76640625 0.0484375 0.078125
0 0.65234375 0.8359375 0.0578125 0.084375
0 0.6265625 0.96953125 0.0546875 0.0609375
0 0.821875 0.63046875 0.04375 0.0546875
0 0.8234375 0.5640625 0.046875 0.0734375
0 0.73828125 0.8046875 0.0515625 0.0765625
0 0.740625 0.72890625 0.05 0.0703125
0 0.18359375 0.728125 0.103125 0.1640625
0 0.421875 0.84921875 0.09375 0.128125
0 0.26953125 0.85546875 0.053125 0.0875
0 0.46328125 0.66640625 0.0640625 0.1015625
0 0.31171875 0.5671875 0.1171875 0.115625