0 0.23359375 0.2828125 0.065625 0.0609375
0 0.30546875 0.27109375 0.0390625 0.04375
0 0.35078125 0.23671875 0.03125 0.04375
0 0.29375 0.21796875 0.04375 0.0359375
0 0.078125 0.0859375 0.0453125 0.05
0 0.23359375 0.0828125 0.04375 0.05
0 0.0234375 0.4203125 0.0390625 0.0359375
0 0.03125 0.09921875 0.034375 0.034375
0 0.1484375 0.415625 0.053125 0.0484375
0 0.059375 0.19609375 0.0375 0.0515625
0 0.7453125 0.41328125 0.0359375 0.0359375
0 0.453125 0.34375 0.0484375 0.05
0 0.61328125 0.178125 0.0453125 0.06875
0 0.6984375 0.13515625 0.0359375 0.0546875
0 0.7890625 0.153125 0.08125 0.0828125
0 0.16875 0.709375 0.025 0.078125
0 0.78125 0.5828125 0.1625 0.1609375
0 0.5203125 0.8765625 0.0765625 0.1
0 0.5296875 0.46171875 0.0671875 0.04375
0 0.4921875 0.97265625 0.13125 0.0546875
0 0.565625 0.71796875 0.046875 0.0828125
0 0.6140625 0.6140625 0.053125 0.0703125