0 0.034375 0.38125 0.06875 0.134375
0 0.21171875 0.328125 0.075 0.0734375
0 0.50859375 0.03203125 0.0984375 0.0640625
0 0.02890625 0.5 0.0578125 0.06875
0 0.696875 0.11484375 0.246875 0.14375
0 0.71796875 0.2640625 0.221875 0.1015625
0 0.8953125 0.23515625 0.1828125 0.1015625
0 0.88984375 0.45859375 0.2203125 0.109375
0 0.31875 0.80078125 0.06875 0.09375
0 0.43046875 0.6625 0.0546875 0.1
0 0.06328125 0.8078125 0.0359375 0.0515625
0 0.24375 0.62890625 0.0296875 0.0375
0 0.18359375 0.5953125 0.021875 0.0359375
0 0.0859375 0.6234375 0.021875 0.028125
0 0.81171875 0.65078125 0.0859375 0.1546875
0 0.715625 0.63046875 0.078125 0.0984375
0 0.73671875 0.73046875 0.046875 0.0640625
0 0.8203125 0.803125 0.0390625 0.0875
0 0.86171875 0.75390625 0.046875 0.08125
0 0.84375 0.94921875 0.05625 0.0765625
0 0.74140625 0.86875 0.034375 0.05
0 0.78828125 0.86484375 0.0359375 0.0515625
0 0.6984375 0.75078125 0.0390625 0.0640625
0 0.646875 0.6515625 0.03125 0.0546875
0 0.61796875 0.6953125 0.028125 0.046875
0 0.65546875 0.72109375 0.04375 0.071875
0 0.60625 0.77421875 0.028125 0.0515625
0 0.91328125 0.95703125 0.0390625 0.0421875
0 0.7875 0.95703125 0.034375 0.053125
0 0.87890625 0.84453125 0.05 0.075
0 0.946875 0.6625 0.028125 0.046875
0 0.903125 0.81796875 0.0265625 0.040625
0 0.72265625 0.69140625 0.034375 0.0453125
0 0.75078125 0.68515625 0.0265625 0.046875
0 0.696875 0.85078125 0.0390625 0.0546875
0 0.828125 0.709375 0.0453125 0.071875