0 0.76640625 0.2828125 0.065625 0.0609375
0 0.69453125 0.27109375 0.0390625 0.04375
0 0.64921875 0.23671875 0.03125 0.04375
0 0.70625 0.21796875 0.04375 0.0359375
0 0.921875 0.0859375 0.0453125 0.05
0 0.76640625 0.0828125 0.04375 0.05
0 0.9765625 0.4203125 0.0390625 0.0359375
0 0.96875 0.09921875 0.034375 0.034375
0 0.8515625 0.415625 0.053125 0.0484375
0 0.940625 0.19609375 0.0375 0.0515625
0 0.2546875 0.41328125 0.0359375 0.0359375
0 0.546875 0.34375 0.0484375 0.05
0 0.38671875 0.178125 0.0453125 0.06875
0 0.3015625 0.13515625 0.0359375 0.0546875
0 0.2109375 0.153125 0.08125 0.0828125
0 0.83125 0.709375 0.025 0.078125
0 0.21875 0.5828125 0.1625 0.1609375
0 0.4796875 0.8765625 0.0765625 0.1
0 0.4703125 0.46171875 0.0671875 0.04375
0 0.5078125 0.97265625 0.13125 0.0546875
0 0.434375 0.71796875 0.046875 0.0828125
0 0.3859375 0.6140625 0.053125 0.0703125