0 0.153125 0.0890625 0.084375 0.053125
0 0.3484375 0.04609375 0.0765625 0.040625
0 0.221875 0.046875 0.0421875 0.028125
0 0.38671875 0.10546875 0.053125 0.034375
0 0.26171875 0.140625 0.0953125 0.0375
0 0.9609375 0.1390625 0.078125 0.040625
0 0.47421875 0.03359375 0.05 0.0671875
0 0.46328125 0.12734375 0.028125 0.0640625
0 0.49375 0.1390625 0.046875 0.040625
0 0.39296875 0.38984375 0.0875 0.115625
0 0.3546875 0.49375 0.0484375 0.090625
0 0.15078125 0.70546875 0.075 0.0953125
0 0.209375 0.44375 0.0875 0.121875