0 0.2875 0.328125 0.090625 0.0875
0 0.34140625 0.1953125 0.078125 0.0796875
0 0.171875 0.44921875 0.0484375 0.1140625
0 0.26328125 0.61953125 0.040625 0.065625
0 0.3796875 0.3015625 0.0296875 0.0484375
0 0.36640625 0.07109375 0.0546875 0.053125
0 0.3484375 0.628125 0.1078125 0.0828125
0 0.37421875 0.44375 0.05625 0.0515625
0 0.40234375 0.3578125 0.0140625 0.0546875
0 0.02578125 0.2 0.0390625 0.0671875
0 0.64765625 0.17890625 0.05625 0.096875
0 0.60546875 0.42734375 0.084375 0.0734375
0 0.71875 0.39765625 0.0703125 0.0640625
0 0.5828125 0.98203125 0.16875 0.0359375
0 0.78046875 0.9671875 0.1171875 0.065625
0 0.65625 0.8953125 0.121875 0.1