0 0.1125 0.44296875 0.103125 0.128125
0 0.1046875 0.565625 0.103125 0.128125
0 0.9625 0.08046875 0.075 0.1265625
0 0.70078125 0.0234375 0.071875 0.046875
0 0.9171875 0.3140625 0.1015625 0.140625
0 0.73515625 0.353125 0.115625 0.1640625
0 0.096875 0.81015625 0.05 0.0484375
0 0.1390625 0.875 0.0296875 0.0390625
0 0.23515625 0.771875 0.025 0.03125
0 0.29453125 0.73359375 0.0171875 0.0265625
0 0.0890625 0.84765625 0.0390625 0.0359375
0 0.47578125 0.7203125 0.0640625 0.040625
0 0.3875 0.8234375 0.0390625 0.0703125