0 0.05234375 0.26328125 0.0296875 0.0734375
0 0.04609375 0.15859375 0.0609375 0.0515625
0 0.19765625 0.109375 0.0421875 0.0609375
0 0.03984375 0.0921875 0.03125 0.0515625
0 0.1390625 0.27265625 0.0203125 0.0625
0 0.159375 0.38671875 0.0265625 0.0375
0 0.1015625 0.23671875 0.0328125 0.04375
0 0.07890625 0.31796875 0.0296875 0.0515625
0 0.24375 0.309375 0.0359375 0.065625
0 0.290625 0.446875 0.0765625 0.046875
0 0.25390625 0.1640625 0.0421875 0.0328125
0 0.2203125 0.0359375 0.034375 0.071875
0 0.55 0.63046875 0.340625 0.2625
0 0.19765625 0.64375 0.0296875 0.065625
0 0.0953125 0.7453125 0.0171875 0.0484375
0 0.13828125 0.8765625 0.021875 0.040625