0 0.94765625 0.26328125 0.0296875 0.0734375
0 0.95390625 0.15859375 0.0609375 0.0515625
0 0.80234375 0.109375 0.0421875 0.0609375
0 0.96015625 0.0921875 0.03125 0.0515625
0 0.8609375 0.27265625 0.0203125 0.0625
0 0.840625 0.38671875 0.0265625 0.0375
0 0.8984375 0.23671875 0.0328125 0.04375
0 0.92109375 0.31796875 0.0296875 0.0515625
0 0.75625 0.309375 0.0359375 0.065625
0 0.709375 0.446875 0.0765625 0.046875
0 0.74609375 0.1640625 0.0421875 0.0328125
0 0.7796875 0.0359375 0.034375 0.071875
0 0.45 0.63046875 0.340625 0.2625
0 0.80234375 0.64375 0.0296875 0.065625
0 0.9046875 0.7453125 0.0171875 0.0484375
0 0.86171875 0.8765625 0.021875 0.040625