0 0.57265625 0.31796875 0.1765625 0.0921875
0 0.70234375 0.22265625 0.0515625 0.0484375
0 0.63671875 0.1640625 0.053125 0.05625
0 0.56640625 0.23046875 0.10625 0.0890625
0 0.4703125 0.146875 0.1078125 0.0703125
0 0.0171875 0.90234375 0.034375 0.096875
0 0.046875 0.78203125 0.05 0.071875
0 0.2671875 0.92890625 0.1390625 0.0984375
0 0.125 0.98046875 0.071875 0.0390625
0 0.69453125 0.7515625 0.046875 0.0734375
0 0.71640625 0.66640625 0.05 0.0859375
0 0.74375 0.8765625 0.05 0.0796875
0 0.8046875 0.74609375 0.053125 0.0984375
0 0.92578125 0.940625 0.05 0.11875
0 0.91875 0.66796875 0.06875 0.0796875
0 0.83046875 0.84921875 0.1109375 0.103125