0 0.82421875 0.07421875 0.159375 0.09375
0 0.6828125 0.2640625 0.1015625 0.0921875
0 0.228125 0.6359375 0.0625 0.046875
0 0.1484375 0.71796875 0.1 0.0859375
0 0.1703125 0.5921875 0.1390625 0.125
0 0.10078125 0.8609375 0.0546875 0.03125
0 0.09921875 0.90546875 0.0328125 0.0359375
0 0.01953125 0.65859375 0.0390625 0.0359375
0 0.11015625 0.434375 0.090625 0.0625
0 0.334375 0.590625 0.0859375 0.0625
0 0.965625 0.8875 0.06875 0.0671875
0 0.8421875 0.47890625 0.0859375 0.0796875
0 0.69375 0.52265625 0.1203125 0.0921875
0 0.60625 0.75 0.08125 0.0578125
0 0.45078125 0.5078125 0.0625 0.059375
0 0.4796875 0.746875 0.109375 0.103125