0 0.83671875 0.24765625 0.3265625 0.4265625
0 0.8296875 0.48125 0.1453125 0.184375
0 0.70078125 0.37890625 0.05625 0.1296875
0 0.62578125 0.53046875 0.1828125 0.21875
0 0.58828125 0.1640625 0.1765625 0.23125
0 0.85703125 0.0453125 0.0890625 0.090625
0 0.021875 0.9390625 0.04375 0.121875
0 0.07421875 0.66796875 0.0921875 0.05625
0 0.89375 0.690625 0.0578125 0.028125
0 0.62265625 0.77109375 0.05 0.0265625
0 0.834375 0.7953125 0.0640625 0.03125
0 0.68359375 0.90625 0.0515625 0.0296875
0 0.86796875 0.8296875 0.0484375 0.0328125
0 0.88984375 0.66484375 0.046875 0.0265625