0 0.40390625 0.15 0.0890625 0.13125
0 0.35234375 0.30625 0.1265625 0.1109375
0 0.315625 0.4015625 0.053125 0.09375
0 0.59765625 0.19609375 0.0671875 0.10625
0 0.69375 0.034375 0.071875 0.06875
0 0.49921875 0.225 0.0859375 0.0828125
0 0.48515625 0.08359375 0.08125 0.0953125
0 0.84609375 0.21328125 0.1015625 0.1203125
0 0.95859375 0.04453125 0.0828125 0.0890625
0 0.80234375 0.42734375 0.103125 0.0421875
0 0.19765625 0.82265625 0.0296875 0.096875
0 0.1015625 0.66484375 0.0328125 0.10625
0 0.20859375 0.6359375 0.01875 0.0703125
0 0.153125 0.74765625 0.0328125 0.109375
0 0.0453125 0.53125 0.03125 0.1234375
0 0.14375 0.58984375 0.0578125 0.134375
0 0.225 0.71796875 0.0234375 0.075
0 0.646875 0.6765625 0.359375 0.1703125
0 0.709375 0.6109375 0.128125 0.0875
0 0.646875 0.5375 0.0828125 0.08125
0 0.71796875 0.49296875 0.14375 0.0890625
0 0.53671875 0.50546875 0.1234375 0.1140625
0 0.37421875 0.703125 0.0640625 0.09375
0 0.31484375 0.68828125 0.0515625 0.0859375
0 0.37109375 0.565625 0.0515625 0.0671875
0 0.43984375 0.6109375 0.059375 0.0828125