0 0.8640625 0.1 0.06875 0.08125
0 0.909375 0.3421875 0.0671875 0.0546875
0 0.9796875 0.290625 0.040625 0.09375
0 0.2609375 0.7140625 0.1390625 0.2296875
0 0.084375 0.38671875 0.053125 0.034375
0 0.4921875 0.89453125 0.0453125 0.1125
0 0.14609375 0.61796875 0.0984375 0.184375
0 0.1171875 0.77421875 0.109375 0.18125
0 0.86640625 0.71953125 0.184375 0.1609375
0 0.67578125 0.88984375 0.0828125 0.0578125
0 0.684375 0.5609375 0.0953125 0.096875
0 0.70390625 0.6484375 0.0703125 0.0515625
0 0.7171875 0.95078125 0.0984375 0.0984375
0 0.628125 0.8328125 0.0859375 0.09375
0 0.9328125 0.90859375 0.0515625 0.046875
0 0.8359375 0.88515625 0.06875 0.0671875
0 0.7890625 0.84609375 0.0453125 0.0453125