0 0.17578125 0.07421875 0.159375 0.09375
0 0.3171875 0.2640625 0.1015625 0.0921875
0 0.771875 0.6359375 0.0625 0.046875
0 0.8515625 0.71796875 0.1 0.0859375
0 0.8296875 0.5921875 0.1390625 0.125
0 0.89921875 0.8609375 0.0546875 0.03125
0 0.90078125 0.90546875 0.0328125 0.0359375
0 0.98046875 0.65859375 0.0390625 0.0359375
0 0.88984375 0.434375 0.090625 0.0625
0 0.665625 0.590625 0.0859375 0.0625
0 0.034375 0.8875 0.06875 0.0671875
0 0.1578125 0.47890625 0.0859375 0.0796875
0 0.30625 0.52265625 0.1203125 0.0921875
0 0.39375 0.75 0.08125 0.0578125
0 0.54921875 0.5078125 0.0625 0.059375
0 0.5203125 0.746875 0.109375 0.103125