0 0.85546875 0.309375 0.15 0.1359375
0 0.88046875 0.39609375 0.1515625 0.134375
0 0.30546875 0.21171875 0.096875 0.1109375
0 0.44453125 0.228125 0.075 0.059375
0 0.05390625 0.2921875 0.04375 0.0609375
0 0.3578125 0.209375 0.0796875 0.0796875
0 0.17890625 0.24453125 0.078125 0.075
0 0.35234375 0.2921875 0.075 0.05625
0 0.28984375 0.30390625 0.06875 0.0875
0 0.92109375 0.68828125 0.0484375 0.065625
0 0.8765625 0.8046875 0.06875 0.0921875
0 0.41171875 0.68359375 0.1015625 0.1703125
0 0.22109375 0.9828125 0.103125 0.034375
0 0.371875 0.88203125 0.109375 0.125
0 0.3046875 0.66796875 0.0890625 0.1015625
0 0.275 0.5921875 0.05625 0.065625
0 0.0953125 0.63671875 0.0953125 0.084375