0 0.72265625 0.31171875 0.10625 0.09375
0 0.68203125 0.165625 0.071875 0.040625
0 0.81015625 0.375 0.0890625 0.0796875
0 0.55234375 0.1375 0.040625 0.04375
0 0.5671875 0.0375 0.059375 0.075
0 0.9234375 0.1921875 0.04375 0.0453125
0 0.190625 0.6703125 0.065625 0.103125
0 0.275 0.81875 0.0671875 0.090625
0 0.3625 0.6578125 0.059375 0.1265625
0 0.41015625 0.9875 0.0375 0.025
0 0.97578125 0.73046875 0.0484375 0.15
0 0.7921875 0.628125 0.075 0.1125
0 0.95703125 0.60234375 0.059375 0.09375
0 0.89453125 0.64609375 0.0515625 0.0671875