0 0.33125 0.28515625 0.0375 0.075
0 0.23203125 0.31796875 0.03125 0.0671875
0 0.18359375 0.246875 0.03125 0.0609375
0 0.1609375 0.36484375 0.028125 0.0828125
0 0.328125 0.53046875 0.0328125 0.0390625
0 0.10859375 0.1671875 0.01875 0.0375
0 0.63125 0.47578125 0.175 0.19375
0 0.86171875 0.41953125 0.140625 0.1953125
0 0.84453125 0.2125 0.125 0.19375
0 0.4546875 0.05 0.0296875 0.1
0 0.52109375 0.04453125 0.0625 0.0890625
0 0.290625 0.72421875 0.171875 0.159375
0 0.28046875 0.65 0.146875 0.040625
0 0.09921875 0.74609375 0.1984375 0.2328125