0 0.8578125 0.18671875 0.0421875 0.06875
0 0.76875 0.15078125 0.028125 0.0671875
0 0.6796875 0.10703125 0.025 0.053125
0 0.80390625 0.15546875 0.0421875 0.0640625
0 0.2265625 0.15390625 0.0984375 0.128125
0 0.4421875 0.3859375 0.0953125 0.0921875
0 0.2796875 0.30859375 0.05 0.06875
0 0.54140625 0.2546875 0.0609375 0.0796875
0 0.415625 0.06953125 0.11875 0.1140625
0 0.79140625 0.9640625 0.0640625 0.071875
0 0.7921875 0.684375 0.05625 0.0703125
0 0.7421875 0.76640625 0.08125 0.0734375
0 0.7171875 0.68984375 0.078125 0.0671875
0 0.73125 0.6421875 0.0609375 0.0515625
0 0.6875 0.9078125 0.059375 0.046875
0 0.3984375 0.7578125 0.10625 0.0875
0 0.51484375 0.534375 0.1203125 0.1125
0 0.37734375 0.5 0.109375 0.103125
0 0.58125 0.59765625 0.0796875 0.1109375
0 0.46171875 0.6859375 0.05 0.0734375