0 0.3078125 0.08203125 0.1078125 0.0828125
0 0.178125 0.20703125 0.0953125 0.071875
0 0.290625 0.2109375 0.0625 0.059375
0 0.27890625 0.390625 0.05625 0.0390625
0 0.48984375 0.01640625 0.0828125 0.0328125
0 0.17890625 0.12734375 0.1140625 0.096875
0 0.040625 0.125 0.075 0.0921875
0 0.43359375 0.125 0.1265625 0.13125
0 0.4578125 0.33046875 0.1 0.071875
0 0.33984375 0.240625 0.075 0.0640625
0 0.75078125 0.2796875 0.06875 0.1265625
0 0.87421875 0.04453125 0.065625 0.0890625
0 0.77421875 0.1328125 0.034375 0.065625
0 0.9453125 0.146875 0.04375 0.0796875
0 0.87734375 0.33046875 0.0828125 0.1171875
0 0.4140625 0.665625 0.16875 0.20625
0 0.56171875 0.5203125 0.05625 0.1015625
0 0.5828125 0.60703125 0.034375 0.1046875
0 0.69765625 0.7171875 0.028125 0.065625
0 0.73203125 0.965625 0.015625 0.034375