0 0.14453125 0.1390625 0.040625 0.0515625
0 0.23359375 0.11640625 0.0265625 0.0515625
0 0.32421875 0.0875 0.025 0.040625
0 0.1984375 0.11796875 0.0421875 0.046875
0 0.4390625 0.2640625 0.05 0.0953125
0 0.65546875 0.321875 0.0734375 0.0359375
0 0.471875 0.0640625 0.0734375 0.078125
0 0.7421875 0.0953125 0.0296875 0.05
0 0.578125 0.17578125 0.0828125 0.075
0 0.67734375 0.1546875 0.075 0.071875
0 0.5234375 0.2171875 0.0671875 0.0734375
0 0.6125 0.28125 0.0328125 0.0484375
0 0.21953125 0.8171875 0.0375 0.09375
0 0.16953125 0.61328125 0.0390625 0.090625
0 0.14296875 0.5015625 0.0234375 0.1203125
0 0.14765625 0.75546875 0.0203125 0.10625
0 0.3 0.6484375 0.03125 0.1046875
0 0.26875 0.7484375 0.0390625 0.2234375
0 0.34140625 0.7328125 0.028125 0.1171875
0 0.63359375 0.4328125 0.1484375 0.1859375
0 0.796875 0.72578125 0.1203125 0.1671875