0 0.371875 0.43515625 0.0453125 0.05
0 0.26796875 0.271875 0.0375 0.0921875
0 0.7578125 0.0203125 0.0328125 0.040625
0 0.9515625 0.24375 0.04375 0.0578125
0 0.7671875 0.30703125 0.04375 0.0734375
0 0.6875 0.3 0.034375 0.0578125
0 0.62578125 0.23359375 0.075 0.09375
0 0.00703125 0.59765625 0.0140625 0.08125
0 0.0125 0.6953125 0.025 0.08125
0 0.31875 0.51484375 0.0640625 0.08125
0 0.3359375 0.73359375 0.0953125 0.1234375
0 0.38671875 0.53359375 0.13125 0.146875
0 0.265625 0.49296875 0.0609375 0.0671875
0 0.2125 0.49609375 0.053125 0.0703125
0 0.90078125 0.68828125 0.06875 0.0671875
0 0.6140625 0.60078125 0.0546875 0.0546875
0 0.6015625 0.47578125 0.0421875 0.03125
0 0.571875 0.75859375 0.05625 0.0625
0 0.7828125 0.83828125 0.040625 0.0421875
0 0.60859375 0.67734375 0.0546875 0.053125
0 0.7953125 0.6390625 0.078125 0.0703125
0 0.8359375 0.73125 0.0546875 0.05
0 0.65625 0.57421875 0.0765625 0.0703125