0 0.3625 0.103125 0.13125 0.1171875
0 0.47421875 0.28046875 0.11875 0.1015625
0 0.34765625 0.26015625 0.0828125 0.0796875
0 0.3109375 0.47421875 0.06875 0.0515625
0 0.49375 0.1859375 0.14375 0.134375
0 0.63671875 0.2125 0.084375 0.11875
0 0.21328125 0.12421875 0.1671875 0.171875
0 0.13125 0.36328125 0.121875 0.103125
0 0.2859375 0.28359375 0.09375 0.0875
0 0.7703125 0.0375 0.0640625 0.075
0 0.7375 0.09609375 0.0546875 0.075
0 0.89375 0.47265625 0.0578125 0.05625
0 0.97265625 0.0296875 0.0546875 0.059375
0 0.91484375 0.03125 0.0984375 0.0625
0 0.796875 0.1390625 0.059375 0.1125
0 0.72265625 0.1875 0.0671875 0.1109375
0 0.69375 0.2421875 0.028125 0.1484375
0 0.68984375 0.12734375 0.0203125 0.1171875
0 0.7609375 0.37265625 0.0828125 0.1109375
0 0.765625 0.26171875 0.0796875 0.1125
0 0.82734375 0.48046875 0.0578125 0.040625
0 0.90390625 0.35703125 0.0671875 0.096875
0 0.91953125 0.2375 0.059375 0.0859375
0 0.09921875 0.60546875 0.1984375 0.2125
0 0.13828125 0.8578125 0.21875 0.228125
0 0.0890625 0.7203125 0.1328125 0.1296875
0 0.82890625 0.75078125 0.1375 0.19375