0 0.328125 0.121875 0.065625 0.075
0 0.221875 0.065625 0.0453125 0.0515625
0 0.33359375 0.28515625 0.04375 0.0484375
0 0.13515625 0.29609375 0.0453125 0.0578125
0 0.45625 0.35546875 0.0484375 0.0796875
0 0.06640625 0.17421875 0.0671875 0.0609375
0 0.28984375 0.4609375 0.059375 0.04375
0 0.328125 0.36875 0.0640625 0.0609375
0 0.48359375 0.20078125 0.0515625 0.0859375
0 0.03671875 0.3859375 0.071875 0.078125
0 0.58359375 0.4609375 0.0484375 0.059375
0 0.9671875 0.49609375 0.065625 0.0640625
0 0.840625 0.44921875 0.0703125 0.0875
0 0.95 0.28046875 0.1 0.0796875
0 0.1734375 0.8609375 0.1203125 0.128125
0 0.15546875 0.971875 0.05625 0.05625
0 0.465625 0.84609375 0.0984375 0.134375
0 0.35859375 0.9515625 0.06875 0.065625
0 0.30859375 0.85 0.0671875 0.0578125
0 0.30859375 0.7546875 0.084375 0.071875
0 0.715625 0.80625 0.078125 0.1296875
0 0.76484375 0.671875 0.059375 0.0859375
0 0.87890625 0.628125 0.078125 0.125
0 0.6640625 0.60625 0.0375 0.10625