0 0.2046875 0.47578125 0.0546875 0.0921875
0 0.115625 0.49765625 0.0375 0.0625
0 0.25234375 0.303125 0.0375 0.0578125
0 0.11640625 0.21640625 0.0390625 0.06875
0 0.35859375 0.271875 0.0453125 0.0984375
0 0.03515625 0.32265625 0.05625 0.078125
0 0.26875 0.09609375 0.046875 0.05625
0 0.27109375 0.21015625 0.053125 0.078125
0 0.33515625 0.4484375 0.046875 0.1
0 0.071875 0.08203125 0.0609375 0.096875
0 0.96875 0.19609375 0.0625 0.1078125
0 0.759375 0.15 0.1546875 0.240625
0 0.85546875 0.1578125 0.0984375 0.1203125
0 0.91640625 0.37421875 0.1265625 0.103125
0 0.71484375 0.840625 0.1171875 0.11875
0 0.48125 0.615625 0.0375 0.015625
0 0.76875 0.7125 0.04375 0.065625