0 0.29296875 0.5140625 0.0640625 0.14375
0 0.19609375 0.44765625 0.05625 0.109375
0 0.17265625 0.28125 0.0484375 0.096875
0 0.2890625 0.3203125 0.0484375 0.1109375
0 0.26640625 0.16328125 0.053125 0.128125
0 0.4109375 0.5796875 0.0515625 0.115625
0 0.14609375 0.17734375 0.0546875 0.15625
0 0.13515625 0.33125 0.046875 0.08125
0 0.9328125 0.3171875 0.0515625 0.08125
0 0.7984375 0.15 0.0484375 0.053125
0 0.79921875 0.51796875 0.046875 0.0859375
0 0.76484375 0.36640625 0.0390625 0.0984375
0 0.73515625 0.62734375 0.0515625 0.071875
0 0.7125 0.384375 0.0546875 0.09375
0 0.68125 0.3359375 0.0546875 0.103125
0 0.63984375 0.41171875 0.046875 0.0625
0 0.6453125 0.49140625 0.053125 0.0640625
0 0.69453125 0.56171875 0.059375 0.0828125
0 0.253125 0.86640625 0.09375 0.053125
0 0.196875 0.92109375 0.0421875 0.028125
0 0.3140625 0.86171875 0.0515625 0.034375
0 0.16328125 0.89375 0.0640625 0.040625