0 0.478125 0.10234375 0.0671875 0.028125
0 0.16484375 0.1046875 0.0765625 0.0375
0 0.05390625 0.103125 0.1078125 0.0609375
0 0.55859375 0.1109375 0.0671875 0.0328125
0 0.5265625 0.0671875 0.0421875 0.0171875
0 0.2671875 0.13984375 0.0875 0.0328125
0 0.115625 0.03828125 0.06875 0.028125
0 0.25390625 0.04375 0.0734375 0.028125
0 0.16640625 0.1453125 0.0703125 0.028125
0 0.98515625 0.0265625 0.0296875 0.053125
0 0.63125 0.12421875 0.04375 0.103125
0 0.32578125 0.7359375 0.0640625 0.1015625
0 0.1390625 0.3953125 0.0484375 0.0703125
0 0.31875 0.5375 0.046875 0.0984375
0 0.2609375 0.4296875 0.06875 0.1078125
0 0.2859375 0.2203125 0.053125 0.0625
0 0.08515625 0.31875 0.06875 0.0828125
0 0.1734375 0.2234375 0.05625 0.06875
0 0.6359375 0.76484375 0.053125 0.165625
0 0.93359375 0.56171875 0.1328125 0.2359375
0 0.73203125 0.52421875 0.1171875 0.1609375