0 0.671875 0.121875 0.065625 0.075
0 0.778125 0.065625 0.0453125 0.0515625
0 0.66640625 0.28515625 0.04375 0.0484375
0 0.86484375 0.29609375 0.0453125 0.0578125
0 0.54375 0.35546875 0.0484375 0.0796875
0 0.93359375 0.17421875 0.0671875 0.0609375
0 0.71015625 0.4609375 0.059375 0.04375
0 0.671875 0.36875 0.0640625 0.0609375
0 0.51640625 0.20078125 0.0515625 0.0859375
0 0.96328125 0.3859375 0.071875 0.078125
0 0.41640625 0.4609375 0.0484375 0.059375
0 0.0328125 0.49609375 0.065625 0.0640625
0 0.159375 0.44921875 0.0703125 0.0875
0 0.05 0.28046875 0.1 0.0796875
0 0.8265625 0.8609375 0.1203125 0.128125
0 0.84453125 0.971875 0.05625 0.05625
0 0.534375 0.84609375 0.0984375 0.134375
0 0.64140625 0.9515625 0.06875 0.065625
0 0.69140625 0.85 0.0671875 0.0578125
0 0.69140625 0.7546875 0.084375 0.071875
0 0.284375 0.80625 0.078125 0.1296875
0 0.23515625 0.671875 0.059375 0.0859375
0 0.12109375 0.628125 0.078125 0.125
0 0.3359375 0.60625 0.0375 0.10625