0 0.7265625 0.2390625 0.05 0.0953125
0 0.30078125 0.2921875 0.25 0.3265625
0 0.4640625 0.371875 0.0375 0.0921875
0 0.7421875 0.7359375 0.046875 0.0828125
0 0.89375 0.82890625 0.034375 0.075
0 0.66796875 0.59453125 0.0328125 0.0546875
0 0.66875 0.63828125 0.03125 0.0515625
0 0.92578125 0.75859375 0.0328125 0.0703125
0 0.80859375 0.96171875 0.0546875 0.0765625
0 0.95703125 0.82109375 0.06875 0.146875
0 0.83671875 0.7328125 0.0515625 0.115625
0 0.7890625 0.9015625 0.0484375 0.0875
0 0.7796875 0.73046875 0.04375 0.0796875
0 0.625 0.5203125 0.059375 0.0625
0 0.70078125 0.84609375 0.046875 0.0671875
0 0.6984375 0.50390625 0.0375 0.03125
0 0.86171875 0.6078125 0.028125 0.05625
0 0.86484375 0.82578125 0.034375 0.0734375
0 0.065625 0.60546875 0.0765625 0.1375
0 0.2171875 0.84296875 0.0046875 0.009375
0 0.21875 0.7890625 0.0125 0.0109375
0 0.03515625 0.5 0.0359375 0.021875