0 0.2734375 0.2390625 0.05 0.0953125
0 0.69921875 0.2921875 0.25 0.3265625
0 0.5359375 0.371875 0.0375 0.0921875
0 0.2578125 0.7359375 0.046875 0.0828125
0 0.10625 0.82890625 0.034375 0.075
0 0.33203125 0.59453125 0.0328125 0.0546875
0 0.33125 0.63828125 0.03125 0.0515625
0 0.07421875 0.75859375 0.0328125 0.0703125
0 0.19140625 0.96171875 0.0546875 0.0765625
0 0.04296875 0.82109375 0.06875 0.146875
0 0.16328125 0.7328125 0.0515625 0.115625
0 0.2109375 0.9015625 0.0484375 0.0875
0 0.2203125 0.73046875 0.04375 0.0796875
0 0.375 0.5203125 0.059375 0.0625
0 0.29921875 0.84609375 0.046875 0.0671875
0 0.3015625 0.50390625 0.0375 0.03125
0 0.13828125 0.6078125 0.028125 0.05625
0 0.13515625 0.82578125 0.034375 0.0734375
0 0.934375 0.60546875 0.0765625 0.1375
0 0.7828125 0.84296875 0.0046875 0.009375
0 0.78125 0.7890625 0.0125 0.0109375
0 0.96484375 0.5 0.0359375 0.021875