0 0.8265625 0.23203125 0.0328125 0.0421875
0 0.89140625 0.159375 0.0453125 0.05625
0 0.74453125 0.1828125 0.0859375 0.1203125
0 0.92734375 0.1875 0.03125 0.034375
0 0.8109375 0.26875 0.0328125 0.0453125
0 0.35859375 0.06640625 0.0828125 0.1015625
0 0.28046875 0.08984375 0.0703125 0.0640625
0 0.4234375 0.23046875 0.0609375 0.065625
0 0.2359375 0.1828125 0.084375 0.0875
0 0.375 0.29921875 0.1 0.096875
0 0.05078125 0.246875 0.0796875 0.0734375
0 0.78125 0.7953125 0.0515625 0.071875
0 0.63515625 0.58984375 0.0296875 0.078125
0 0.7078125 0.9484375 0.0703125 0.103125
0 0.8484375 0.80703125 0.0515625 0.0890625
0 0.7875 0.71328125 0.0578125 0.078125
0 0.32734375 0.825 0.2234375 0.2875
0 0.51171875 0.93125 0.2171875 0.1375
0 0.40703125 0.92890625 0.1328125 0.128125