0 0.1875 0.171875 0.375 0.2984375
0 0.2984375 0.303125 0.1609375 0.1265625
0 0.109375 0.38359375 0.21875 0.1734375
0 0.22890625 0.41015625 0.240625 0.1671875
0 0.43984375 0.3734375 0.2046875 0.1390625
0 0.5171875 0.1578125 0.1140625 0.096875
0 0.4296875 0.54765625 0.09375 0.1203125
0 0.35390625 0.50078125 0.1703125 0.1390625
0 0.2953125 0.46640625 0.1375 0.11875
0 0.44921875 0.26953125 0.128125 0.09375
0 0.63515625 0.27890625 0.05 0.078125
0 0.24296875 0.8984375 0.11875 0.121875
0 0.38671875 0.671875 0.1078125 0.065625
0 0.2546875 0.76484375 0.0625 0.0625
0 0.5125 0.72734375 0.0734375 0.078125
0 0.4421875 0.90625 0.134375 0.1203125
0 0.84453125 0.85 0.09375 0.125
0 0.93828125 0.825 0.06875 0.084375
0 0.778125 0.91953125 0.1234375 0.1609375
0 0.80546875 0.68828125 0.0703125 0.0828125