0 0.65625 0.3234375 0.3078125 0.43125
0 0.3953125 0.24921875 0.2875 0.41875
0 0.128125 0.35625 0.13125 0.1828125
0 0.12109375 0.1140625 0.1703125 0.228125
0 0.2453125 0.08203125 0.1859375 0.1640625
0 0.42265625 0.0359375 0.0875 0.071875
0 0.9328125 0.34453125 0.0203125 0.115625
0 0.8375 0.19375 0.0234375 0.0875
0 0.97265625 0.24375 0.0171875 0.121875
0 0.8546875 0.14375 0.0125 0.0765625
0 0.87109375 0.240625 0.0109375 0.0640625
0 0.93125 0.12578125 0.009375 0.046875
0 0.9203125 0.0640625 0.0078125 0.0453125
0 0.89453125 0.05234375 0.0078125 0.0359375
0 0.23828125 0.55234375 0.0734375 0.025
0 0.134375 0.7109375 0.0625 0.0640625
0 0.3859375 0.5625 0.0734375 0.046875
0 0.3046875 0.571875 0.0765625 0.0640625
0 0.26875 0.8421875 0.065625 0.0640625
0 0.0578125 0.73515625 0.0484375 0.05625
0 0.63203125 0.90703125 0.0546875 0.05625
0 0.51484375 0.8375 0.0625 0.0734375
0 0.5359375 0.978125 0.08125 0.04375
0 0.2796875 0.8984375 0.0515625 0.05
0 0.58671875 0.73515625 0.0828125 0.08125