0 0.3859375 0.19765625 0.2890625 0.3953125
0 0.1328125 0.4234375 0.1328125 0.1421875
0 0.85 0.15625 0.059375 0.075
0 0.7296875 0.4828125 0.1328125 0.175
0 0.78671875 0.06015625 0.0484375 0.0859375
0 0.7765625 0.1859375 0.0515625 0.0890625
0 0.68671875 0.24375 0.115625 0.1265625
0 0.6953125 0.1265625 0.1359375 0.146875
0 0.19140625 0.8 0.0640625 0.065625
0 0.9546875 0.8296875 0.034375 0.0578125
0 0.77265625 0.72578125 0.028125 0.046875
0 0.78046875 0.67265625 0.03125 0.0546875
0 0.80703125 0.79453125 0.03125 0.0515625
0 0.83125 0.71015625 0.034375 0.0625
0 0.90859375 0.8265625 0.0359375 0.103125
0 0.8875 0.6515625 0.040625 0.0546875
0 0.85078125 0.76875 0.0640625 0.0734375