0 0.7484375 0.0921875 0.1859375 0.1046875
0 0.759375 0.4453125 0.18125 0.0796875
0 0.6953125 0.35234375 0.209375 0.0984375
0 0.58828125 0.4578125 0.115625 0.096875
0 0.453125 0.3296875 0.1453125 0.0734375
0 0.5984375 0.24453125 0.1515625 0.1046875
0 0.2546875 0.0546875 0.0921875 0.109375
0 0.3265625 0.2484375 0.10625 0.1984375
0 0.20859375 0.2796875 0.1109375 0.14375
0 0.0421875 0.325 0.084375 0.1671875
0 0.7359375 0.93359375 0.0828125 0.0609375
0 0.83046875 0.8328125 0.06875 0.0671875
0 0.74140625 0.809375 0.0625 0.0703125
0 0.59375 0.78515625 0.103125 0.0484375
0 0.6265625 0.71484375 0.06875 0.0265625
0 0.49296875 0.6234375 0.096875 0.0359375
0 0.753125 0.68359375 0.0640625 0.0859375
0 0.8203125 0.60546875 0.0734375 0.03125
0 0.21796875 0.93359375 0.0515625 0.0609375
0 0.2765625 0.8328125 0.0421875 0.0671875
0 0.22109375 0.809375 0.0390625 0.0703125
0 0.13046875 0.78515625 0.0625 0.0484375
0 0.1515625 0.71484375 0.0421875 0.0265625
0 0.06953125 0.6234375 0.0609375 0.0359375
0 0.22890625 0.68359375 0.0390625 0.0859375
0 0.2703125 0.60546875 0.04375 0.03125