0 0.51953125 0.37265625 0.15 0.2078125
0 0.2484375 0.384375 0.1078125 0.1515625
0 0.4140625 0.3046875 0.08125 0.1234375
0 0.4078125 0.14453125 0.0609375 0.0796875
0 0.159375 0.30625 0.0375 0.053125
0 0.25625 0.46484375 0.0484375 0.0609375
0 0.2546875 0.515625 0.059375 0.0734375
0 0.2703125 0.58828125 0.096875 0.1140625
0 0.16875 0.59140625 0.075 0.1140625
0 0.1875 0.63125 0.0921875 0.034375
0 0.0875 0.6203125 0.0390625 0.0578125
0 0.21171875 0.19375 0.0625 0.096875
0 0.2828125 0.178125 0.0640625 0.096875
0 0.3078125 0.3484375 0.0515625 0.115625
0 0.346875 0.45390625 0.059375 0.08125
0 0.35546875 0.30078125 0.065625 0.128125
0 0.4265625 0.45546875 0.06875 0.0890625
0 0.3578125 0.03359375 0.0625 0.0671875
0 0.35 0.1328125 0.0375 0.0546875
0 0.3625 0.18359375 0.03125 0.0515625
0 0.4203125 0.22109375 0.0625 0.09375
0 0.4453125 0.39140625 0.04375 0.0703125
0 0.3296875 0.4140625 0.1 0.103125
0 0.17421875 0.5078125 0.0734375 0.096875
0 0.853125 0.2734375 0.0703125 0.1921875
0 0.653125 0.6984375 0.0328125 0.08125
0 0.584375 0.69765625 0.06875 0.08125
0 0.4609375 0.7890625 0.065625 0.071875
0 0.46953125 0.659375 0.053125 0.021875
0 0.39375 0.696875 0.0578125 0.071875
0 0.29296875 0.73984375 0.0609375 0.0625
0 0.24140625 0.690625 0.0765625 0.075
0 0.3390625 0.659375 0.0515625 0.021875
0 0.5015625 0.725 0.0609375 0.090625
0 0.93671875 0.84609375 0.0890625 0.14375
0 0.88671875 0.98671875 0.0921875 0.0265625