0 0.80234375 0.384375 0.2046875 0.390625
0 0.178125 0.34765625 0.0625 0.0734375
0 0.3328125 0.3015625 0.0515625 0.065625
0 0.37890625 0.20625 0.053125 0.059375
0 0.45234375 0.28828125 0.0484375 0.078125
0 0.26953125 0.55 0.053125 0.0390625
0 0.4578125 0.084375 0.028125 0.0359375
0 0.92265625 0.8453125 0.0765625 0.1578125
0 0.746875 0.71796875 0.0546875 0.15625
0 0.83515625 0.9046875 0.05625 0.184375
0 0.81796875 0.67578125 0.075 0.1859375
0 0.91875 0.75234375 0.025 0.0578125
0 0.24921875 0.8046875 0.2578125 0.2234375
0 0.39765625 0.70859375 0.05 0.0546875