0 0.3046875 0.2796875 0.1265625 0.0953125
0 0.3890625 0.17109375 0.0828125 0.0453125
0 0.19140625 0.3015625 0.10625 0.08125
0 0.53671875 0.1953125 0.046875 0.0421875
0 0.546875 0.09921875 0.0734375 0.0875
0 0.11640625 0.10625 0.053125 0.0453125
0 0.9453125 0.0875 0.0984375 0.1125
0 0.84375 0.21640625 0.04375 0.040625
0 0.8546875 0.040625 0.0390625 0.0359375
0 0.8625 0.3296875 0.0546875 0.046875
0 0.86796875 0.259375 0.053125 0.071875
0 0.8171875 0.17578125 0.046875 0.065625
0 0.98515625 0.2234375 0.0265625 0.034375
0 0.93203125 0.209375 0.0359375 0.046875
0 0.90546875 0.18203125 0.025 0.03125
0 0.9328125 0.38828125 0.0421875 0.05
0 0.95703125 0.3125 0.03125 0.034375
0 0.89375 0.38671875 0.05 0.046875
0 0.48984375 0.49921875 0.0625 0.0796875
0 0.29453125 0.9625 0.0671875 0.075
0 0.34296875 0.5015625 0.078125 0.071875
0 0.5203125 0.92109375 0.046875 0.0734375
0 0.75859375 0.5359375 0.0765625 0.09375
0 0.7953125 0.81875 0.0453125 0.05625
0 0.8921875 0.55546875 0.0875 0.09375
0 0.8 0.640625 0.059375 0.065625