0 0.459375 0.17890625 0.421875 0.3578125
0 0.9265625 0.4234375 0.0921875 0.1109375
0 0.990625 0.13828125 0.01875 0.128125
0 0.19453125 0.97421875 0.0484375 0.0515625
0 0.240625 0.68828125 0.075 0.09375
0 0.33515625 0.63203125 0.09375 0.08125
0 0.234375 0.8 0.065625 0.065625
0 0.29375 0.7765625 0.0515625 0.0578125
0 0.43046875 0.734375 0.115625 0.13125
0 0.45234375 0.58984375 0.0578125 0.0671875
0 0.146875 0.8546875 0.065625 0.0640625
0 0.36796875 0.746875 0.0703125 0.0671875
0 0.34375 0.86328125 0.0859375 0.0625
0 0.23828125 0.88125 0.075 0.0875
0 0.7015625 0.58671875 0.0625 0.215625
0 0.96484375 0.80390625 0.0703125 0.253125
0 0.96875 0.9484375 0.053125 0.0796875