0 0.39921875 0.33359375 0.178125 0.171875
0 0.17265625 0.38046875 0.1453125 0.078125
0 0.69609375 0.3640625 0.0359375 0.0375
0 0.790625 0.30703125 0.0359375 0.0390625
0 0.615625 0.20390625 0.028125 0.0296875
0 0.753125 0.22578125 0.028125 0.03125
0 0.6625 0.1296875 0.0359375 0.053125
0 0.71640625 0.29453125 0.028125 0.040625
0 0.6453125 0.203125 0.0234375 0.0375
0 0.346875 0.75390625 0.165625 0.2359375
0 0.33828125 0.70859375 0.071875 0.071875
0 0.34609375 0.790625 0.0546875 0.0859375
0 0.24921875 0.76796875 0.06875 0.0765625
0 0.1140625 0.6109375 0.0625 0.0671875
0 0.22265625 0.60546875 0.05625 0.05625
0 0.08359375 0.903125 0.06875 0.0640625
0 0.06328125 0.8484375 0.0796875 0.0703125
0 0.115625 0.83359375 0.075 0.0671875
0 0.22421875 0.9109375 0.0578125 0.0640625
0 0.13515625 0.875 0.0734375 0.065625
0 0.17578125 0.83671875 0.075 0.0703125
0 0.103125 0.94765625 0.0859375 0.078125
0 0.67890625 0.66484375 0.03125 0.0578125
0 0.7609375 0.81796875 0.028125 0.05
0 0.6375 0.8828125 0.0234375 0.04375
0 0.81796875 0.465625 0.03125 0.071875
0 0.7734375 0.66796875 0.0328125 0.0453125
0 0.7921875 0.715625 0.0359375 0.046875
0 0.678125 0.78828125 0.0265625 0.0453125
0 0.70703125 0.76796875 0.015625 0.05
0 0.9265625 0.51640625 0.05625 0.071875
0 0.66640625 0.87109375 0.025 0.0453125
0 0.74765625 0.771875 0.0234375 0.04375
0 0.72578125 0.80234375 0.028125 0.059375
0 0.7015625 0.859375 0.0234375 0.0453125
0 0.63515625 0.79609375 0.025 0.0453125
0 0.725 0.8640625 0.025 0.04375
0 0.78359375 0.82890625 0.0359375 0.059375
0 0.8484375 0.79375 0.025 0.0453125
0 0.88046875 0.4640625 0.028125 0.0578125
0 0.88203125 0.52109375 0.03125 0.0625