0 0.2515625 0.0921875 0.1859375 0.1046875
0 0.240625 0.4453125 0.18125 0.0796875
0 0.3046875 0.35234375 0.209375 0.0984375
0 0.41171875 0.4578125 0.115625 0.096875
0 0.546875 0.3296875 0.1453125 0.0734375
0 0.4015625 0.24453125 0.1515625 0.1046875
0 0.7453125 0.0546875 0.0921875 0.109375
0 0.6734375 0.2484375 0.10625 0.1984375
0 0.79140625 0.2796875 0.1109375 0.14375
0 0.9578125 0.325 0.084375 0.1671875
0 0.2640625 0.93359375 0.0828125 0.0609375
0 0.16953125 0.8328125 0.06875 0.0671875
0 0.25859375 0.809375 0.0625 0.0703125
0 0.40625 0.78515625 0.103125 0.0484375
0 0.3734375 0.71484375 0.06875 0.0265625
0 0.50703125 0.6234375 0.096875 0.0359375
0 0.246875 0.68359375 0.0640625 0.0859375
0 0.1796875 0.60546875 0.0734375 0.03125
0 0.78203125 0.93359375 0.0515625 0.0609375
0 0.7234375 0.8328125 0.0421875 0.0671875
0 0.77890625 0.809375 0.0390625 0.0703125
0 0.86953125 0.78515625 0.0625 0.0484375
0 0.8484375 0.71484375 0.0421875 0.0265625
0 0.93046875 0.6234375 0.0609375 0.0359375
0 0.77109375 0.68359375 0.0390625 0.0859375
0 0.7296875 0.60546875 0.04375 0.03125