0 0.04375 0.39921875 0.0859375 0.2203125
0 0.709375 0.3671875 0.175 0.15625
0 0.040625 0.53984375 0.08125 0.059375
0 0.30078125 0.5625 0.0734375 0.0859375
0 0.01953125 0.94296875 0.0390625 0.065625
0 0.28984375 0.77109375 0.0625 0.0671875
0 0.1484375 0.659375 0.0578125 0.0875
0 0.0765625 0.9171875 0.05 0.0828125
0 0.9296875 0.9625 0.05625 0.0609375
0 0.790625 0.703125 0.0421875 0.040625
0 0.9484375 0.83046875 0.0375 0.0625
0 0.9046875 0.7484375 0.059375 0.0640625
0 0.95859375 0.61015625 0.046875 0.0515625
0 0.746875 0.64296875 0.0640625 0.0453125
0 0.84609375 0.59453125 0.05 0.046875