0 0.1671875 0.2171875 0.334375 0.321875
0 0.19921875 0.0484375 0.209375 0.096875
0 0.34296875 0.20390625 0.06875 0.1234375
0 0.5171875 0.10234375 0.2578125 0.2046875
0 0.7828125 0.078125 0.0359375 0.084375
0 0.82734375 0.07890625 0.0328125 0.05
0 0.77265625 0.240625 0.028125 0.053125
0 0.86484375 0.1515625 0.0375 0.0703125
0 0.81015625 0.290625 0.046875 0.0765625
0 0.97265625 0.16171875 0.0390625 0.05625
0 0.3859375 0.44375 0.1109375 0.08125
0 0.60078125 0.44296875 0.0703125 0.078125
0 0.34296875 0.86015625 0.103125 0.0953125
0 0.3828125 0.93828125 0.10625 0.0796875
0 0.16171875 0.64453125 0.071875 0.096875
0 0.50859375 0.7171875 0.1171875 0.1109375
0 0.04453125 0.40234375 0.0890625 0.0484375
0 0.040625 0.775 0.08125 0.0953125
0 0.18125 0.40390625 0.0921875 0.0515625
0 0.12109375 0.728125 0.0703125 0.06875
0 0.096875 0.51484375 0.103125 0.096875
0 0.90625 0.5765625 0.078125 0.209375
0 0.71953125 0.84140625 0.053125 0.2203125
0 0.8015625 0.52734375 0.05 0.265625
0 0.803125 0.86875 0.071875 0.259375
0 0.91015625 0.7125 0.0234375 0.08125