0 0.95625 0.39921875 0.0859375 0.2203125
0 0.290625 0.3671875 0.175 0.15625
0 0.959375 0.53984375 0.08125 0.059375
0 0.69921875 0.5625 0.0734375 0.0859375
0 0.98046875 0.94296875 0.0390625 0.065625
0 0.71015625 0.77109375 0.0625 0.0671875
0 0.8515625 0.659375 0.0578125 0.0875
0 0.9234375 0.9171875 0.05 0.0828125
0 0.0703125 0.9625 0.05625 0.0609375
0 0.209375 0.703125 0.0421875 0.040625
0 0.0515625 0.83046875 0.0375 0.0625
0 0.0953125 0.7484375 0.059375 0.0640625
0 0.04140625 0.61015625 0.046875 0.0515625
0 0.253125 0.64296875 0.0640625 0.0453125
0 0.15390625 0.59453125 0.05 0.046875