0 0.15078125 0.36484375 0.23125 0.0703125
0 0.52734375 0.2859375 0.04375 0.0671875
0 0.396875 0.74140625 0.053125 0.0625
0 0.09921875 0.61484375 0.046875 0.0515625
0 0.1125 0.55703125 0.05 0.0609375
0 0.1515625 0.69375 0.0484375 0.0578125
0 0.196875 0.6015625 0.053125 0.0703125
0 0.3203125 0.7359375 0.05625 0.1140625
0 0.29296875 0.5390625 0.0671875 0.059375
0 0.2265625 0.66796875 0.10625 0.0796875
0 0.9203125 0.4796875 0.0890625 0.0953125
0 0.85234375 0.9015625 0.0640625 0.078125
0 0.809375 0.67734375 0.25625 0.1828125