0 0.6953125 0.2796875 0.1265625 0.0953125
0 0.6109375 0.17109375 0.0828125 0.0453125
0 0.80859375 0.3015625 0.10625 0.08125
0 0.46328125 0.1953125 0.046875 0.0421875
0 0.453125 0.09921875 0.0734375 0.0875
0 0.88359375 0.10625 0.053125 0.0453125
0 0.0546875 0.0875 0.0984375 0.1125
0 0.15625 0.21640625 0.04375 0.040625
0 0.1453125 0.040625 0.0390625 0.0359375
0 0.1375 0.3296875 0.0546875 0.046875
0 0.13203125 0.259375 0.053125 0.071875
0 0.1828125 0.17578125 0.046875 0.065625
0 0.01484375 0.2234375 0.0265625 0.034375
0 0.06796875 0.209375 0.0359375 0.046875
0 0.09453125 0.18203125 0.025 0.03125
0 0.0671875 0.38828125 0.0421875 0.05
0 0.04296875 0.3125 0.03125 0.034375
0 0.10625 0.38671875 0.05 0.046875
0 0.51015625 0.49921875 0.0625 0.0796875
0 0.70546875 0.9625 0.0671875 0.075
0 0.65703125 0.5015625 0.078125 0.071875
0 0.4796875 0.92109375 0.046875 0.0734375
0 0.24140625 0.5359375 0.0765625 0.09375
0 0.2046875 0.81875 0.0453125 0.05625
0 0.1078125 0.55546875 0.0875 0.09375
0 0.2 0.640625 0.059375 0.065625