0 0.8125 0.171875 0.375 0.2984375
0 0.7015625 0.303125 0.1609375 0.1265625
0 0.890625 0.38359375 0.21875 0.1734375
0 0.77109375 0.41015625 0.240625 0.1671875
0 0.56015625 0.3734375 0.2046875 0.1390625
0 0.4828125 0.1578125 0.1140625 0.096875
0 0.5703125 0.54765625 0.09375 0.1203125
0 0.64609375 0.50078125 0.1703125 0.1390625
0 0.7046875 0.46640625 0.1375 0.11875
0 0.55078125 0.26953125 0.128125 0.09375
0 0.36484375 0.27890625 0.05 0.078125
0 0.75703125 0.8984375 0.11875 0.121875
0 0.61328125 0.671875 0.1078125 0.065625
0 0.7453125 0.76484375 0.0625 0.0625
0 0.4875 0.72734375 0.0734375 0.078125
0 0.5578125 0.90625 0.134375 0.1203125
0 0.15546875 0.85 0.09375 0.125
0 0.06171875 0.825 0.06875 0.084375
0 0.221875 0.91953125 0.1234375 0.1609375
0 0.19453125 0.68828125 0.0703125 0.0828125