0 0.1875 0.03828125 0.178125 0.0765625
0 0.3859375 0.0515625 0.0875 0.103125
0 0.4453125 0.0296875 0.071875 0.059375
0 0.26484375 0.1046875 0.0859375 0.1
0 0.83125 0.64375 0.10625 0.1375
0 0.80234375 0.8140625 0.121875 0.115625
0 0.84765625 0.915625 0.0640625 0.08125
0 0.7171875 0.77734375 0.0609375 0.084375
0 0.62890625 0.78203125 0.071875 0.075
0 0.61875 0.69453125 0.0640625 0.075
0 0.71484375 0.66171875 0.05625 0.075
0 0.809375 0.54296875 0.0546875 0.084375
0 0.71328125 0.54140625 0.0828125 0.0921875
0 0.25 0.56640625 0.0625 0.115625
0 0.340625 0.603125 0.059375 0.0890625
0 0.35546875 0.4125 0.0421875 0.1234375
0 0.13203125 0.5609375 0.0453125 0.1234375
0 0.09453125 0.59921875 0.04375 0.09375
0 0.1609375 0.46953125 0.0421875 0.10625