0 0.60078125 0.33359375 0.178125 0.171875
0 0.82734375 0.38046875 0.1453125 0.078125
0 0.30390625 0.3640625 0.0359375 0.0375
0 0.209375 0.30703125 0.0359375 0.0390625
0 0.384375 0.20390625 0.028125 0.0296875
0 0.246875 0.22578125 0.028125 0.03125
0 0.3375 0.1296875 0.0359375 0.053125
0 0.28359375 0.29453125 0.028125 0.040625
0 0.3546875 0.203125 0.0234375 0.0375
0 0.653125 0.75390625 0.165625 0.2359375
0 0.66171875 0.70859375 0.071875 0.071875
0 0.65390625 0.790625 0.0546875 0.0859375
0 0.75078125 0.76796875 0.06875 0.0765625
0 0.8859375 0.6109375 0.0625 0.0671875
0 0.77734375 0.60546875 0.05625 0.05625
0 0.91640625 0.903125 0.06875 0.0640625
0 0.93671875 0.8484375 0.0796875 0.0703125
0 0.884375 0.83359375 0.075 0.0671875
0 0.77578125 0.9109375 0.0578125 0.0640625
0 0.86484375 0.875 0.0734375 0.065625
0 0.82421875 0.83671875 0.075 0.0703125
0 0.896875 0.94765625 0.0859375 0.078125
0 0.32109375 0.66484375 0.03125 0.0578125
0 0.2390625 0.81796875 0.028125 0.05
0 0.3625 0.8828125 0.0234375 0.04375
0 0.18203125 0.465625 0.03125 0.071875
0 0.2265625 0.66796875 0.0328125 0.0453125
0 0.2078125 0.715625 0.0359375 0.046875
0 0.321875 0.78828125 0.0265625 0.0453125
0 0.29296875 0.76796875 0.015625 0.05
0 0.0734375 0.51640625 0.05625 0.071875
0 0.33359375 0.87109375 0.025 0.0453125
0 0.25234375 0.771875 0.0234375 0.04375
0 0.27421875 0.80234375 0.028125 0.059375
0 0.2984375 0.859375 0.0234375 0.0453125
0 0.36484375 0.79609375 0.025 0.0453125
0 0.275 0.8640625 0.025 0.04375
0 0.21640625 0.82890625 0.0359375 0.059375
0 0.1515625 0.79375 0.025 0.0453125
0 0.11953125 0.4640625 0.028125 0.0578125
0 0.11796875 0.52109375 0.03125 0.0625