0 0.68125 0.51328125 0.109375 0.103125
0 0.740625 0.32734375 0.36875 0.29375
0 0.4046875 0.071875 0.1015625 0.0984375
0 0.49375 0.1953125 0.0328125 0.0890625
0 0.728125 0.790625 0.1 0.0984375
0 0.68359375 0.98203125 0.0703125 0.0359375
0 0.6234375 0.91484375 0.0625 0.078125
0 0.78828125 0.8765625 0.1140625 0.1125
0 0.85 0.82421875 0.1015625 0.1046875
0 0.8875 0.92265625 0.1109375 0.128125
0 0.91796875 0.7046875 0.1171875 0.11875
0 0.81640625 0.74140625 0.1421875 0.128125
0 0.8421875 0.653125 0.1515625 0.0859375
0 0.9375 0.79765625 0.125 0.1203125
0 0.96796875 0.6609375 0.0625 0.0984375
0 0.63203125 0.81875 0.1234375 0.11875
0 0.70078125 0.9109375 0.1015625 0.103125
0 0.79140625 0.959375 0.1421875 0.08125
0 0.9640625 0.9703125 0.071875 0.059375
0 0.95703125 0.8875 0.0859375 0.128125
0 0.9859375 0.74921875 0.028125 0.121875
0 0.175 0.69921875 0.0703125 0.0609375