0 0.38046875 0.2078125 0.375 0.0921875
0 0.2921875 0.1421875 0.1453125 0.0390625
0 0.48203125 0.128125 0.19375 0.053125
0 0.37890625 0.10625 0.2234375 0.0484375
0 0.17734375 0.0984375 0.1921875 0.040625
0 0.0578125 0.17734375 0.1015625 0.03125
0 0.22421875 0.028125 0.071875 0.046875
0 0.284375 0.05546875 0.1546875 0.0453125
0 0.33125 0.07578125 0.1203125 0.0390625
0 0.14609375 0.1390625 0.1203125 0.0296875
0 0.90703125 0.13515625 0.075 0.053125
0 0.81640625 0.1703125 0.034375 0.0296875
0 0.67109375 0.18515625 0.1109375 0.0703125
0 0.64140625 0.12734375 0.0546875 0.0640625
0 0.759375 0.11640625 0.0578125 0.0484375
0 0.76796875 0.0265625 0.0359375 0.0484375
0 0.85546875 0.02109375 0.1140625 0.0421875
0 0.9296875 0.21796875 0.1265625 0.0796875
0 0.32890625 0.86171875 0.1984375 0.2765625
0 0.43359375 0.6296875 0.1609375 0.25
0 0.85234375 0.56640625 0.0890625 0.1328125
0 0.93671875 0.70546875 0.04375 0.0953125
0 0.6296875 0.60234375 0.03125 0.0515625
0 0.784375 0.634375 0.0546875 0.0640625
0 0.59375 0.56640625 0.0296875 0.075