0 0.81796875 0.140625 0.1296875 0.0625
0 0.6109375 0.18203125 0.190625 0.0484375
0 0.73046875 0.0328125 0.1 0.0421875
0 0.54765625 0.02734375 0.0421875 0.0375
0 0.040625 0.10625 0.08125 0.2125
0 0.17109375 0.1921875 0.059375 0.071875
0 0.1640625 0.0640625 0.06875 0.0875
0 0.0796875 0.16484375 0.04375 0.0828125
0 0.546875 0.69453125 0.1703125 0.1375
0 0.74609375 0.7578125 0.0546875 0.0703125
0 0.1125 0.834375 0.0453125 0.075
0 0.09921875 0.75234375 0.0390625 0.0671875
0 0.01875 0.77734375 0.0203125 0.084375
0 0.2984375 0.43203125 0.0359375 0.08125
0 0.27734375 0.95 0.053125 0.0625
0 0.22109375 0.93984375 0.06875 0.115625
0 0.15390625 0.7390625 0.034375 0.1140625
0 0.10546875 0.653125 0.040625 0.10625
0 0.065625 0.5671875 0.0609375 0.1375
0 0.05078125 0.68671875 0.0375 0.1171875
0 0.171875 0.48515625 0.0578125 0.09375
0 0.153125 0.59765625 0.053125 0.1
0 0.25 0.390625 0.0390625 0.0640625
0 0.28125 0.57109375 0.0453125 0.0859375
0 0.2703125 0.6984375 0.0390625 0.075