0 0.13828125 0.0609375 0.0359375 0.0609375
0 0.46953125 0.1890625 0.0546875 0.0875
0 0.5734375 0.0984375 0.0390625 0.0796875
0 0.4859375 0.1171875 0.04375 0.0578125
0 0.390625 0.29921875 0.0671875 0.078125
0 0.6078125 0.325 0.090625 0.13125
0 0.38203125 0.16640625 0.0421875 0.0890625
0 0.6671875 0.18203125 0.0484375 0.0875
0 0.31640625 0.46484375 0.075 0.1375
0 0.1140625 0.83984375 0.0515625 0.1015625
0 0.1640625 0.68984375 0.021875 0.0640625
0 0.03828125 0.7640625 0.021875 0.0875
0 0.5765625 0.7796875 0.0875 0.0484375
0 0.4546875 0.8375 0.0890625 0.034375
0 0.375 0.75390625 0.0453125 0.059375
0 0.75 0.7234375 0.0546875 0.0578125
0 0.815625 0.72421875 0.059375 0.0421875
0 0.68046875 0.69296875 0.05 0.05