0 0.171875 0.4296875 0.34375 0.278125
0 0.04609375 0.0734375 0.0921875 0.121875
0 0.584375 0.234375 0.059375 0.0640625
0 0.50703125 0.17734375 0.059375 0.0796875
0 0.525 0.02890625 0.04375 0.0484375
0 0.640625 0.32265625 0.053125 0.0671875
0 0.75390625 0.1609375 0.065625 0.0625
0 0.6171875 0.19140625 0.1390625 0.0875
0 0.56796875 0.04765625 0.065625 0.06875
0 0.15859375 0.84140625 0.0984375 0.1140625
0 0.271875 0.87890625 0.1 0.06875
0 0.41640625 0.8734375 0.0671875 0.075
0 0.42265625 0.96484375 0.0546875 0.0703125
0 0.365625 0.94921875 0.04375 0.065625
0 0.1234375 0.70625 0.08125 0.0828125
0 0.415625 0.63203125 0.06875 0.090625
0 0.29140625 0.7671875 0.034375 0.0375
0 0.409375 0.72890625 0.034375 0.0421875
0 0.3203125 0.6890625 0.0375 0.0359375
0 0.32890625 0.74140625 0.0265625 0.046875
0 0.28125 0.93828125 0.0328125 0.0421875
0 0.878125 0.70859375 0.1484375 0.153125
0 0.7109375 0.87734375 0.109375 0.1359375
0 0.8453125 0.96328125 0.1640625 0.0734375