0 0.81328125 0.021875 0.0328125 0.04375
0 0.684375 0.309375 0.046875 0.1078125
0 0.75859375 0.36640625 0.0671875 0.10625
0 0.93125 0.2140625 0.059375 0.1140625
0 0.8046875 0.2078125 0.0375 0.06875
0 0.92578125 0.3765625 0.0765625 0.08125
0 0.7859375 0.0765625 0.028125 0.0484375
0 0.83203125 0.7390625 0.0703125 0.1265625
0 0.790625 0.98203125 0.0546875 0.0359375
0 0.99921875 0.54140625 0.0015625 0.009375
0 0.99609375 0.59375 0.0078125 0.009375
0 0.7265625 0.4890625 0.0375 0.05625
0 0.79140625 0.86484375 0.03125 0.078125
0 0.71796875 0.78515625 0.034375 0.0609375
0 0.70546875 0.7109375 0.0484375 0.075
0 0.6859375 0.8296875 0.0390625 0.071875
0 0.22734375 0.85703125 0.090625 0.0734375
0 0.19296875 0.78671875 0.0765625 0.0640625
0 0.04609375 0.8203125 0.0453125 0.078125
0 0.53984375 0.46796875 0.0765625 0.0765625
0 0.54765625 0.9390625 0.1046875 0.0625
0 0.440625 0.9390625 0.1375 0.1109375
0 0.2953125 0.765625 0.071875 0.10625
0 0.1953125 0.69609375 0.0859375 0.1
0 0.11484375 0.62265625 0.125 0.134375
0 0.096875 0.73359375 0.0765625 0.10625
0 0.3046875 0.534375 0.1171875 0.0921875
0 0.28125 0.6390625 0.1078125 0.096875
0 0.44296875 0.44375 0.078125 0.05
0 0.5203125 0.59609375 0.090625 0.0828125
0 0.5109375 0.71328125 0.08125 0.0734375