0 0.2984375 0.1234375 0.2078125 0.209375
0 0.10234375 0.034375 0.11875 0.06875
0 0.09140625 0.1265625 0.1828125 0.1515625
0 0.9265625 0.19921875 0.0484375 0.034375
0 0.75390625 0.084375 0.0546875 0.028125
0 0.62578125 0.42109375 0.0390625 0.0375
0 0.21796875 0.5609375 0.08125 0.1046875
0 0.3234375 0.72109375 0.071875 0.090625
0 0.23671875 0.73359375 0.046875 0.075
0 0.25234375 0.97421875 0.040625 0.0515625
0 0.07421875 0.478125 0.0625 0.0578125
0 0.31953125 0.6140625 0.084375 0.125
0 0.42578125 0.60078125 0.05625 0.121875
0 0.125 0.6265625 0.0921875 0.16875
0 0.1140625 0.90390625 0.075 0.090625
0 0.20078125 0.77578125 0.053125 0.0828125
0 0.86171875 0.73046875 0.03125 0.05
0 0.81640625 0.74921875 0.0328125 0.05
0 0.7421875 0.71171875 0.0328125 0.0421875
0 0.7640625 0.81640625 0.025 0.0484375
0 0.7171875 0.7890625 0.0265625 0.0453125
0 0.5078125 0.528125 0.04375 0.0609375
0 0.659375 0.7796875 0.028125 0.0359375
0 0.63828125 0.82421875 0.0375 0.04375
0 0.69453125 0.83671875 0.025 0.0328125
0 0.728125 0.9171875 0.0828125 0.0859375
0 0.93125 0.82265625 0.03125 0.0625
0 0.96953125 0.7515625 0.0359375 0.096875
0 0.93125 0.58984375 0.0265625 0.040625
0 0.6390625 0.5171875 0.0359375 0.0578125
0 0.49921875 0.9375 0.0328125 0.03125
0 0.8296875 0.88671875 0.0328125 0.0546875
0 0.7703125 0.746875 0.0265625 0.0625
0 0.8828125 0.5875 0.0328125 0.0484375