0 0.7015625 0.1234375 0.2078125 0.209375
0 0.89765625 0.034375 0.11875 0.06875
0 0.90859375 0.1265625 0.1828125 0.1515625
0 0.0734375 0.19921875 0.0484375 0.034375
0 0.24609375 0.084375 0.0546875 0.028125
0 0.37421875 0.42109375 0.0390625 0.0375
0 0.78203125 0.5609375 0.08125 0.1046875
0 0.6765625 0.72109375 0.071875 0.090625
0 0.76328125 0.73359375 0.046875 0.075
0 0.74765625 0.97421875 0.040625 0.0515625
0 0.92578125 0.478125 0.0625 0.0578125
0 0.68046875 0.6140625 0.084375 0.125
0 0.57421875 0.60078125 0.05625 0.121875
0 0.875 0.6265625 0.0921875 0.16875
0 0.8859375 0.90390625 0.075 0.090625
0 0.79921875 0.77578125 0.053125 0.0828125
0 0.13828125 0.73046875 0.03125 0.05
0 0.18359375 0.74921875 0.0328125 0.05
0 0.2578125 0.71171875 0.0328125 0.0421875
0 0.2359375 0.81640625 0.025 0.0484375
0 0.2828125 0.7890625 0.0265625 0.0453125
0 0.4921875 0.528125 0.04375 0.0609375
0 0.340625 0.7796875 0.028125 0.0359375
0 0.36171875 0.82421875 0.0375 0.04375
0 0.30546875 0.83671875 0.025 0.0328125
0 0.271875 0.9171875 0.0828125 0.0859375
0 0.06875 0.82265625 0.03125 0.0625
0 0.03046875 0.7515625 0.0359375 0.096875
0 0.06875 0.58984375 0.0265625 0.040625
0 0.3609375 0.5171875 0.0359375 0.0578125
0 0.50078125 0.9375 0.0328125 0.03125
0 0.1703125 0.88671875 0.0328125 0.0546875
0 0.2296875 0.746875 0.0265625 0.0625
0 0.1171875 0.5875 0.0328125 0.0484375