0 0.18203125 0.140625 0.1296875 0.0625
0 0.3890625 0.18203125 0.190625 0.0484375
0 0.26953125 0.0328125 0.1 0.0421875
0 0.45234375 0.02734375 0.0421875 0.0375
0 0.959375 0.10625 0.08125 0.2125
0 0.82890625 0.1921875 0.059375 0.071875
0 0.8359375 0.0640625 0.06875 0.0875
0 0.9203125 0.16484375 0.04375 0.0828125
0 0.453125 0.69453125 0.1703125 0.1375
0 0.25390625 0.7578125 0.0546875 0.0703125
0 0.8875 0.834375 0.0453125 0.075
0 0.90078125 0.75234375 0.0390625 0.0671875
0 0.98125 0.77734375 0.0203125 0.084375
0 0.7015625 0.43203125 0.0359375 0.08125
0 0.72265625 0.95 0.053125 0.0625
0 0.77890625 0.93984375 0.06875 0.115625
0 0.84609375 0.7390625 0.034375 0.1140625
0 0.89453125 0.653125 0.040625 0.10625
0 0.934375 0.5671875 0.0609375 0.1375
0 0.94921875 0.68671875 0.0375 0.1171875
0 0.828125 0.48515625 0.0578125 0.09375
0 0.846875 0.59765625 0.053125 0.1
0 0.75 0.390625 0.0390625 0.0640625
0 0.71875 0.57109375 0.0453125 0.0859375
0 0.7296875 0.6984375 0.0390625 0.075