0 0.53203125 0.0203125 0.0546875 0.040625
0 0.746875 0.31171875 0.075 0.0625
0 0.61484375 0.15859375 0.0515625 0.05
0 0.54453125 0.221875 0.065625 0.053125
0 0.509375 0.3203125 0.071875 0.0515625
0 0.62265625 0.26875 0.1125 0.0703125
0 0.52890625 0.175 0.0765625 0.0546875
0 0.54765625 0.1390625 0.059375 0.034375
0 0.675 0.190625 0.040625 0.0421875
0 0.81640625 0.3484375 0.03125 0.03125
0 0.19296875 0.53984375 0.0640625 0.078125
0 0.225 0.85 0.04375 0.0546875
0 0.25234375 0.88125 0.05 0.0578125
0 0.159375 0.7890625 0.04375 0.05
0 0.20234375 0.7875 0.05625 0.0640625
0 0.70546875 0.6875 0.0390625 0.08125