0 0.6328125 0.29609375 0.05 0.05
0 0.56796875 0.28359375 0.046875 0.0375
0 0.9453125 0.20859375 0.0546875 0.0484375
0 0.21953125 0.80859375 0.0609375 0.046875
0 0.225 0.8484375 0.0640625 0.04375
0 0.19296875 0.89296875 0.0625 0.046875
0 0.1671875 0.83828125 0.0609375 0.0484375
0 0.175 0.7984375 0.0515625 0.0359375
0 0.125 0.840625 0.053125 0.04375
0 0.8125 0.80078125 0.0546875 0.0390625
0 0.8796875 0.76015625 0.0625 0.03125
0 0.79296875 0.90703125 0.059375 0.0421875
0 0.82578125 0.93828125 0.0421875 0.0296875
0 0.6421875 0.76328125 0.040625 0.028125
0 0.7453125 0.803125 0.0265625 0.0265625
0 0.6875 0.92265625 0.0296875 0.0171875
0 0.61796875 0.94765625 0.034375 0.0234375