0 0.36015625 0.0484375 0.0984375 0.0734375
0 0.31953125 0.17265625 0.053125 0.065625
0 0.3703125 0.21171875 0.040625 0.0609375
0 0.31953125 0.28828125 0.0640625 0.1140625
0 0.2140625 0.33984375 0.1390625 0.1046875
0 0.20078125 0.253125 0.0875 0.090625
0 0.1 0.290625 0.078125 0.09375
0 0.05859375 0.215625 0.0421875 0.04375
0 0.19375 0.14140625 0.1125 0.0703125
0 0.27890625 0.12890625 0.028125 0.0390625
0 0.2546875 0.05390625 0.078125 0.0703125
0 0.409375 0.15703125 0.08125 0.090625
0 0.79140625 0.15546875 0.0375 0.053125
0 0.83984375 0.2703125 0.028125 0.025
0 0.7890625 0.33515625 0.0234375 0.0359375
0 0.85390625 0.209375 0.0203125 0.046875
0 0.778125 0.22109375 0.0421875 0.059375
0 0.74375 0.20234375 0.0359375 0.05625
0 0.7421875 0.27109375 0.0375 0.075
0 0.69765625 0.14296875 0.04375 0.0640625
0 0.74609375 0.14375 0.0546875 0.0640625
0 0.71875 0.08125 0.0609375 0.0625
0 0.703125 0.20390625 0.046875 0.0625
0 0.75703125 0.3453125 0.04375 0.0625
0 0.66328125 0.1296875 0.034375 0.053125
0 0.8359375 0.15234375 0.046875 0.0625
0 0.8203125 0.22421875 0.0375 0.0546875
0 0.7921875 0.28671875 0.05625 0.0609375
0 0.8421875 0.34609375 0.0546875 0.0890625
0 0.71015625 0.34609375 0.0484375 0.0703125
0 0.696875 0.26953125 0.053125 0.065625
0 0.65859375 0.19296875 0.0359375 0.0703125
0 0.0421875 0.8046875 0.0734375 0.1015625
0 0.10859375 0.7078125 0.040625 0.0921875
0 0.115625 0.92109375 0.0375 0.0703125
0 0.2703125 0.79453125 0.059375 0.0578125
0 0.15 0.52421875 0.059375 0.075
0 0.35703125 0.5796875 0.025 0.0484375
0 0.2234375 0.6390625 0.0671875 0.0734375
0 0.3015625 0.6296875 0.0609375 0.0703125
0 0.17734375 0.6734375 0.0546875 0.071875
0 0.24140625 0.7421875 0.028125 0.046875
0 0.734375 0.4921875 0.0375 0.0625
0 0.7578125 0.5671875 0.028125 0.0609375
0 0.7203125 0.6828125 0.0609375 0.059375
0 0.88671875 0.721875 0.0703125 0.0984375
0 0.94296875 0.4171875 0.0421875 0.034375