0 0.63984375 0.0484375 0.0984375 0.0734375
0 0.68046875 0.17265625 0.053125 0.065625
0 0.6296875 0.21171875 0.040625 0.0609375
0 0.68046875 0.28828125 0.0640625 0.1140625
0 0.7859375 0.33984375 0.1390625 0.1046875
0 0.79921875 0.253125 0.0875 0.090625
0 0.9 0.290625 0.078125 0.09375
0 0.94140625 0.215625 0.0421875 0.04375
0 0.80625 0.14140625 0.1125 0.0703125
0 0.72109375 0.12890625 0.028125 0.0390625
0 0.7453125 0.05390625 0.078125 0.0703125
0 0.590625 0.15703125 0.08125 0.090625
0 0.20859375 0.15546875 0.0375 0.053125
0 0.16015625 0.2703125 0.028125 0.025
0 0.2109375 0.33515625 0.0234375 0.0359375
0 0.14609375 0.209375 0.0203125 0.046875
0 0.221875 0.22109375 0.0421875 0.059375
0 0.25625 0.20234375 0.0359375 0.05625
0 0.2578125 0.27109375 0.0375 0.075
0 0.30234375 0.14296875 0.04375 0.0640625
0 0.25390625 0.14375 0.0546875 0.0640625
0 0.28125 0.08125 0.0609375 0.0625
0 0.296875 0.20390625 0.046875 0.0625
0 0.24296875 0.3453125 0.04375 0.0625
0 0.33671875 0.1296875 0.034375 0.053125
0 0.1640625 0.15234375 0.046875 0.0625
0 0.1796875 0.22421875 0.0375 0.0546875
0 0.2078125 0.28671875 0.05625 0.0609375
0 0.1578125 0.34609375 0.0546875 0.0890625
0 0.28984375 0.34609375 0.0484375 0.0703125
0 0.303125 0.26953125 0.053125 0.065625
0 0.34140625 0.19296875 0.0359375 0.0703125
0 0.9578125 0.8046875 0.0734375 0.1015625
0 0.89140625 0.7078125 0.040625 0.0921875
0 0.884375 0.92109375 0.0375 0.0703125
0 0.7296875 0.79453125 0.059375 0.0578125
0 0.85 0.52421875 0.059375 0.075
0 0.64296875 0.5796875 0.025 0.0484375
0 0.7765625 0.6390625 0.0671875 0.0734375
0 0.6984375 0.6296875 0.0609375 0.0703125
0 0.82265625 0.6734375 0.0546875 0.071875
0 0.75859375 0.7421875 0.028125 0.046875
0 0.265625 0.4921875 0.0375 0.0625
0 0.2421875 0.5671875 0.028125 0.0609375
0 0.2796875 0.6828125 0.0609375 0.059375
0 0.11328125 0.721875 0.0703125 0.0984375
0 0.05703125 0.4171875 0.0421875 0.034375