0 0.47265625 0.33515625 0.0359375 0.153125
0 0.478125 0.04609375 0.025 0.0921875
0 0.39296875 0.365625 0.075 0.1234375
0 0.2078125 0.35546875 0.0765625 0.128125
0 0.62109375 0.3609375 0.0734375 0.1078125
0 0.7 0.3234375 0.0875 0.1296875
0 0.54296875 0.43828125 0.078125 0.0640625
0 0.65078125 0.44296875 0.103125 0.0546875
0 0.5640625 0.2390625 0.0734375 0.1234375
0 0.1109375 0.68671875 0.06875 0.090625
0 0.15546875 0.7984375 0.059375 0.0984375
0 0.14453125 0.4890625 0.078125 0.0375
0 0.1765625 0.54375 0.0359375 0.0546875
0 0.0515625 0.6515625 0.0703125 0.109375
0 0.63046875 0.62890625 0.1359375 0.2171875
0 0.53359375 0.515625 0.0671875 0.0921875
0 0.546875 0.81796875 0.0734375 0.109375
0 0.51953125 0.75078125 0.059375 0.1234375
0 0.93671875 0.54296875 0.1140625 0.146875
0 0.59453125 0.93359375 0.1328125 0.1328125
0 0.81171875 0.9171875 0.0921875 0.165625
0 0.82109375 0.53515625 0.06875 0.1296875
0 0.503125 0.56953125 0.0265625 0.1890625