0 0.70625 0.21328125 0.0515625 0.046875
0 0.6625 0.12109375 0.0625 0.040625
0 0.1203125 0.1640625 0.0625 0.06875
0 0.1734375 0.34765625 0.0484375 0.0625
0 0.34375 0.0140625 0.040625 0.028125
0 0.396875 0.01640625 0.046875 0.0328125
0 0.70859375 0.80390625 0.0640625 0.084375
0 0.8734375 0.52734375 0.0734375 0.1
0 0.78359375 0.725 0.065625 0.103125
0 0.75546875 0.54140625 0.0484375 0.0625
0 0.634375 0.47265625 0.05625 0.0796875
0 0.80078125 0.446875 0.0765625 0.0546875
0 0.65625 0.9171875 0.0578125 0.0859375
0 0.5296875 0.72734375 0.0703125 0.0828125
0 0.67265625 0.75234375 0.1453125 0.121875
0 0.7125 0.5703125 0.0703125 0.0921875