0 0.3390625 0.08203125 0.03125 0.0453125
0 0.19609375 0.18125 0.0296875 0.0421875
0 0.3140625 0.12421875 0.028125 0.0453125
0 0.25 0.0125 0.028125 0.025
0 0.2421875 0.075 0.0421875 0.0609375
0 0.53828125 0.07578125 0.025 0.04375
0 0.86640625 0.17421875 0.053125 0.040625
0 0.75390625 0.1296875 0.053125 0.05
0 0.6203125 0.0796875 0.0515625 0.040625
0 0.75625 0.278125 0.05625 0.0234375
0 0.88203125 0.24921875 0.028125 0.0234375
0 0.92265625 0.2359375 0.03125 0.0265625
0 0.74765625 0.21640625 0.04375 0.0375
0 0.91015625 0.278125 0.0546875 0.0234375
0 0.85859375 0.4203125 0.0640625 0.084375
0 0.8984375 0.521875 0.059375 0.0796875
0 0.69609375 0.56328125 0.1984375 0.2125