0 0.45234375 0.434375 0.0328125 0.05625
0 0.1 0.2375 0.028125 0.0375
0 0.284375 0.2984375 0.0375 0.0421875
0 0.26484375 0.48515625 0.0390625 0.0421875
0 0.21640625 0.2984375 0.040625 0.0546875
0 0.24296875 0.41171875 0.065625 0.0546875
0 0.3578125 0.31953125 0.040625 0.0484375
0 0.7671875 0.12109375 0.0796875 0.08125
0 0.66640625 0.06875 0.05 0.0515625
0 0.75859375 0.33984375 0.0515625 0.08125
0 0.6734375 0.3875 0.0625 0.075
0 0.803125 0.43515625 0.0578125 0.0515625
0 0.703125 0.19921875 0.05625 0.0703125
0 0.6890625 0.4640625 0.0265625 0.040625
0 0.696875 0.4265625 0.0296875 0.0390625
0 0.91875 0.809375 0.1625 0.1171875
0 0.99140625 0.6984375 0.0171875 0.053125
0 0.675 0.79375 0.078125 0.0546875