0 0.29375 0.21328125 0.0515625 0.046875
0 0.3375 0.12109375 0.0625 0.040625
0 0.8796875 0.1640625 0.0625 0.06875
0 0.8265625 0.34765625 0.0484375 0.0625
0 0.65625 0.0140625 0.040625 0.028125
0 0.603125 0.01640625 0.046875 0.0328125
0 0.29140625 0.80390625 0.0640625 0.084375
0 0.1265625 0.52734375 0.0734375 0.1
0 0.21640625 0.725 0.065625 0.103125
0 0.24453125 0.54140625 0.0484375 0.0625
0 0.365625 0.47265625 0.05625 0.0796875
0 0.19921875 0.446875 0.0765625 0.0546875
0 0.34375 0.9171875 0.0578125 0.0859375
0 0.4703125 0.72734375 0.0703125 0.0828125
0 0.32734375 0.75234375 0.1453125 0.121875
0 0.2875 0.5703125 0.0703125 0.0921875