0 0.7703125 0.19375 0.0625 0.1015625
0 0.67265625 0.3765625 0.04375 0.090625
0 0.6703125 0.440625 0.040625 0.0171875
0 0.821875 0.284375 0.034375 0.05
0 0.7921875 0.39140625 0.04375 0.0671875
0 0.7453125 0.38125 0.0421875 0.0671875
0 0.2296875 0.259375 0.059375 0.0453125
0 0.10703125 0.27578125 0.075 0.0765625
0 0.434375 0.27109375 0.046875 0.0390625
0 0.0515625 0.16796875 0.04375 0.0609375
0 0.028125 0.2109375 0.028125 0.0359375
0 0.15859375 0.24140625 0.0453125 0.0421875
0 0.2734375 0.39375 0.04375 0.0328125
0 0.1875 0.39375 0.0359375 0.028125
0 0.2734375 0.28359375 0.0390625 0.0328125
0 0.228125 0.3078125 0.0421875 0.0421875
0 0.2375 0.28125 0.028125 0.028125
0 0.284375 0.228125 0.0421875 0.0375
0 0.5953125 0.525 0.071875 0.1484375
0 0.84609375 0.73984375 0.125 0.18125
0 0.80859375 0.84140625 0.05625 0.0796875
0 0.66875 0.89375 0.078125 0.1015625
0 0.0640625 0.77734375 0.05625 0.06875
0 0.0703125 0.8515625 0.065625 0.075
0 0.0203125 0.83203125 0.040625 0.0484375
0 0.5171875 0.89296875 0.078125 0.0734375
0 0.0921875 0.65390625 0.1078125 0.10625
0 0.384375 0.62734375 0.059375 0.08125
0 0.54609375 0.80625 0.028125 0.0703125
0 0.5171875 0.78984375 0.05625 0.071875