0 0.54765625 0.434375 0.0328125 0.05625
0 0.9 0.2375 0.028125 0.0375
0 0.715625 0.2984375 0.0375 0.0421875
0 0.73515625 0.48515625 0.0390625 0.0421875
0 0.78359375 0.2984375 0.040625 0.0546875
0 0.75703125 0.41171875 0.065625 0.0546875
0 0.6421875 0.31953125 0.040625 0.0484375
0 0.2328125 0.12109375 0.0796875 0.08125
0 0.33359375 0.06875 0.05 0.0515625
0 0.24140625 0.33984375 0.0515625 0.08125
0 0.3265625 0.3875 0.0625 0.075
0 0.196875 0.43515625 0.0578125 0.0515625
0 0.296875 0.19921875 0.05625 0.0703125
0 0.3109375 0.4640625 0.0265625 0.040625
0 0.303125 0.4265625 0.0296875 0.0390625
0 0.08125 0.809375 0.1625 0.1171875
0 0.00859375 0.6984375 0.0171875 0.053125
0 0.325 0.79375 0.078125 0.0546875