0 0.10859375 0.07109375 0.0515625 0.0375
0 0.31015625 0.0125 0.0578125 0.025
0 0.25078125 0.01484375 0.0625 0.0296875
0 0.190625 0.1515625 0.0546875 0.0375
0 0.05078125 0.078125 0.0421875 0.0328125
0 0.4484375 0.215625 0.04375 0.0328125
0 0.371875 0.1703125 0.0515625 0.0421875
0 0.36875 0.240625 0.0640625 0.0171875
0 0.19296875 0.18359375 0.040625 0.0296875
0 0.43671875 0.1203125 0.0671875 0.046875
0 0.65703125 0.08671875 0.065625 0.0859375
0 0.609375 0.11328125 0.021875 0.1
0 0.19296875 0.73203125 0.075 0.1
0 0.2578125 0.8125 0.059375 0.0828125
0 0.765625 0.4671875 0.034375 0.1109375
0 0.8234375 0.69453125 0.04375 0.1234375
0 0.7296875 0.87109375 0.04375 0.1
0 0.73359375 0.76640625 0.0359375 0.0890625
0 0.63828125 0.7890625 0.028125 0.06875
0 0.68671875 0.865625 0.034375 0.0765625
0 0.796875 0.6015625 0.03125 0.0890625
0 0.68828125 0.40703125 0.0421875 0.1015625
0 0.67265625 0.765625 0.0265625 0.0640625
0 0.74296875 0.58515625 0.0359375 0.090625
0 0.87421875 0.37265625 0.028125 0.0796875
0 0.86796875 0.70625 0.0390625 0.096875
0 0.84296875 0.43671875 0.046875 0.1421875
0 0.884375 0.62109375 0.0375 0.1
0 0.8015625 0.66875 0.03125 0.0890625
0 0.690625 0.6890625 0.03125 0.075
0 0.93671875 0.43203125 0.046875 0.115625