0 0.18671875 0.20078125 0.053125 0.0703125
0 0.16484375 0.290625 0.0640625 0.046875
0 0.28984375 0.30234375 0.0421875 0.0484375
0 0.50546875 0.3046875 0.0515625 0.0546875
0 0.7453125 0.22265625 0.0453125 0.0390625
0 0.81484375 0.1625 0.046875 0.0328125
0 0.7015625 0.1984375 0.0375 0.0421875
0 0.45546875 0.0171875 0.0609375 0.034375
0 0.90390625 0.26171875 0.0515625 0.05
0 0.68515625 0.015625 0.0578125 0.03125
0 0.815625 0.09921875 0.04375 0.0546875
0 0.2875 0.59609375 0.0671875 0.1015625
0 0.240625 0.7390625 0.0421875 0.0859375
0 0.10234375 0.55703125 0.0359375 0.0703125
0 0.02109375 0.49609375 0.0265625 0.0578125
0 0.30234375 0.67109375 0.0546875 0.0765625
0 0.640625 0.5859375 0.1078125 0.08125
0 0.7765625 0.54609375 0.0890625 0.0703125