0 0.6609375 0.08203125 0.03125 0.0453125
0 0.80390625 0.18125 0.0296875 0.0421875
0 0.6859375 0.12421875 0.028125 0.0453125
0 0.75 0.0125 0.028125 0.025
0 0.7578125 0.075 0.0421875 0.0609375
0 0.46171875 0.07578125 0.025 0.04375
0 0.13359375 0.17421875 0.053125 0.040625
0 0.24609375 0.1296875 0.053125 0.05
0 0.3796875 0.0796875 0.0515625 0.040625
0 0.24375 0.278125 0.05625 0.0234375
0 0.11796875 0.24921875 0.028125 0.0234375
0 0.07734375 0.2359375 0.03125 0.0265625
0 0.25234375 0.21640625 0.04375 0.0375
0 0.08984375 0.278125 0.0546875 0.0234375
0 0.14140625 0.4203125 0.0640625 0.084375
0 0.1015625 0.521875 0.059375 0.0796875
0 0.30390625 0.56328125 0.1984375 0.2125