0 0.009375 0.228125 0.01875 0.0328125
0 0.3625 0.18046875 0.021875 0.0203125
0 0.1875 0.1796875 0.0296875 0.021875
0 0.1640625 0.29765625 0.0328125 0.021875
0 0.246875 0.19375 0.0296875 0.0296875
0 0.1984375 0.2578125 0.0546875 0.025
0 0.1171875 0.178125 0.03125 0.025
0 0.7796875 0.28125 0.1390625 0.103125
0 0.1703125 0.4953125 0.0609375 0.0609375
0 0.2015625 0.78359375 0.0328125 0.046875
0 0.28359375 0.81875 0.0328125 0.053125
0 0.31171875 0.8578125 0.0203125 0.05625
0 0.23671875 0.77265625 0.0390625 0.05
0 0.12421875 0.809375 0.0296875 0.05625
0 0.05625 0.47109375 0.0390625 0.034375
0 0.184375 0.38203125 0.0796875 0.0453125