0 0.3875 0.53671875 0.0375 0.078125
0 0.421875 0.284375 0.03125 0.0671875
0 0.2953125 0.5453125 0.0390625 0.05625
0 0.3421875 0.5125 0.0390625 0.0859375
0 0.3203125 0.1625 0.0328125 0.065625
0 0.4640625 0.23203125 0.0234375 0.0640625
0 0.0921875 0.18828125 0.0265625 0.0609375
0 0.1734375 0.23828125 0.03125 0.0796875
0 0.1359375 0.05703125 0.0421875 0.075
0 0.3046875 0.096875 0.0265625 0.053125
0 0.14765625 0.38359375 0.04375 0.0890625
0 0.7671875 0.4734375 0.0578125 0.0921875
0 0.57578125 0.31171875 0.0328125 0.06875
0 0.66484375 0.12734375 0.0421875 0.059375
0 0.34765625 0.65703125 0.3 0.1546875
0 0.6390625 0.77578125 0.0375 0.0625