0 0.85703125 0.2171875 0.071875 0.1234375
0 0.8765625 0.0765625 0.06875 0.1125
0 0.765625 0.1703125 0.0921875 0.0984375
0 0.42578125 0.09140625 0.1703125 0.1828125
0 0.5484375 0.07890625 0.0859375 0.1578125
0 0.74375 0.528125 0.0203125 0.0703125
0 0.83203125 0.753125 0.01875 0.059375
0 0.82109375 0.80859375 0.0203125 0.06875
0 0.821875 0.6546875 0.01875 0.0640625
0 0.796875 0.7359375 0.0203125 0.0765625
0 0.76875 0.55859375 0.021875 0.125
0 0.7578125 0.7703125 0.025 0.06875
0 0.79375 0.6578125 0.0390625 0.090625
0 0.11015625 0.72578125 0.0171875 0.034375
0 0.4390625 0.56328125 0.065625 0.134375
0 0.2203125 0.46796875 0.0453125 0.0734375
0 0.203125 0.53984375 0.0203125 0.04375