0 0.3671875 0.31640625 0.1578125 0.184375
0 0.70078125 0.15546875 0.0546875 0.071875
0 0.79140625 0.14765625 0.0515625 0.0515625
0 0.31171875 0.7921875 0.109375 0.1234375
0 0.18359375 0.57109375 0.06875 0.0984375
0 0.30078125 0.67578125 0.059375 0.0734375
0 0.2828125 0.4890625 0.0546875 0.0796875
0 0.28203125 0.4265625 0.0765625 0.0375
0 0.01328125 0.675 0.0265625 0.0859375
0 0.0296875 0.6140625 0.0515625 0.1046875
0 0.1015625 0.73046875 0.06875 0.0828125
0 0.0875 0.521875 0.078125 0.096875
0 0.2140625 0.70859375 0.0546875 0.0875
0 0.4828125 0.609375 0.08125 0.1125
0 0.88203125 0.684375 0.0875 0.10625
0 0.94609375 0.66796875 0.0609375 0.0859375
0 0.82890625 0.615625 0.1 0.11875
0 0.88515625 0.54453125 0.0453125 0.059375
0 0.92578125 0.50859375 0.046875 0.0734375
0 0.5796875 0.49296875 0.0984375 0.140625
0 0.59921875 0.665625 0.1390625 0.178125
0 0.73046875 0.51015625 0.115625 0.159375
0 0.675 0.44609375 0.0921875 0.075