0 0.34375 0.19453125 0.0125 0.04375
0 0.06875 0.2046875 0.0203125 0.028125
0 0.20390625 0.2296875 0.025 0.03125
0 0.23828125 0.0875 0.028125 0.03125
0 0.159375 0.2046875 0.025 0.040625
0 0.20546875 0.1328125 0.046875 0.0390625
0 0.2578125 0.2421875 0.028125 0.0359375
0 0.628125 0.215625 0.0609375 0.0484375
0 0.62890625 0.109375 0.078125 0.0390625
0 0.203125 0.4984375 0.0390625 0.0640625
0 0.23828125 0.5421875 0.028125 0.075
0 0.21328125 0.67265625 0.025 0.059375
0 0.2046875 0.78203125 0.0296875 0.0578125
0 0.1828125 0.82421875 0.025 0.0625
0 0.09921875 0.7390625 0.0375 0.075
0 0.1359375 0.8515625 0.0296875 0.0453125
0 0.3359375 0.5515625 0.028125 0.0671875
0 0.06484375 0.88125 0.0234375 0.0375
0 0.1296875 0.90078125 0.0328125 0.059375
0 0.9859375 0.57890625 0.028125 0.103125
0 0.759375 0.4890625 0.125 0.078125
0 0.921875 0.54140625 0.0890625 0.1484375
0 0.43359375 0.6515625 0.1671875 0.2109375
0 0.6375 0.58515625 0.121875 0.1515625
0 0.6265625 0.7203125 0.21875 0.153125