0 0.44375 0.2640625 0.0890625 0.1
0 0.18671875 0.15234375 0.08125 0.084375
0 0.3453125 0.1734375 0.075 0.059375
0 0.5890625 0.421875 0.1140625 0.0984375
0 0.290625 0.240625 0.06875 0.08125
0 0.4421875 0.040625 0.090625 0.08125
0 0.96640625 0.1390625 0.0671875 0.0984375
0 0.39375 0.77734375 0.0890625 0.0578125
0 0.2453125 0.95703125 0.109375 0.0734375
0 0.278125 0.80078125 0.0921875 0.0625
0 0.21796875 0.85546875 0.08125 0.0453125
0 0.21171875 0.89921875 0.0640625 0.04375
0 0.9046875 0.92890625 0.025 0.04375
0 0.72265625 0.6265625 0.0109375 0.0328125
0 0.79296875 0.6703125 0.015625 0.04375
0 0.81171875 0.76953125 0.01875 0.053125
0 0.76015625 0.78671875 0.0265625 0.090625
0 0.765625 0.8703125 0.0140625 0.0375
0 0.88828125 0.67265625 0.0234375 0.04375
0 0.690625 0.66875 0.015625 0.05
0 0.7046875 0.76328125 0.0125 0.0421875
0 0.72578125 0.8734375 0.0203125 0.0625