0 0.13125 0.25390625 0.0234375 0.04375
0 0.19375 0.38828125 0.0203125 0.040625
0 0.13828125 0.2953125 0.0203125 0.040625
0 0.19140625 0.23046875 0.021875 0.053125
0 0.184375 0.29140625 0.0296875 0.059375
0 0.0234375 0.16015625 0.01875 0.040625
0 0.20546875 0.15234375 0.040625 0.071875
0 0.73984375 0.06328125 0.2640625 0.1265625
0 0.8546875 0.171875 0.08125 0.078125
0 0.74296875 0.17734375 0.078125 0.071875
0 0.72890625 0.1234375 0.0828125 0.0609375
0 0.6375 0.14140625 0.18125 0.1359375
0 0.2515625 0.809375 0.1234375 0.1484375
0 0.28671875 0.47421875 0.0828125 0.0515625
0 0.3265625 0.6796875 0.0265625 0.125
0 0.49453125 0.68984375 0.071875 0.0671875
0 0.4265625 0.70703125 0.1 0.121875
0 0.37578125 0.7734375 0.0734375 0.0796875
0 0.50234375 0.87578125 0.075 0.1015625
0 0.65703125 0.7671875 0.0828125 0.10625
0 0.834375 0.91484375 0.1046875 0.125
0 0.58671875 0.73984375 0.065625 0.075
0 0.6703125 0.60859375 0.059375 0.0734375
0 0.965625 0.48203125 0.06875 0.0671875
0 0.88671875 0.96640625 0.046875 0.0671875