0 0.22734375 0.2375 0.0859375 0.16875
0 0.0125 0.2953125 0.025 0.08125
0 0.0140625 0.4171875 0.028125 0.0765625
0 0.2171875 0.42265625 0.034375 0.0859375
0 0.54453125 0.32265625 0.08125 0.096875
0 0.79140625 0.14296875 0.0671875 0.0890625
0 0.6921875 0.503125 0.0515625 0.0765625
0 0.88828125 0.30625 0.071875 0.096875
0 0.8140625 0.42265625 0.0671875 0.1109375
0 0.11171875 0.63671875 0.0453125 0.0578125
0 0.125 0.6984375 0.0453125 0.0625
0 0.1796875 0.96484375 0.05 0.0703125
0 0.24765625 0.97265625 0.0765625 0.0546875
0 0.23828125 0.9171875 0.0640625 0.0734375
0 0.0265625 0.77421875 0.053125 0.1609375
0 0.0265625 0.66171875 0.053125 0.1015625
0 0.1171875 0.7796875 0.1265625 0.125
0 0.38671875 0.7875 0.0859375 0.15625
0 0.3015625 0.82265625 0.15 0.1734375
0 0.28125 0.89921875 0.0265625 0.04375
0 0.36796875 0.70859375 0.0421875 0.0625
0 0.1765625 0.8734375 0.0484375 0.0640625
0 0.6234375 0.67578125 0.05625 0.0796875
0 0.684375 0.64765625 0.0640625 0.078125
0 0.50859375 0.6234375 0.1171875 0.0296875
0 0.5 0.68359375 0.1 0.1515625
0 0.8140625 0.87421875 0.1 0.1140625