0 0.81796875 0.2828125 0.0515625 0.1015625
0 0.8578125 0.40234375 0.0640625 0.0703125
0 0.740625 0.45 0.040625 0.0734375
0 0.36875 0.38671875 0.16875 0.225
0 0.25390625 0.20390625 0.0796875 0.134375
0 0.2328125 0.540625 0.09375 0.0359375
0 0.184375 0.4875 0.1140625 0.1234375
0 0.1609375 0.2671875 0.103125 0.2046875
0 0.70859375 0.953125 0.071875 0.0921875
0 0.9390625 0.73359375 0.034375 0.10625
0 0.853125 0.7359375 0.053125 0.1140625
0 0.4078125 0.81875 0.103125 0.0640625
0 0.3078125 0.7296875 0.046875 0.021875
0 0.2859375 0.878125 0.053125 0.040625
0 0.3046875 0.83984375 0.0421875 0.01875
0 0.33828125 0.6609375 0.059375 0.025
0 0.3375 0.70546875 0.053125 0.0421875
0 0.275 0.75234375 0.046875 0.0390625
0 0.46328125 0.73828125 0.028125 0.01875
0 0.403125 0.7421875 0.0390625 0.028125
0 0.371875 0.75625 0.025 0.01875
0 0.4203125 0.63125 0.04375 0.028125
0 0.440625 0.68046875 0.03125 0.01875
0 0.3765625 0.62890625 0.053125 0.025