0 0.89140625 0.07109375 0.0515625 0.0375
0 0.68984375 0.0125 0.0578125 0.025
0 0.74921875 0.01484375 0.0625 0.0296875
0 0.809375 0.1515625 0.0546875 0.0375
0 0.94921875 0.078125 0.0421875 0.0328125
0 0.5515625 0.215625 0.04375 0.0328125
0 0.628125 0.1703125 0.0515625 0.0421875
0 0.63125 0.240625 0.0640625 0.0171875
0 0.80703125 0.18359375 0.040625 0.0296875
0 0.56328125 0.1203125 0.0671875 0.046875
0 0.34296875 0.08671875 0.065625 0.0859375
0 0.390625 0.11328125 0.021875 0.1
0 0.80703125 0.73203125 0.075 0.1
0 0.7421875 0.8125 0.059375 0.0828125
0 0.234375 0.4671875 0.034375 0.1109375
0 0.1765625 0.69453125 0.04375 0.1234375
0 0.2703125 0.87109375 0.04375 0.1
0 0.26640625 0.76640625 0.0359375 0.0890625
0 0.36171875 0.7890625 0.028125 0.06875
0 0.31328125 0.865625 0.034375 0.0765625
0 0.203125 0.6015625 0.03125 0.0890625
0 0.31171875 0.40703125 0.0421875 0.1015625
0 0.32734375 0.765625 0.0265625 0.0640625
0 0.25703125 0.58515625 0.0359375 0.090625
0 0.12578125 0.37265625 0.028125 0.0796875
0 0.13203125 0.70625 0.0390625 0.096875
0 0.15703125 0.43671875 0.046875 0.1421875
0 0.115625 0.62109375 0.0375 0.1
0 0.1984375 0.66875 0.03125 0.0890625
0 0.309375 0.6890625 0.03125 0.075
0 0.06328125 0.43203125 0.046875 0.115625