0 0.86875 0.25390625 0.0234375 0.04375
0 0.80625 0.38828125 0.0203125 0.040625
0 0.86171875 0.2953125 0.0203125 0.040625
0 0.80859375 0.23046875 0.021875 0.053125
0 0.815625 0.29140625 0.0296875 0.059375
0 0.9765625 0.16015625 0.01875 0.040625
0 0.79453125 0.15234375 0.040625 0.071875
0 0.26015625 0.06328125 0.2640625 0.1265625
0 0.1453125 0.171875 0.08125 0.078125
0 0.25703125 0.17734375 0.078125 0.071875
0 0.27109375 0.1234375 0.0828125 0.0609375
0 0.3625 0.14140625 0.18125 0.1359375
0 0.7484375 0.809375 0.1234375 0.1484375
0 0.71328125 0.47421875 0.0828125 0.0515625
0 0.6734375 0.6796875 0.0265625 0.125
0 0.50546875 0.68984375 0.071875 0.0671875
0 0.5734375 0.70703125 0.1 0.121875
0 0.62421875 0.7734375 0.0734375 0.0796875
0 0.49765625 0.87578125 0.075 0.1015625
0 0.34296875 0.7671875 0.0828125 0.10625
0 0.165625 0.91484375 0.1046875 0.125
0 0.41328125 0.73984375 0.065625 0.075
0 0.3296875 0.60859375 0.059375 0.0734375
0 0.034375 0.48203125 0.06875 0.0671875
0 0.11328125 0.96640625 0.046875 0.0671875