0 0.81328125 0.20078125 0.053125 0.0703125
0 0.83515625 0.290625 0.0640625 0.046875
0 0.71015625 0.30234375 0.0421875 0.0484375
0 0.49453125 0.3046875 0.0515625 0.0546875
0 0.2546875 0.22265625 0.0453125 0.0390625
0 0.18515625 0.1625 0.046875 0.0328125
0 0.2984375 0.1984375 0.0375 0.0421875
0 0.54453125 0.0171875 0.0609375 0.034375
0 0.09609375 0.26171875 0.0515625 0.05
0 0.31484375 0.015625 0.0578125 0.03125
0 0.184375 0.09921875 0.04375 0.0546875
0 0.7125 0.59609375 0.0671875 0.1015625
0 0.759375 0.7390625 0.0421875 0.0859375
0 0.89765625 0.55703125 0.0359375 0.0703125
0 0.97890625 0.49609375 0.0265625 0.0578125
0 0.69765625 0.67109375 0.0546875 0.0765625
0 0.359375 0.5859375 0.1078125 0.08125
0 0.2234375 0.54609375 0.0890625 0.0703125