0 0.8765625 0.08515625 0.0734375 0.075
0 0.834375 0.54609375 0.0671875 0.090625
0 0.68125 0.5328125 0.053125 0.065625
0 0.91328125 0.44453125 0.103125 0.1390625
0 0.84921875 0.4015625 0.078125 0.1015625
0 0.7625 0.3390625 0.0890625 0.1171875
0 0.22265625 0.178125 0.0421875 0.0640625
0 0.1140625 0.1734375 0.0484375 0.0484375
0 0.06484375 0.21640625 0.0421875 0.0515625
0 0.09609375 0.2578125 0.059375 0.0765625
0 0.0359375 0.28125 0.053125 0.0671875
0 0.1640625 0.2140625 0.0484375 0.053125
0 0.13125 0.24453125 0.0296875 0.0453125
0 0.18203125 0.28671875 0.059375 0.05625
0 0.2390625 0.396875 0.05 0.059375
0 0.225 0.7640625 0.053125 0.03125
0 0.2359375 0.8234375 0.08125 0.053125
0 0.2828125 0.75625 0.1140625 0.078125
0 0.1953125 0.9046875 0.0421875 0.021875
0 0.175 0.92734375 0.028125 0.021875
0 0.34921875 0.825 0.04375 0.025
0 0.275 0.640625 0.0578125 0.0328125
0 0.396875 0.69140625 0.071875 0.040625
0 0.45625 0.7609375 0.0265625 0.0515625