0 0.55625 0.2640625 0.0890625 0.1
0 0.81328125 0.15234375 0.08125 0.084375
0 0.6546875 0.1734375 0.075 0.059375
0 0.4109375 0.421875 0.1140625 0.0984375
0 0.709375 0.240625 0.06875 0.08125
0 0.5578125 0.040625 0.090625 0.08125
0 0.03359375 0.1390625 0.0671875 0.0984375
0 0.60625 0.77734375 0.0890625 0.0578125
0 0.7546875 0.95703125 0.109375 0.0734375
0 0.721875 0.80078125 0.0921875 0.0625
0 0.78203125 0.85546875 0.08125 0.0453125
0 0.78828125 0.89921875 0.0640625 0.04375
0 0.0953125 0.92890625 0.025 0.04375
0 0.27734375 0.6265625 0.0109375 0.0328125
0 0.20703125 0.6703125 0.015625 0.04375
0 0.18828125 0.76953125 0.01875 0.053125
0 0.23984375 0.78671875 0.0265625 0.090625
0 0.234375 0.8703125 0.0140625 0.0375
0 0.11171875 0.67265625 0.0234375 0.04375
0 0.309375 0.66875 0.015625 0.05
0 0.2953125 0.76328125 0.0125 0.0421875
0 0.27421875 0.8734375 0.0203125 0.0625