0 0.2296875 0.19375 0.0625 0.1015625
0 0.32734375 0.3765625 0.04375 0.090625
0 0.3296875 0.440625 0.040625 0.0171875
0 0.178125 0.284375 0.034375 0.05
0 0.2078125 0.39140625 0.04375 0.0671875
0 0.2546875 0.38125 0.0421875 0.0671875
0 0.7703125 0.259375 0.059375 0.0453125
0 0.89296875 0.27578125 0.075 0.0765625
0 0.565625 0.27109375 0.046875 0.0390625
0 0.9484375 0.16796875 0.04375 0.0609375
0 0.971875 0.2109375 0.028125 0.0359375
0 0.84140625 0.24140625 0.0453125 0.0421875
0 0.7265625 0.39375 0.04375 0.0328125
0 0.8125 0.39375 0.0359375 0.028125
0 0.7265625 0.28359375 0.0390625 0.0328125
0 0.771875 0.3078125 0.0421875 0.0421875
0 0.7625 0.28125 0.028125 0.028125
0 0.715625 0.228125 0.0421875 0.0375
0 0.4046875 0.525 0.071875 0.1484375
0 0.15390625 0.73984375 0.125 0.18125
0 0.19140625 0.84140625 0.05625 0.0796875
0 0.33125 0.89375 0.078125 0.1015625
0 0.9359375 0.77734375 0.05625 0.06875
0 0.9296875 0.8515625 0.065625 0.075
0 0.9796875 0.83203125 0.040625 0.0484375
0 0.4828125 0.89296875 0.078125 0.0734375
0 0.9078125 0.65390625 0.1078125 0.10625
0 0.615625 0.62734375 0.059375 0.08125
0 0.45390625 0.80625 0.028125 0.0703125
0 0.4828125 0.78984375 0.05625 0.071875