0 0.0625 0.08828125 0.034375 0.071875
0 0.06171875 0.290625 0.028125 0.0609375
0 0.12890625 0.04921875 0.034375 0.05625
0 0.0984375 0.09140625 0.034375 0.078125
0 0.146875 0.34453125 0.03125 0.0625
0 0.03671875 0.34453125 0.021875 0.0546875
0 0.3078125 0.24375 0.0234375 0.0546875
0 0.24453125 0.23515625 0.028125 0.071875
0 0.28828125 0.35859375 0.0375 0.06875
0 0.16328125 0.38828125 0.0234375 0.0515625
0 0.25 0.11640625 0.0375 0.0796875
0 0.60546875 0.43515625 0.084375 0.028125
0 0.95078125 0.2640625 0.0703125 0.1484375
0 0.778125 0.21953125 0.0875 0.1078125
0 0.228125 0.725 0.0609375 0.0796875
0 0.2390625 0.9515625 0.046875 0.071875
0 0.534375 0.825 0.090625 0.14375
0 0.578125 0.54453125 0.0765625 0.128125
0 0.44375 0.69453125 0.075 0.1171875
0 0.9453125 0.9359375 0.0765625 0.1171875