0 0.1375 0.26015625 0.0203125 0.040625
0 0.89609375 0.26875 0.0140625 0.0328125
0 0.8484375 0.2921875 0.0375 0.0703125
0 0.83984375 0.4203125 0.0171875 0.0328125
0 0.7671875 0.0453125 0.0234375 0.05
0 0.18359375 0.4765625 0.01875 0.0328125
0 0.17265625 0.53046875 0.0453125 0.0703125
0 0.88984375 0.596875 0.0203125 0.04375
0 0.78203125 0.5984375 0.015625 0.0421875
0 0.2765625 0.634375 0.03125 0.040625
0 0.23359375 0.71640625 0.015625 0.03125
0 0.49296875 0.7234375 0.0203125 0.03125
0 0.9234375 0.76953125 0.0203125 0.040625
0 0.14140625 0.7921875 0.025 0.0375
0 0.76015625 0.8203125 0.046875 0.065625