0 0.79765625 0.1890625 0.0203125 0.0578125
0 0.68359375 0.34609375 0.025 0.0328125
0 0.80390625 0.4109375 0.0125 0.040625
0 0.68984375 0.475 0.0265625 0.0421875
0 0.81171875 0.55078125 0.0296875 0.0578125
0 0.5484375 0.590625 0.015625 0.028125
0 0.64609375 0.596875 0.03125 0.0515625
0 0.78359375 0.62578125 0.05 0.0625
0 0.6765625 0.653125 0.053125 0.0515625
0 0.50546875 0.67421875 0.0328125 0.0703125
0 0.8171875 0.69375 0.0328125 0.040625
0 0.39140625 0.69765625 0.0609375 0.0671875
0 0.6125 0.6984375 0.0390625 0.0375
0 0.72578125 0.7375 0.0375 0.109375
0 0.49921875 0.88828125 0.0359375 0.034375
0 0.71484375 0.11328125 0.0328125 0.0375
0 0.7640625 0.1546875 0.021875 0.0359375