0 0.534375 0.59765625 0.0640625 0.0671875
0 0.5640625 0.71015625 0.059375 0.0671875
0 0.3125 0.73359375 0.0265625 0.03125
0 0.43046875 0.7515625 0.08125 0.0984375
0 0.61484375 0.75859375 0.0328125 0.0421875
0 0.55625 0.8 0.075 0.0625
0 0.4171875 0.8515625 0.0640625 0.0828125
0 0.52421875 0.8796875 0.075 0.0671875
0 0.36328125 0.96171875 0.0328125 0.0265625
0 0.78359375 0.31015625 0.090625 0.1078125
0 0.68984375 0.384375 0.0203125 0.040625
0 0.43828125 0.3921875 0.04375 0.046875
0 0.50234375 0.46171875 0.0203125 0.0421875
0 0.23515625 0.47421875 0.021875 0.0359375
0 0.58828125 0.4921875 0.0328125 0.0421875