0 0.3625 0.04453125 0.09375 0.0625
0 0.271875 0.09765625 0.0328125 0.0453125
0 0.51640625 0.09921875 0.028125 0.040625
0 0.42109375 0.121875 0.0234375 0.040625
0 0.4953125 0.15078125 0.0234375 0.0359375
0 0.446875 0.17734375 0.046875 0.0453125
0 0.17890625 0.21015625 0.0421875 0.0484375
0 0.23515625 0.2234375 0.0328125 0.040625
0 0.371875 0.2609375 0.0546875 0.0703125
0 0.271875 0.2984375 0.0234375 0.021875
0 0.2046875 0.31875 0.1125 0.1328125
0 0.48359375 0.33203125 0.028125 0.0453125
0 0.44453125 0.4046875 0.0515625 0.040625