0 0.20234375 0.1890625 0.0203125 0.0578125
0 0.31640625 0.34609375 0.025 0.0328125
0 0.19609375 0.4109375 0.0125 0.040625
0 0.31015625 0.475 0.0265625 0.0421875
0 0.18828125 0.55078125 0.0296875 0.0578125
0 0.4515625 0.590625 0.015625 0.028125
0 0.35390625 0.596875 0.03125 0.0515625
0 0.21640625 0.62578125 0.05 0.0625
0 0.3234375 0.653125 0.053125 0.0515625
0 0.49453125 0.67421875 0.0328125 0.0703125
0 0.1828125 0.69375 0.0328125 0.040625
0 0.60859375 0.69765625 0.0609375 0.0671875
0 0.3875 0.6984375 0.0390625 0.0375
0 0.27421875 0.7375 0.0375 0.109375
0 0.50078125 0.88828125 0.0359375 0.034375
0 0.28515625 0.11328125 0.0328125 0.0375
0 0.2359375 0.1546875 0.021875 0.0359375