0 0.815625 0.57578125 0.03125 0.10625
0 0.1734375 0.58671875 0.028125 0.0734375
0 0.66953125 0.63203125 0.05625 0.175
0 0.56796875 0.67734375 0.0359375 0.0625
0 0.30390625 0.68828125 0.034375 0.1171875
0 0.709375 0.83671875 0.0421875 0.1125
0 0.2296875 0.8453125 0.053125 0.1296875
0 0.584375 0.87890625 0.05625 0.2421875
0 0.47578125 0.90703125 0.0234375 0.0625
0 0.44921875 0.96875 0.0625 0.0625
0 0.140625 0.33125 0.0375 0.090625
0 0.64921875 0.37109375 0.0421875 0.1359375
0 0.725 0.40703125 0.059375 0.1625