0 0.24375 0.3546875 0.03125 0.0453125
0 0.2484375 0.040625 0.028125 0.053125
0 0.3296875 0.45703125 0.059375 0.1375
0 0.71640625 0.56015625 0.090625 0.1484375
0 0.47421875 0.57578125 0.034375 0.0734375
0 0.17734375 0.58671875 0.040625 0.0890625
0 0.6 0.58828125 0.065625 0.159375
0 0.37265625 0.66796875 0.0453125 0.1015625
0 0.69921875 0.7203125 0.0390625 0.1125
0 0.16328125 0.90234375 0.025 0.0453125
0 0.55390625 0.90234375 0.090625 0.1953125
0 0.25234375 0.934375 0.0359375 0.0765625
0 0.2203125 0.1203125 0.0328125 0.05625
0 0.07578125 0.18125 0.0390625 0.078125
0 0.3953125 0.184375 0.0296875 0.0453125
0 0.178125 0.20390625 0.04375 0.078125
0 0.6203125 0.26015625 0.0609375 0.084375