0 0.23046875 0.2125 0.0546875 0.0875
0 0.20234375 0.378125 0.040625 0.0546875
0 0.3234375 0.37890625 0.046875 0.05625
0 0.26328125 0.42890625 0.0484375 0.05625
0 0.15859375 0.49296875 0.040625 0.05625
0 0.40703125 0.49453125 0.034375 0.0515625
0 0.32890625 0.52890625 0.028125 0.0671875
0 0.51015625 0.54375 0.0578125 0.0703125
0 0.26875 0.54375 0.034375 0.0578125
0 0.559375 0.5703125 0.0375 0.0578125
0 0.36796875 0.66015625 0.0390625 0.0609375
0 0.26640625 0.6765625 0.0515625 0.09375
0 0.43984375 0.753125 0.0640625 0.084375
0 0.33359375 0.0859375 0.075 0.096875
0 0.51875 0.89140625 0.0734375 0.0515625