0 0.465625 0.59765625 0.0640625 0.0671875
0 0.4359375 0.71015625 0.059375 0.0671875
0 0.6875 0.73359375 0.0265625 0.03125
0 0.56953125 0.7515625 0.08125 0.0984375
0 0.38515625 0.75859375 0.0328125 0.0421875
0 0.44375 0.8 0.075 0.0625
0 0.5828125 0.8515625 0.0640625 0.0828125
0 0.47578125 0.8796875 0.075 0.0671875
0 0.63671875 0.96171875 0.0328125 0.0265625
0 0.21640625 0.31015625 0.090625 0.1078125
0 0.31015625 0.384375 0.0203125 0.040625
0 0.56171875 0.3921875 0.04375 0.046875
0 0.49765625 0.46171875 0.0203125 0.0421875
0 0.76484375 0.47421875 0.021875 0.0359375
0 0.41171875 0.4921875 0.0328125 0.0421875