0 0.8625 0.26015625 0.0203125 0.040625
0 0.10390625 0.26875 0.0140625 0.0328125
0 0.1515625 0.2921875 0.0375 0.0703125
0 0.16015625 0.4203125 0.0171875 0.0328125
0 0.2328125 0.0453125 0.0234375 0.05
0 0.81640625 0.4765625 0.01875 0.0328125
0 0.82734375 0.53046875 0.0453125 0.0703125
0 0.11015625 0.596875 0.0203125 0.04375
0 0.21796875 0.5984375 0.015625 0.0421875
0 0.7234375 0.634375 0.03125 0.040625
0 0.76640625 0.71640625 0.015625 0.03125
0 0.50703125 0.7234375 0.0203125 0.03125
0 0.0765625 0.76953125 0.0203125 0.040625
0 0.85859375 0.7921875 0.025 0.0375
0 0.23984375 0.8203125 0.046875 0.065625