0 0.76953125 0.2125 0.0546875 0.0875
0 0.79765625 0.378125 0.040625 0.0546875
0 0.6765625 0.37890625 0.046875 0.05625
0 0.73671875 0.42890625 0.0484375 0.05625
0 0.84140625 0.49296875 0.040625 0.05625
0 0.59296875 0.49453125 0.034375 0.0515625
0 0.67109375 0.52890625 0.028125 0.0671875
0 0.48984375 0.54375 0.0578125 0.0703125
0 0.73125 0.54375 0.034375 0.0578125
0 0.440625 0.5703125 0.0375 0.0578125
0 0.63203125 0.66015625 0.0390625 0.0609375
0 0.73359375 0.6765625 0.0515625 0.09375
0 0.56015625 0.753125 0.0640625 0.084375
0 0.66640625 0.0859375 0.075 0.096875
0 0.48125 0.89140625 0.0734375 0.0515625