0 0.184375 0.57578125 0.03125 0.10625
0 0.8265625 0.58671875 0.028125 0.0734375
0 0.33046875 0.63203125 0.05625 0.175
0 0.43203125 0.67734375 0.0359375 0.0625
0 0.69609375 0.68828125 0.034375 0.1171875
0 0.290625 0.83671875 0.0421875 0.1125
0 0.7703125 0.8453125 0.053125 0.1296875
0 0.415625 0.87890625 0.05625 0.2421875
0 0.52421875 0.90703125 0.0234375 0.0625
0 0.55078125 0.96875 0.0625 0.0625
0 0.859375 0.33125 0.0375 0.090625
0 0.35078125 0.37109375 0.0421875 0.1359375
0 0.275 0.40703125 0.059375 0.1625