0 0.4484375 0.48359375 0.028125 0.0578125
0 0.9234375 0.51484375 0.0109375 0.015625
0 0.26484375 0.609375 0.0234375 0.0546875
0 0.403125 0.62890625 0.0328125 0.08125
0 0.51796875 0.64375 0.0546875 0.14375
0 0.2328125 0.66640625 0.021875 0.0703125
0 0.4328125 0.79140625 0.0171875 0.0390625
0 0.35 0.80078125 0.0234375 0.0359375
0 0.8140625 0.80390625 0.0234375 0.0359375
0 0.29375 0.87265625 0.025 0.059375
0 0.65390625 0.875 0.034375 0.065625
0 0.50078125 0.8859375 0.0359375 0.0703125
0 0.9234375 0.2015625 0.0203125 0.0359375