0 0.06328125 0.3609375 0.0609375 0.0984375
0 0.9140625 0.4640625 0.028125 0.1078125
0 0.528125 0.47734375 0.0453125 0.065625
0 0.76796875 0.47890625 0.05625 0.0828125
0 0.43515625 0.50234375 0.04375 0.0703125
0 0.08984375 0.5328125 0.059375 0.0796875
0 0.3421875 0.59140625 0.0359375 0.0421875
0 0.20703125 0.62265625 0.0390625 0.075
0 0.85 0.6453125 0.0390625 0.065625
0 0.08359375 0.64609375 0.075 0.0625
0 0.503125 0.7375 0.03125 0.0546875
0 0.29140625 0.7703125 0.05625 0.075
0 0.43203125 0.8859375 0.040625 0.0921875
0 0.521875 0.9203125 0.034375 0.065625
0 0.7578125 0.1609375 0.021875 0.0765625