0 0.64765625 0.33203125 0.0703125 0.0765625
0 0.65625 0.2640625 0.0609375 0.0640625
0 0.55859375 0.23046875 0.0359375 0.071875
0 0.9828125 0.15703125 0.034375 0.0765625
0 0.8046875 0.503125 0.078125 0.03125
0 0.74140625 0.46953125 0.1078125 0.1
0 0.72578125 0.2890625 0.065625 0.096875
0 0.6953125 0.19609375 0.0734375 0.096875
0 0.67734375 0.1078125 0.1046875 0.1296875
0 0.62109375 0.1859375 0.06875 0.1015625
0 0.82734375 0.115625 0.090625 0.0953125
0 0.7703125 0.18671875 0.0859375 0.0984375
0 0.95234375 0.09296875 0.0625 0.0734375
0 0.93046875 0.24765625 0.071875 0.084375
0 0.8765625 0.3328125 0.0640625 0.075
0 0.175 0.23125 0.075 0.0859375
0 0.05390625 0.3109375 0.059375 0.1015625
0 0.81875 0.69609375 0.03125 0.04375
0 0.7734375 0.81171875 0.0375 0.04375
0 0.9109375 0.6984375 0.0390625 0.0578125
0 0.765625 0.653125 0.0390625 0.0515625
0 0.8203125 0.803125 0.034375 0.0453125
0 0.81328125 0.5421875 0.0359375 0.0453125
0 0.890625 0.6171875 0.071875 0.0890625
0 0.16953125 0.8421875 0.103125 0.140625