0 0.34765625 0.24765625 0.0609375 0.0734375
0 0.13125 0.2109375 0.0421875 0.0640625
0 0.4890625 0.1875 0.0421875 0.046875
0 0.471875 0.221875 0.040625 0.0421875
0 0.11875 0.1328125 0.040625 0.0609375
0 0.1796875 0.3921875 0.0671875 0.0875
0 0.0578125 0.1609375 0.084375 0.1296875
0 0.2359375 0.1765625 0.0640625 0.1
0 0.22890625 0.3453125 0.0609375 0.0734375
0 0.3046875 0.215625 0.05625 0.0671875
0 0.57265625 0.14765625 0.075 0.0765625
0 0.35546875 0.3640625 0.0609375 0.05625
0 0.4953125 0.07578125 0.046875 0.0671875
0 0.25234375 0.05859375 0.0359375 0.05
0 0.1671875 0.2296875 0.040625 0.0625
0 0.62734375 0.4203125 0.0359375 0.078125
0 0.27890625 0.796875 0.040625 0.0640625
0 0.28515625 0.47890625 0.0328125 0.0375
0 0.32734375 0.8890625 0.0453125 0.0546875
0 0.7515625 0.7328125 0.0671875 0.18125
0 0.940625 0.84296875 0.059375 0.128125
0 0.85078125 0.740625 0.0234375 0.078125
0 0.95234375 0.97265625 0.0296875 0.0546875
0 0.85390625 0.878125 0.0390625 0.090625