0 0.078125 0.47734375 0.15625 0.125
0 0.30078125 0.521875 0.1 0.034375
0 0.68359375 0.21640625 0.0484375 0.065625
0 0.89375 0.15 0.0375 0.0515625
0 0.909375 0.02109375 0.028125 0.0421875
0 0.9171875 0.31015625 0.0390625 0.059375
0 0.76171875 0.37421875 0.0296875 0.0390625
0 0.89453125 0.22578125 0.0390625 0.05
0 0.76171875 0.175 0.0546875 0.0671875
0 0.72734375 0.26328125 0.0390625 0.046875
0 0.86484375 0.1203125 0.0546875 0.0671875
0 0.43359375 0.90546875 0.0890625 0.0453125
0 0.1140625 0.91953125 0.0578125 0.05
0 0.040625 0.790625 0.0484375 0.0359375
0 0.0859375 0.7953125 0.0640625 0.0359375
0 0.14765625 0.7078125 0.0609375 0.034375
0 0.6734375 0.8578125 0.0421875 0.078125
0 0.75078125 0.69609375 0.04375 0.059375
0 0.68828125 0.765625 0.046875 0.0578125
0 0.72734375 0.596875 0.0265625 0.046875
0 0.71796875 0.8640625 0.0375 0.0484375
0 0.73046875 0.8984375 0.0234375 0.03125
0 0.80546875 0.87578125 0.040625 0.040625
0 0.87109375 0.903125 0.0484375 0.05625