0 0.909375 0.2265625 0.0703125 0.103125
0 0.840625 0.03828125 0.084375 0.0765625
0 0.93359375 0.471875 0.0859375 0.1359375
0 0.8703125 0.52890625 0.08125 0.121875
0 0.7390625 0.4484375 0.0375 0.1
0 0.77578125 0.3515625 0.071875 0.090625
0 0.93359375 0.48359375 0.075 0.103125
0 0.35 0.13125 0.084375 0.109375
0 0.19375 0.409375 0.0625 0.075
0 0.28046875 0.4265625 0.0546875 0.0703125
0 0.490625 0.0625 0.0515625 0.084375
0 0.23828125 0.55 0.0609375 0.096875
0 0.32578125 0.3828125 0.0328125 0.0484375
0 0.296875 0.37109375 0.040625 0.0578125
0 0.76796875 0.621875 0.040625 0.046875
0 0.89140625 0.7921875 0.0453125 0.059375
0 0.90078125 0.9375 0.0609375 0.078125
0 0.759375 0.68203125 0.046875 0.0578125
0 0.92734375 0.98046875 0.053125 0.0390625
0 0.196875 0.91875 0.0609375 0.08125
0 0.04296875 0.9046875 0.084375 0.1171875
0 0.11875 0.7609375 0.128125 0.109375
0 0.31328125 0.66015625 0.2328125 0.121875
0 0.61796875 0.7578125 0.0984375 0.0828125
0 0.33125 0.803125 0.0796875 0.09375