0 0.1 0.334375 0.0640625 0.1421875
0 0.734375 0.51015625 0.1421875 0.103125
0 0.8671875 0.396875 0.0859375 0.1046875
0 0.63671875 0.9109375 0.0546875 0.0921875
0 0.3765625 0.8921875 0.0890625 0.0890625
0 0.31953125 0.53984375 0.11875 0.175
0 0.8015625 0.8734375 0.1109375 0.121875
0 0.4015625 0.275 0.084375 0.103125
0 0.5109375 0.03125 0.09375 0.0625
0 0.50390625 0.5984375 0.0859375 0.078125
0 0.546875 0.23671875 0.0609375 0.0828125
0 0.9234375 0.51171875 0.11875 0.1171875
0 0.7890625 0.1796875 0.159375 0.1421875