0 0.290625 0.221875 0.16875 0.2015625
0 0.93046875 0.16796875 0.065625 0.06875
0 0.8390625 0.21015625 0.0421875 0.0390625
0 0.72421875 0.3875 0.059375 0.0671875
0 0.91953125 0.11328125 0.0484375 0.0390625
0 0.27578125 0.684375 0.0671875 0.0609375
0 0.059375 0.59765625 0.0828125 0.078125
0 0.1890625 0.71640625 0.0703125 0.0671875
0 0.1140625 0.696875 0.0625 0.0484375
0 0.07890625 0.66171875 0.0484375 0.046875
0 0.75 0.8296875 0.053125 0.071875
0 0.8171875 0.8421875 0.040625 0.0640625
0 0.78828125 0.92578125 0.03125 0.0640625
0 0.9265625 0.73046875 0.05 0.0796875