0 0.021875 0.38125 0.04375 0.1453125
0 0.53046875 0.25 0.1171875 0.1125
0 0.62109375 0.37265625 0.0578125 0.109375
0 0.20078125 0.19140625 0.1046875 0.1828125
0 0.25234375 0.4609375 0.071875 0.1078125
0 0.3515625 0.14609375 0.071875 0.0859375
0 0.365625 0.509375 0.0546875 0.0875
0 0.55546875 0.5578125 0.1359375 0.1046875
0 0.83203125 0.0921875 0.06875 0.1296875
0 0.96640625 0.14609375 0.04375 0.0796875
0 0.68671875 0.23125 0.04375 0.0953125
0 0.90078125 0.2 0.0578125 0.0796875
0 0.9078125 0.26015625 0.0296875 0.0734375
0 0.79765625 0.215625 0.034375 0.071875
0 0.85625 0.2140625 0.0515625 0.078125
0 0.84140625 0.7109375 0.065625 0.0640625
0 0.66484375 0.83515625 0.028125 0.0421875
0 0.72109375 0.88203125 0.0421875 0.0421875
0 0.96953125 0.72109375 0.0375 0.0546875
0 0.66328125 0.9546875 0.0265625 0.078125
0 0.7671875 0.87109375 0.0234375 0.0296875
0 0.74609375 0.85234375 0.0296875 0.0359375