0 0.70390625 0.48984375 0.05625 0.0796875
0 0.68515625 0.40703125 0.046875 0.0703125
0 0.58515625 0.4359375 0.0265625 0.0890625
0 0.93203125 0.07109375 0.046875 0.0828125
0 0.9125 0.60390625 0.0671875 0.065625
0 0.84140625 0.59609375 0.0859375 0.1203125
0 0.7546875 0.390625 0.0421875 0.11875
0 0.6921875 0.3046875 0.053125 0.1125
0 0.64140625 0.2171875 0.078125 0.14375
0 0.62421875 0.340625 0.046875 0.1203125
0 0.77265625 0.1296875 0.071875 0.0984375
0 0.7515625 0.246875 0.06875 0.103125
0 0.8703125 0.03125 0.05 0.0625
0 0.91171875 0.21484375 0.0546875 0.0921875
0 0.9 0.34609375 0.0515625 0.08125
0 0.1953125 0.62421875 0.1515625 0.0703125
0 0.153125 0.48984375 0.0578125 0.0625
0 0.109375 0.42265625 0.053125 0.059375
0 0.284375 0.36328125 0.18125 0.1625
0 0.49609375 0.21171875 0.1078125 0.115625
0 0.9 0.86953125 0.028125 0.065625
0 0.98203125 0.8078125 0.0359375 0.09375
0 0.90625 0.721875 0.071875 0.078125
0 0.771875 0.7 0.1375 0.0796875
0 0.62578125 0.88203125 0.0546875 0.0578125
0 0.79765625 0.8234375 0.040625 0.0703125
0 0.19453125 0.740625 0.153125 0.1609375
0 0.2609375 0.6828125 0.059375 0.0453125
0 0.40078125 0.7078125 0.065625 0.096875
0 0.37109375 0.85546875 0.0640625 0.134375
0 0.43515625 0.84921875 0.05625 0.0921875
0 0.23984375 0.8875 0.0734375 0.09375