0 0.7515625 0.18515625 0.1046875 0.3703125
0 0.48984375 0.084375 0.0875 0.078125
0 0.35 0.3359375 0.090625 0.078125
0 0.26015625 0.26796875 0.08125 0.059375
0 0.47578125 0.3671875 0.08125 0.0734375
0 0.71640625 0.7546875 0.03125 0.0609375
0 0.87109375 0.98046875 0.046875 0.0390625
0 0.9546875 0.984375 0.0640625 0.03125
0 0.81796875 0.9078125 0.0453125 0.075
0 0.86484375 0.89375 0.0328125 0.0671875
0 0.965625 0.84609375 0.06875 0.1515625
0 0.740625 0.909375 0.0453125 0.0734375
0 0.92421875 0.875 0.0484375 0.075
0 0.8578125 0.771875 0.0625 0.0625
0 0.78515625 0.82265625 0.0484375 0.1015625
0 0.33515625 0.615625 0.0390625 0.03125
0 0.06328125 0.7859375 0.0546875 0.046875
0 0.29375 0.86171875 0.0515625 0.0625
0 0.39765625 0.86640625 0.040625 0.0484375
0 0.4828125 0.81640625 0.090625 0.0765625