0 0.3265625 0.1484375 0.0640625 0.0609375
0 0.32109375 0.20546875 0.0546875 0.0515625
0 0.4140625 0.22734375 0.0328125 0.0578125
0 0.01796875 0.309375 0.0359375 0.0609375
0 0.16953125 0.01328125 0.0703125 0.0265625
0 0.23203125 0.03828125 0.0984375 0.0765625
0 0.25546875 0.1875 0.0578125 0.08125
0 0.2875 0.2625 0.0640625 0.0796875
0 0.30859375 0.33515625 0.0953125 0.1046875
0 0.3578125 0.26796875 0.0609375 0.084375
0 0.1671875 0.33671875 0.0828125 0.078125
0 0.21875 0.27421875 0.0796875 0.078125
0 0.053125 0.3609375 0.0578125 0.059375
0 0.065625 0.23203125 0.065625 0.06875
0 0.1125 0.15859375 0.059375 0.059375
0 0.49375 0.321875 0.05 0.0625
0 0.884375 0.28203125 0.1 0.1
0 0.82109375 0.11875 0.065625 0.0984375
0 0.78515625 0.20703125 0.0859375 0.1015625
0 0.97734375 0.19140625 0.0453125 0.0765625
0 0.98984375 0.24609375 0.0203125 0.06875
0 0.98046875 0.334375 0.0390625 0.165625
0 0.9796875 0.09375 0.040625 0.115625
0 0.3234375 0.6125 0.0453125 0.0734375
0 0.409375 0.7046875 0.040625 0.0546875
0 0.41953125 0.7859375 0.0203125 0.059375
0 0.3828125 0.7953125 0.0625 0.0859375
0 0.4109375 0.86953125 0.0390625 0.0765625
0 0.35078125 0.69609375 0.0515625 0.059375
0 0.3609375 0.75234375 0.03125 0.0515625
0 0.29375 0.74453125 0.065625 0.0625
0 0.1828125 0.78984375 0.053125 0.0671875