0 0.8109375 0.0140625 0.1484375 0.028125
0 0.21875 0.0953125 0.0859375 0.08125
0 0.11953125 0.02109375 0.096875 0.0421875
0 0.2390625 0.31015625 0.0953125 0.0859375
0 0.1859375 0.37109375 0.065625 0.059375
0 0.48359375 0.02734375 0.0640625 0.0546875
0 0.3203125 0.103125 0.0421875 0.053125
0 0.4 0.3453125 0.046875 0.034375
0 0.50546875 0.39765625 0.0546875 0.0453125
0 0.859375 0.68828125 0.0234375 0.0671875
0 0.88359375 0.6421875 0.0203125 0.0484375
0 0.684375 0.4515625 0.01875 0.05
0 0.1375 0.64765625 0.0796875 0.1046875
0 0.1796875 0.7453125 0.046875 0.059375
0 0.21328125 0.68671875 0.0484375 0.0546875
0 0.2796875 0.6984375 0.0203125 0.03125
0 0.2578125 0.58359375 0.0484375 0.065625
0 0.3609375 0.54765625 0.05 0.0734375
0 0.35859375 0.68828125 0.0671875 0.065625
0 0.37265625 0.64375 0.0328125 0.0390625
0 0.32578125 0.603125 0.0296875 0.034375
0 0.26875 0.52265625 0.0703125 0.06875