0 0.4125 0.34296875 0.053125 0.0921875
0 0.49140625 0.40625 0.0765625 0.0671875
0 0.49375 0.34609375 0.065625 0.0578125
0 0.33125 0.365625 0.040625 0.078125
0 0.7890625 0.171875 0.421875 0.34375
0 0.50234375 0.95625 0.0546875 0.0875
0 0.13359375 0.859375 0.071875 0.1703125
0 0.87890625 0.61484375 0.0921875 0.178125
0 0.771875 0.7375 0.1390625 0.2828125
0 0.86875 0.709375 0.0046875 0.00625
0 0.8484375 0.771875 0.071875 0.1546875
0 0.7796875 0.52890625 0.128125 0.178125
0 0.66171875 0.753125 0.0515625 0.0828125
0 0.8875 0.95703125 0.065625 0.071875
0 0.88515625 0.859375 0.05 0.0609375