0 0.8109375 0.28515625 0.065625 0.13125
0 0.52109375 0.4328125 0.0703125 0.1046875
0 0.86875 0.0765625 0.0578125 0.1359375
0 0.54375 0.3375 0.0390625 0.0859375
0 0.621875 0.37421875 0.0359375 0.0734375
0 0.72265625 0.09296875 0.028125 0.053125
0 0.671875 0.06953125 0.021875 0.05
0 0.6046875 0.1359375 0.021875 0.04375
0 0.240625 0.22890625 0.0546875 0.1046875
0 0.2734375 0.36796875 0.0625 0.08125
0 0.08125 0.57109375 0.034375 0.0578125
0 0.13125 0.26953125 0.0421875 0.071875
0 0.053125 0.2765625 0.04375 0.0671875
0 0.23984375 0.39609375 0.0234375 0.0375
0 0.215625 0.46015625 0.0390625 0.0421875
0 0.18125 0.2265625 0.040625 0.05625
0 0.16328125 0.28515625 0.028125 0.05
0 0.1328125 0.34375 0.0484375 0.084375
0 0.209375 0.2890625 0.0546875 0.090625
0 0.09375 0.23984375 0.0390625 0.065625
0 0.1015625 0.28203125 0.034375 0.0609375
0 0.51875 0.84453125 0.1296875 0.1828125
0 0.59921875 0.89453125 0.0578125 0.08125
0 0.734375 0.82578125 0.08125 0.103125
0 0.2125 0.75625 0.0828125 0.1109375
0 0.41875 0.78828125 0.0234375 0.053125
0 0.4171875 0.86953125 0.0265625 0.0515625
0 0.2234375 0.878125 0.034375 0.0578125