0 0.2234375 0.53046875 0.1109375 0.0390625
0 0.10625 0.33203125 0.125 0.109375
0 0.184375 0.29921875 0.05625 0.0484375
0 0.321875 0.33515625 0.078125 0.0609375
0 0.2140625 0.8265625 0.046875 0.0765625
0 0.23984375 0.7203125 0.0546875 0.0578125
0 0.06328125 0.57890625 0.028125 0.04375
0 0.1171875 0.803125 0.0359375 0.053125
0 0.0484375 0.80234375 0.0375 0.0484375
0 0.20859375 0.7015625 0.01875 0.028125
0 0.18515625 0.6546875 0.034375 0.03125
0 0.1625 0.83203125 0.034375 0.040625
0 0.14375 0.78984375 0.0234375 0.0375
0 0.11640625 0.746875 0.040625 0.059375
0 0.18515625 0.78359375 0.046875 0.0671875
0 0.08515625 0.828125 0.034375 0.0484375
0 0.090625 0.79609375 0.0296875 0.04375
0 0.6484375 0.75234375 0.065625 0.075
0 0.8640625 0.815625 0.0484375 0.065625
0 0.49921875 0.79140625 0.0453125 0.0484375
0 0.5203125 0.76015625 0.0453125 0.046875
0 0.8671875 0.89453125 0.046875 0.0625
0 0.83359375 0.63515625 0.075 0.090625
0 0.93125 0.87578125 0.096875 0.13125
0 0.75390625 0.8359375 0.071875 0.1015625
0 0.7796875 0.6734375 0.065625 0.075
0 0.6875 0.7890625 0.0609375 0.071875
0 0.415625 0.8171875 0.0703125 0.0828125
0 0.653125 0.63828125 0.0625 0.0609375
0 0.48125 0.89921875 0.053125 0.0671875
0 0.7234375 0.9484375 0.0390625 0.05
0 0.828125 0.79296875 0.0484375 0.0640625