0 0.5203125 0.2828125 0.1015625 0.0734375
0 0.6703125 0.08203125 0.165625 0.1640625
0 0.8265625 0.27578125 0.1109375 0.0890625
0 0.9671875 0.27890625 0.065625 0.0828125
0 0.9390625 0.49453125 0.1078125 0.23125
0 0.86875 0.40078125 0.015625 0.0296875
0 0.88671875 0.33359375 0.0515625 0.028125
0 0.8015625 0.3609375 0.0578125 0.0828125
0 0.56015625 0.5484375 0.1390625 0.1328125
0 0.25 0.81875 0.1609375 0.15625
0 0.27421875 0.63203125 0.0859375 0.0984375
0 0.171875 0.7875 0.06875 0.0890625
0 0.12578125 0.4875 0.1859375 0.18125
0 0.246875 0.371875 0.090625 0.0734375
0 0.03125 0.3890625 0.0625 0.0578125
0 0.06796875 0.8703125 0.0734375 0.0890625
0 0.13515625 0.95703125 0.075 0.0859375
0 0.0796875 0.97265625 0.0625 0.0546875
0 0.2546875 0.94296875 0.078125 0.0796875