0 0.25234375 0.02265625 0.0640625 0.0453125
0 0.26640625 0.0875 0.075 0.1421875
0 0.15546875 0.1265625 0.040625 0.0953125
0 0.2171875 0.03671875 0.034375 0.0734375
0 0.2 0.09140625 0.028125 0.0625
0 0.87578125 0.4421875 0.1484375 0.1046875
0 0.6328125 0.37890625 0.0625 0.0578125
0 0.9453125 0.2734375 0.109375 0.0890625
0 0.83828125 0.0453125 0.1 0.075
0 0.32578125 0.87265625 0.0796875 0.115625
0 0.21484375 0.57890625 0.0671875 0.1046875
0 0.359375 0.865625 0.0203125 0.0625
0 0.2703125 0.69453125 0.046875 0.059375
0 0.8296875 0.80390625 0.109375 0.1296875
0 0.95078125 0.89375 0.0984375 0.2125
0 0.3796875 0.9703125 0.0203125 0.059375
0 0.9328125 0.73125 0.096875 0.109375
0 0.8640625 0.69765625 0.0765625 0.0921875