0 0.29453125 0.06328125 0.0796875 0.1265625
0 0.253125 0.42265625 0.0921875 0.1109375
0 0.29453125 0.225 0.06875 0.103125
0 0.396875 0.14609375 0.0421875 0.0953125
0 0.40390625 0.04140625 0.053125 0.0828125
0 0.31171875 0.46015625 0.0390625 0.0359375
0 0.5984375 0.21953125 0.0515625 0.134375
0 0.4484375 0.21171875 0.0390625 0.0875
0 0.3625 0.371875 0.046875 0.078125
0 0.67578125 0.41328125 0.0484375 0.0875
0 0.54765625 0.36328125 0.109375 0.1984375
0 0.621875 0.4171875 0.046875 0.0953125
0 0.98203125 0.30234375 0.0359375 0.1625
0 0.38671875 0.74296875 0.128125 0.103125
0 0.4609375 0.85 0.059375 0.0515625
0 0.30390625 0.7328125 0.0703125 0.0671875
0 0.50625 0.7984375 0.084375 0.0796875
0 0.89296875 0.6578125 0.2140625 0.359375
0 0.74296875 0.575 0.028125 0.1140625