0 0.30546875 0.27265625 0.1171875 0.109375
0 0.2734375 0.40078125 0.1015625 0.096875
0 0.04375 0.378125 0.0484375 0.1296875
0 0.8796875 0.86171875 0.0984375 0.11875
0 0.76171875 0.059375 0.1453125 0.0859375
0 0.6015625 0.0859375 0.1828125 0.165625
0 0.4328125 0.4125 0.08125 0.171875
0 0.30234375 0.5546875 0.1046875 0.159375
0 0.20078125 0.69609375 0.159375 0.2046875
0 0.1453125 0.51328125 0.0875 0.175
0 0.51015625 0.80390625 0.15625 0.1359375
0 0.44609375 0.63046875 0.1421875 0.1453125
0 0.74296875 0.9421875 0.1015625 0.109375
0 0.8140625 0.6484375 0.1140625 0.1296875
0 0.76875 0.45234375 0.1046875 0.1125