0 0.69453125 0.27265625 0.1171875 0.109375
0 0.7265625 0.40078125 0.1015625 0.096875
0 0.95625 0.378125 0.0484375 0.1296875
0 0.1203125 0.86171875 0.0984375 0.11875
0 0.23828125 0.059375 0.1453125 0.0859375
0 0.3984375 0.0859375 0.1828125 0.165625
0 0.5671875 0.4125 0.08125 0.171875
0 0.69765625 0.5546875 0.1046875 0.159375
0 0.79921875 0.69609375 0.159375 0.2046875
0 0.8546875 0.51328125 0.0875 0.175
0 0.48984375 0.80390625 0.15625 0.1359375
0 0.55390625 0.63046875 0.1421875 0.1453125
0 0.25703125 0.9421875 0.1015625 0.109375
0 0.1859375 0.6484375 0.1140625 0.1296875
0 0.23125 0.45234375 0.1046875 0.1125