0 0.35234375 0.33203125 0.0703125 0.0765625
0 0.34375 0.2640625 0.0609375 0.0640625
0 0.44140625 0.23046875 0.0359375 0.071875
0 0.0171875 0.15703125 0.034375 0.0765625
0 0.1953125 0.503125 0.078125 0.03125
0 0.25859375 0.46953125 0.1078125 0.1
0 0.27421875 0.2890625 0.065625 0.096875
0 0.3046875 0.19609375 0.0734375 0.096875
0 0.32265625 0.1078125 0.1046875 0.1296875
0 0.37890625 0.1859375 0.06875 0.1015625
0 0.17265625 0.115625 0.090625 0.0953125
0 0.2296875 0.18671875 0.0859375 0.0984375
0 0.04765625 0.09296875 0.0625 0.0734375
0 0.06953125 0.24765625 0.071875 0.084375
0 0.1234375 0.3328125 0.0640625 0.075
0 0.825 0.23125 0.075 0.0859375
0 0.94609375 0.3109375 0.059375 0.1015625
0 0.18125 0.69609375 0.03125 0.04375
0 0.2265625 0.81171875 0.0375 0.04375
0 0.0890625 0.6984375 0.0390625 0.0578125
0 0.234375 0.653125 0.0390625 0.0515625
0 0.1796875 0.803125 0.034375 0.0453125
0 0.18671875 0.5421875 0.0359375 0.0453125
0 0.109375 0.6171875 0.071875 0.0890625
0 0.83046875 0.8421875 0.103125 0.140625