0 0.7765625 0.53046875 0.1109375 0.0390625
0 0.89375 0.33203125 0.125 0.109375
0 0.815625 0.29921875 0.05625 0.0484375
0 0.678125 0.33515625 0.078125 0.0609375
0 0.7859375 0.8265625 0.046875 0.0765625
0 0.76015625 0.7203125 0.0546875 0.0578125
0 0.93671875 0.57890625 0.028125 0.04375
0 0.8828125 0.803125 0.0359375 0.053125
0 0.9515625 0.80234375 0.0375 0.0484375
0 0.79140625 0.7015625 0.01875 0.028125
0 0.81484375 0.6546875 0.034375 0.03125
0 0.8375 0.83203125 0.034375 0.040625
0 0.85625 0.78984375 0.0234375 0.0375
0 0.88359375 0.746875 0.040625 0.059375
0 0.81484375 0.78359375 0.046875 0.0671875
0 0.91484375 0.828125 0.034375 0.0484375
0 0.909375 0.79609375 0.0296875 0.04375
0 0.3515625 0.75234375 0.065625 0.075
0 0.1359375 0.815625 0.0484375 0.065625
0 0.50078125 0.79140625 0.0453125 0.0484375
0 0.4796875 0.76015625 0.0453125 0.046875
0 0.1328125 0.89453125 0.046875 0.0625
0 0.16640625 0.63515625 0.075 0.090625
0 0.06875 0.87578125 0.096875 0.13125
0 0.24609375 0.8359375 0.071875 0.1015625
0 0.2203125 0.6734375 0.065625 0.075
0 0.3125 0.7890625 0.0609375 0.071875
0 0.584375 0.8171875 0.0703125 0.0828125
0 0.346875 0.63828125 0.0625 0.0609375
0 0.51875 0.89921875 0.053125 0.0671875
0 0.2765625 0.9484375 0.0390625 0.05
0 0.171875 0.79296875 0.0484375 0.0640625