0 0.2125 0.1984375 0.1046875 0.1640625
0 0.2796875 0.271875 0.046875 0.071875
0 0.42421875 0.24921875 0.0671875 0.0890625
0 0.878125 0.253125 0.0421875 0.046875
0 0.9140625 0.25703125 0.0296875 0.0375
0 0.83203125 0.1875 0.028125 0.040625
0 0.82421875 0.08359375 0.021875 0.0296875
0 0.2796875 0.7875 0.2484375 0.284375
0 0.45625 0.6375 0.059375 0.0625
0 0.153125 0.575 0.05 0.0625
0 0.140625 0.63046875 0.0109375 0.0375
0 0.47109375 0.7421875 0.0671875 0.0734375
0 0.3765625 0.671875 0.040625 0.06875
0 0.92578125 0.8109375 0.1484375 0.28125
0 0.925 0.753125 0.0734375 0.0828125
0 0.946875 0.8546875 0.0515625 0.103125
0 0.98984375 0.57109375 0.0203125 0.0625