0 0.45 0.03359375 0.04375 0.0453125
0 0.2171875 0.2875 0.0625 0.053125
0 0.3578125 0.1578125 0.040625 0.04375
0 0.41171875 0.22265625 0.0546875 0.0453125
0 0.4296875 0.31796875 0.0609375 0.04375
0 0.334375 0.259375 0.0953125 0.059375
0 0.4328125 0.18125 0.065625 0.046875
0 0.42109375 0.1453125 0.0515625 0.028125
0 0.2984375 0.18203125 0.03125 0.0375
0 0.1484375 0.315625 0.025 0.028125
0 0.4421875 0.75703125 0.053125 0.0625
0 0.1390625 0.96875 0.040625 0.0625
0 0.2328125 0.93828125 0.0625 0.078125
0 0.1296875 0.83359375 0.040625 0.0796875
0 0.51796875 0.65078125 0.0359375 0.0609375
0 0.6390625 0.5890625 0.05625 0.0703125
0 0.6890625 0.41640625 0.0828125 0.0328125
0 0.70546875 0.6109375 0.1109375 0.18125
0 0.77578125 0.8328125 0.0515625 0.0765625
0 0.584375 0.60234375 0.0515625 0.06875
0 0.53203125 0.58203125 0.046875 0.0625