0 0.6734375 0.1484375 0.0640625 0.0609375
0 0.67890625 0.20546875 0.0546875 0.0515625
0 0.5859375 0.22734375 0.0328125 0.0578125
0 0.98203125 0.309375 0.0359375 0.0609375
0 0.83046875 0.01328125 0.0703125 0.0265625
0 0.76796875 0.03828125 0.0984375 0.0765625
0 0.74453125 0.1875 0.0578125 0.08125
0 0.7125 0.2625 0.0640625 0.0796875
0 0.69140625 0.33515625 0.0953125 0.1046875
0 0.6421875 0.26796875 0.0609375 0.084375
0 0.8328125 0.33671875 0.0828125 0.078125
0 0.78125 0.27421875 0.0796875 0.078125
0 0.946875 0.3609375 0.0578125 0.059375
0 0.934375 0.23203125 0.065625 0.06875
0 0.8875 0.15859375 0.059375 0.059375
0 0.50625 0.321875 0.05 0.0625
0 0.115625 0.28203125 0.1 0.1
0 0.17890625 0.11875 0.065625 0.0984375
0 0.21484375 0.20703125 0.0859375 0.1015625
0 0.02265625 0.19140625 0.0453125 0.0765625
0 0.01015625 0.24609375 0.0203125 0.06875
0 0.01953125 0.334375 0.0390625 0.165625
0 0.0203125 0.09375 0.040625 0.115625
0 0.6765625 0.6125 0.0453125 0.0734375
0 0.590625 0.7046875 0.040625 0.0546875
0 0.58046875 0.7859375 0.0203125 0.059375
0 0.6171875 0.7953125 0.0625 0.0859375
0 0.5890625 0.86953125 0.0390625 0.0765625
0 0.64921875 0.69609375 0.0515625 0.059375
0 0.6390625 0.75234375 0.03125 0.0515625
0 0.70625 0.74453125 0.065625 0.0625
0 0.8171875 0.78984375 0.053125 0.0671875