0 0.55 0.03359375 0.04375 0.0453125
0 0.7828125 0.2875 0.0625 0.053125
0 0.6421875 0.1578125 0.040625 0.04375
0 0.58828125 0.22265625 0.0546875 0.0453125
0 0.5703125 0.31796875 0.0609375 0.04375
0 0.665625 0.259375 0.0953125 0.059375
0 0.5671875 0.18125 0.065625 0.046875
0 0.57890625 0.1453125 0.0515625 0.028125
0 0.7015625 0.18203125 0.03125 0.0375
0 0.8515625 0.315625 0.025 0.028125
0 0.5578125 0.75703125 0.053125 0.0625
0 0.8609375 0.96875 0.040625 0.0625
0 0.7671875 0.93828125 0.0625 0.078125
0 0.8703125 0.83359375 0.040625 0.0796875
0 0.48203125 0.65078125 0.0359375 0.0609375
0 0.3609375 0.5890625 0.05625 0.0703125
0 0.3109375 0.41640625 0.0828125 0.0328125
0 0.29453125 0.6109375 0.1109375 0.18125
0 0.22421875 0.8328125 0.0515625 0.0765625
0 0.415625 0.60234375 0.0515625 0.06875
0 0.46796875 0.58203125 0.046875 0.0625