0 0.1890625 0.0140625 0.1484375 0.028125
0 0.78125 0.0953125 0.0859375 0.08125
0 0.88046875 0.02109375 0.096875 0.0421875
0 0.7609375 0.31015625 0.0953125 0.0859375
0 0.8140625 0.37109375 0.065625 0.059375
0 0.51640625 0.02734375 0.0640625 0.0546875
0 0.6796875 0.103125 0.0421875 0.053125
0 0.6 0.3453125 0.046875 0.034375
0 0.49453125 0.39765625 0.0546875 0.0453125
0 0.140625 0.68828125 0.0234375 0.0671875
0 0.11640625 0.6421875 0.0203125 0.0484375
0 0.315625 0.4515625 0.01875 0.05
0 0.8625 0.64765625 0.0796875 0.1046875
0 0.8203125 0.7453125 0.046875 0.059375
0 0.78671875 0.68671875 0.0484375 0.0546875
0 0.7203125 0.6984375 0.0203125 0.03125
0 0.7421875 0.58359375 0.0484375 0.065625
0 0.6390625 0.54765625 0.05 0.0734375
0 0.64140625 0.68828125 0.0671875 0.065625
0 0.62734375 0.64375 0.0328125 0.0390625
0 0.67421875 0.603125 0.0296875 0.034375
0 0.73125 0.52265625 0.0703125 0.06875