0 0.4375 0.5015625 0.1171875 0.175
0 0.36328125 0.4390625 0.0515625 0.0765625
0 0.221875 0.4828125 0.075 0.096875
0 0.2421875 0.76328125 0.0765625 0.0671875
0 0.08828125 0.98046875 0.0953125 0.0390625
0 0.8046875 0.7828125 0.06875 0.03125
0 0.825 0.90546875 0.0390625 0.0234375
0 0.753125 0.928125 0.0390625 0.025
0 0.734375 0.946875 0.028125 0.025
0 0.78984375 0.90390625 0.0453125 0.025
0 0.9015625 0.9078125 0.0359375 0.0265625
0 0.90625 0.76171875 0.0421875 0.01875
0 0.77109375 0.740625 0.0828125 0.0203125