0 0.54296875 0.17578125 0.0828125 0.0703125
0 0.45625 0.11484375 0.0921875 0.05625
0 0.2265625 0.27578125 0.2203125 0.1015625
0 0.3046875 0.41015625 0.2265625 0.109375
0 0.60234375 0.3296875 0.1140625 0.06875
0 0.44375 0.271875 0.1265625 0.071875
0 0.6171875 0.25078125 0.084375 0.078125
0 0.48046875 0.7671875 0.09375 0.1296875
0 0.26796875 0.88046875 0.08125 0.1171875
0 0.140625 0.8015625 0.0796875 0.1078125
0 0.1203125 0.9640625 0.078125 0.071875
0 0.6765625 0.78515625 0.0359375 0.1015625
0 0.96171875 0.88046875 0.059375 0.090625
0 0.89140625 0.82265625 0.059375 0.078125
0 0.91015625 0.959375 0.034375 0.0640625
0 0.87265625 0.93046875 0.04375 0.0625