0 0.8828125 0.48359375 0.234375 0.1703125
0 0.7890625 0.2515625 0.24375 0.184375
0 0.4984375 0.10625 0.14375 0.14375
0 0.28828125 0.4671875 0.1 0.1140625
0 0.14921875 0.33671875 0.125 0.1234375
0 0.06640625 0.12265625 0.1328125 0.1203125
0 0.28203125 0.22109375 0.20625 0.16875
0 0.12890625 0.44375 0.14375 0.128125
0 0.1703125 0.521875 0.1109375 0.0828125
0 0.39140625 0.38515625 0.078125 0.0984375
0 0.615625 0.02578125 0.059375 0.0515625
0 0.7734375 0.88046875 0.0625 0.0875
0 0.796875 0.76953125 0.040625 0.06875
0 0.9265625 0.8453125 0.0328125 0.0546875
0 0.9921875 0.85859375 0.015625 0.0453125
0 0.753125 0.8359375 0.0484375 0.065625
0 0.1953125 0.6515625 0.16875 0.10625
0 0.28828125 0.73125 0.1328125 0.059375
0 0.35859375 0.78359375 0.184375 0.071875
0 0.42109375 0.89296875 0.078125 0.040625
0 0.496875 0.940625 0.0859375 0.0453125