0 0.3375 0.08125 0.121875 0.1625
0 0.1921875 0.1609375 0.0453125 0.0921875
0 0.20625 0.2484375 0.0421875 0.0765625
0 0.221875 0.33125 0.0375 0.0734375
0 0.125 0.38203125 0.071875 0.1421875
0 0.14765625 0.48515625 0.0515625 0.09375
0 0.1953125 0.559375 0.0671875 0.1046875
0 0.315625 0.33984375 0.08125 0.1640625
0 0.35703125 0.171875 0.0625 0.128125
0 0.3078125 0.41953125 0.109375 0.140625
0 0.265625 0.53984375 0.05 0.09375
0 0.23125 0.4265625 0.0375 0.06875
0 0.18125 0.428125 0.0328125 0.06875
0 0.23125 0.11796875 0.0453125 0.08125
0 0.27578125 0.125 0.0484375 0.1046875
0 0.41640625 0.38984375 0.0359375 0.071875
0 0.67109375 0.30078125 0.1203125 0.178125
0 0.74609375 0.359375 0.053125 0.078125
0 0.884375 0.30546875 0.0765625 0.1
0 0.32421875 0.90078125 0.06875 0.0734375
0 0.2671875 0.93203125 0.0390625 0.0484375
0 0.26484375 0.7640625 0.0328125 0.071875
0 0.24921875 0.865625 0.0703125 0.0921875
0 0.8125 0.7296875 0.0875 0.1265625