0 0.25078125 0.2046875 0.09375 0.115625
0 0.19609375 0.26640625 0.0796875 0.0765625
0 0.08515625 0.3046875 0.075 0.0953125
0 0.1703125 0.19609375 0.0859375 0.0984375
0 0.034375 0.225 0.0625 0.0796875
0 0.3265625 0.29765625 0.084375 0.090625
0 0.78125 0.14140625 0.0796875 0.078125
0 0.84375 0.403125 0.14375 0.15
0 0.725 0.1375 0.096875 0.0890625
0 0.7421875 0.203125 0.05625 0.0609375
0 0.6625 0.20390625 0.0328125 0.0375
0 0.609375 0.21953125 0.084375 0.078125
0 0.63671875 0.14765625 0.090625 0.0859375
0 0.69921875 0.1796875 0.08125 0.0828125
0 0.7921875 0.23515625 0.096875 0.10625
0 0.83828125 0.30859375 0.096875 0.1
0 0.55078125 0.17265625 0.08125 0.084375
0 0.2671875 0.7375 0.0859375 0.1
0 0.2515625 0.61328125 0.0984375 0.0875
0 0.28984375 0.54296875 0.0515625 0.0609375
0 0.18203125 0.63671875 0.0484375 0.0625
0 0.1140625 0.62890625 0.059375 0.053125
0 0.10234375 0.690625 0.053125 0.0546875
0 0.1765625 0.71875 0.0453125 0.053125
0 0.2453125 0.80859375 0.0453125 0.0609375
0 0.171875 0.80390625 0.065625 0.06875
0 0.65546875 0.50390625 0.0671875 0.0515625
0 0.6421875 0.91875 0.05 0.071875
0 0.571875 0.6328125 0.0515625 0.0984375
0 0.5671875 0.771875 0.0703125 0.109375
0 0.45 0.9078125 0.05625 0.0875
0 0.5375 0.9859375 0.0578125 0.028125