0 0.74921875 0.2046875 0.09375 0.115625
0 0.80390625 0.26640625 0.0796875 0.0765625
0 0.91484375 0.3046875 0.075 0.0953125
0 0.8296875 0.19609375 0.0859375 0.0984375
0 0.965625 0.225 0.0625 0.0796875
0 0.6734375 0.29765625 0.084375 0.090625
0 0.21875 0.14140625 0.0796875 0.078125
0 0.15625 0.403125 0.14375 0.15
0 0.275 0.1375 0.096875 0.0890625
0 0.2578125 0.203125 0.05625 0.0609375
0 0.3375 0.20390625 0.0328125 0.0375
0 0.390625 0.21953125 0.084375 0.078125
0 0.36328125 0.14765625 0.090625 0.0859375
0 0.30078125 0.1796875 0.08125 0.0828125
0 0.2078125 0.23515625 0.096875 0.10625
0 0.16171875 0.30859375 0.096875 0.1
0 0.44921875 0.17265625 0.08125 0.084375
0 0.7328125 0.7375 0.0859375 0.1
0 0.7484375 0.61328125 0.0984375 0.0875
0 0.71015625 0.54296875 0.0515625 0.0609375
0 0.81796875 0.63671875 0.0484375 0.0625
0 0.8859375 0.62890625 0.059375 0.053125
0 0.89765625 0.690625 0.053125 0.0546875
0 0.8234375 0.71875 0.0453125 0.053125
0 0.7546875 0.80859375 0.0453125 0.0609375
0 0.828125 0.80390625 0.065625 0.06875
0 0.34453125 0.50390625 0.0671875 0.0515625
0 0.3578125 0.91875 0.05 0.071875
0 0.428125 0.6328125 0.0515625 0.0984375
0 0.4328125 0.771875 0.0703125 0.109375
0 0.55 0.9078125 0.05625 0.0875
0 0.4625 0.9859375 0.0578125 0.028125