0 0.6625 0.08125 0.121875 0.1625
0 0.8078125 0.1609375 0.0453125 0.0921875
0 0.79375 0.2484375 0.0421875 0.0765625
0 0.778125 0.33125 0.0375 0.0734375
0 0.875 0.38203125 0.071875 0.1421875
0 0.85234375 0.48515625 0.0515625 0.09375
0 0.8046875 0.559375 0.0671875 0.1046875
0 0.684375 0.33984375 0.08125 0.1640625
0 0.64296875 0.171875 0.0625 0.128125
0 0.6921875 0.41953125 0.109375 0.140625
0 0.734375 0.53984375 0.05 0.09375
0 0.76875 0.4265625 0.0375 0.06875
0 0.81875 0.428125 0.0328125 0.06875
0 0.76875 0.11796875 0.0453125 0.08125
0 0.72421875 0.125 0.0484375 0.1046875
0 0.58359375 0.38984375 0.0359375 0.071875
0 0.32890625 0.30078125 0.1203125 0.178125
0 0.25390625 0.359375 0.053125 0.078125
0 0.115625 0.30546875 0.0765625 0.1
0 0.67578125 0.90078125 0.06875 0.0734375
0 0.7328125 0.93203125 0.0390625 0.0484375
0 0.73515625 0.7640625 0.0328125 0.071875
0 0.75078125 0.865625 0.0703125 0.0921875
0 0.1875 0.7296875 0.0875 0.1265625