0 0.81015625 0.153125 0.084375 0.109375
0 0.746875 0.25703125 0.0453125 0.06875
0 0.83671875 0.2015625 0.0359375 0.0625
0 0.77265625 0.4 0.0984375 0.1265625
0 0.68515625 0.42421875 0.046875 0.05
0 0.90703125 0.190625 0.0390625 0.0625
0 0.9046875 0.1078125 0.0390625 0.075
0 0.934375 0.11796875 0.0328125 0.053125
0 0.84296875 0.0765625 0.040625 0.05625
0 0.14140625 0.0390625 0.05625 0.078125
0 0.2484375 0.0640625 0.04375 0.0640625
0 0.325 0.07421875 0.1078125 0.1359375
0 0.41171875 0.02109375 0.0734375 0.0421875
0 0.49765625 0.05625 0.084375 0.1078125
0 0.525 0.1671875 0.0296875 0.053125
0 0.20703125 0.096875 0.0625 0.075
0 0.5265625 0.259375 0.0265625 0.0859375
0 0.79140625 0.8671875 0.04375 0.0703125
0 0.7453125 0.715625 0.028125 0.053125
0 0.73046875 0.8890625 0.0265625 0.0453125
0 0.76015625 0.9640625 0.01875 0.0359375
0 0.78671875 0.9703125 0.021875 0.040625
0 0.796875 0.68515625 0.0359375 0.04375
0 0.7875 0.7921875 0.0171875 0.0375
0 0.82734375 0.90234375 0.028125 0.0640625
0 0.24375 0.62109375 0.071875 0.0578125
0 0.315625 0.5234375 0.0640625 0.05
0 0.17734375 0.80859375 0.0703125 0.0515625
0 0.18984375 0.66328125 0.0515625 0.04375
0 0.2984375 0.81875 0.1203125 0.0890625
0 0.2453125 0.93671875 0.225 0.1265625
0 0.37109375 0.8859375 0.0609375 0.05625
0 0.4140625 0.93515625 0.0515625 0.03125
0 0.3890625 0.96640625 0.0703125 0.05