0 0.8578125 0.421875 0.08125 0.09375
0 0.9421875 0.33984375 0.0671875 0.096875
0 0.71171875 0.13515625 0.06875 0.10625
0 0.81015625 0.22890625 0.0359375 0.0453125
0 0.91953125 0.25546875 0.05 0.059375
0 0.89453125 0.3046875 0.0703125 0.0671875
0 0.48515625 0.27421875 0.0375 0.05625
0 0.33359375 0.08828125 0.028125 0.0578125
0 0.01953125 0.3109375 0.034375 0.0421875
0 0.078125 0.23125 0.0296875 0.040625
0 0.29140625 0.2 0.2203125 0.2453125
0 0.18828125 0.2546875 0.0609375 0.0796875
0 0.021875 0.3328125 0.04375 0.121875
0 0.25078125 0.2953125 0.05 0.0859375
0 0.38671875 0.1875 0.0546875 0.1109375
0 0.20546875 0.01796875 0.0546875 0.0359375
0 0.59140625 0.70546875 0.0421875 0.0390625
0 0.6828125 0.696875 0.05 0.05
0 0.6703125 0.790625 0.0328125 0.0484375
0 0.60078125 0.7859375 0.0390625 0.03125
0 0.22734375 0.81640625 0.05625 0.0921875
0 0.33984375 0.66328125 0.040625 0.0828125
0 0.35078125 0.5875 0.0375 0.0359375
0 0.18359375 0.71875 0.03125 0.04375
0 0.22265625 0.625 0.040625 0.0578125
0 0.26796875 0.6421875 0.040625 0.059375