0 0.9546875 0.1234375 0.01875 0.0515625
0 0.8671875 0.3734375 0.0265625 0.09375
0 0.8140625 0.38203125 0.0390625 0.071875
0 0.896875 0.27109375 0.0265625 0.0609375
0 0.86640625 0.26484375 0.01875 0.0578125
0 0.7984375 0.23984375 0.04375 0.1265625
0 0.7546875 0.365625 0.021875 0.0671875
0 0.94609375 0.2609375 0.0265625 0.059375
0 0.82734375 0.2578125 0.0296875 0.0609375
0 0.865625 0.15859375 0.0390625 0.0484375
0 0.9140625 0.1921875 0.028125 0.084375
0 0.57265625 0.19609375 0.109375 0.1
0 0.29921875 0.11171875 0.121875 0.0890625
0 0.62890625 0.34765625 0.1015625 0.190625
0 0.4640625 0.1640625 0.0828125 0.1453125
0 0.03125 0.3 0.0625 0.203125
0 0.1828125 0.221875 0.1140625 0.146875
0 0.178125 0.3578125 0.2140625 0.1453125
0 0.696875 0.87109375 0.0328125 0.0421875
0 0.69609375 0.7359375 0.0328125 0.0484375
0 0.9296875 0.8265625 0.021875 0.028125
0 0.84140625 0.97578125 0.0609375 0.0484375
0 0.82265625 0.840625 0.059375 0.0484375
0 0.8859375 0.840625 0.0859375 0.065625
0 0.7984375 0.77578125 0.0578125 0.04375
0 0.83828125 0.7234375 0.0671875 0.0515625
0 0.69921875 0.80625 0.0390625 0.05
0 0.234375 0.5953125 0.0828125 0.0703125
0 0.65390625 0.74140625 0.0515625 0.0390625
0 0.34375 0.9046875 0.0546875 0.05625
0 0.27421875 0.8859375 0.059375 0.034375