0 0.2421875 0.2640625 0.040625 0.0328125
0 0.315625 0.24921875 0.0484375 0.0265625
0 0.4125 0.18125 0.0375 0.028125
0 0.36875 0.159375 0.025 0.0296875
0 0.2515625 0.13828125 0.065625 0.04375
0 0.3 0.11640625 0.0734375 0.0203125
0 0.06875 0.11171875 0.0453125 0.01875
0 0.2140625 0.19375 0.0453125 0.021875
0 0.2890625 0.209375 0.028125 0.021875
0 0.14921875 0.084375 0.0203125 0.0203125
0 0.18125 0.06640625 0.021875 0.0203125
0 0.103125 0.12734375 0.0265625 0.0265625
0 0.425 0.13671875 0.0359375 0.01875
0 0.4765625 0.1375 0.0265625 0.021875
0 0.41875 0.03828125 0.04375 0.0203125
0 0.378125 0.06875 0.04375 0.03125
0 0.5234375 0.078125 0.0328125 0.04375
0 0.715625 0.1640625 0.1453125 0.2265625
0 0.88359375 0.08125 0.0859375 0.1140625
0 0.51953125 0.4125 0.040625 0.075
0 0.2140625 0.79296875 0.0625 0.0890625
0 0.39375 0.603125 0.0421875 0.075
0 0.4359375 0.72890625 0.05625 0.075
0 0.434375 0.896875 0.0625 0.071875
0 0.3453125 0.77265625 0.1 0.09375
0 0.46875 0.6625 0.0671875 0.075
0 0.4640625 0.59765625 0.053125 0.0453125
0 0.325 0.63203125 0.03125 0.0640625
0 0.1359375 0.82421875 0.025 0.0484375
0 0.78125 0.7046875 0.0296875 0.0671875
0 0.921875 0.415625 0.0328125 0.075
0 0.78203125 0.61875 0.0390625 0.1203125
0 0.8578125 0.71171875 0.0265625 0.0890625
0 0.91328125 0.59140625 0.0390625 0.090625
0 0.8296875 0.471875 0.0390625 0.078125
0 0.965625 0.3796875 0.028125 0.078125
0 0.721875 0.3828125 0.04375 0.071875
0 0.94609375 0.53203125 0.05 0.109375