0 0.0265625 0.46640625 0.053125 0.0875
0 0.040625 0.2015625 0.08125 0.0671875
0 0.17109375 0.03125 0.078125 0.0625
0 0.9234375 0.26796875 0.075 0.0703125
0 0.69453125 0.27890625 0.0625 0.0640625
0 0.60546875 0.371875 0.0640625 0.05625
0 0.52421875 0.26328125 0.053125 0.08125
0 0.85 0.02265625 0.06875 0.0328125
0 0.46328125 0.484375 0.028125 0.0359375
0 0.11484375 0.73359375 0.0328125 0.0671875
0 0.24375 0.7984375 0.04375 0.0703125
0 0.0734375 0.75 0.0265625 0.04375
0 0.22890625 0.9078125 0.046875 0.05
0 0.1546875 0.759375 0.040625 0.103125
0 0.30078125 0.7109375 0.03125 0.06875
0 0.25078125 0.57421875 0.0265625 0.05625
0 0.21328125 0.5859375 0.0296875 0.0609375
0 0.17109375 0.96328125 0.025 0.0484375
0 0.10546875 0.628125 0.028125 0.0421875
0 0.159375 0.83359375 0.059375 0.053125
0 0.61484375 0.7953125 0.315625 0.409375
0 0.81171875 0.83359375 0.1046875 0.225
0 0.91484375 0.83984375 0.10625 0.2640625