0 0.1421875 0.421875 0.08125 0.09375
0 0.0578125 0.33984375 0.0671875 0.096875
0 0.28828125 0.13515625 0.06875 0.10625
0 0.18984375 0.22890625 0.0359375 0.0453125
0 0.08046875 0.25546875 0.05 0.059375
0 0.10546875 0.3046875 0.0703125 0.0671875
0 0.51484375 0.27421875 0.0375 0.05625
0 0.66640625 0.08828125 0.028125 0.0578125
0 0.98046875 0.3109375 0.034375 0.0421875
0 0.921875 0.23125 0.0296875 0.040625
0 0.70859375 0.2 0.2203125 0.2453125
0 0.81171875 0.2546875 0.0609375 0.0796875
0 0.978125 0.3328125 0.04375 0.121875
0 0.74921875 0.2953125 0.05 0.0859375
0 0.61328125 0.1875 0.0546875 0.1109375
0 0.79453125 0.01796875 0.0546875 0.0359375
0 0.40859375 0.70546875 0.0421875 0.0390625
0 0.3171875 0.696875 0.05 0.05
0 0.3296875 0.790625 0.0328125 0.0484375
0 0.39921875 0.7859375 0.0390625 0.03125
0 0.77265625 0.81640625 0.05625 0.0921875
0 0.66015625 0.66328125 0.040625 0.0828125
0 0.64921875 0.5875 0.0375 0.0359375
0 0.81640625 0.71875 0.03125 0.04375
0 0.77734375 0.625 0.040625 0.0578125
0 0.73203125 0.6421875 0.040625 0.059375