0 0.37265625 0.071875 0.0734375 0.14375
0 0.38359375 0.1609375 0.05 0.1140625
0 0.34453125 0.13125 0.128125 0.10625
0 0.22578125 0.32578125 0.065625 0.0671875
0 0.06328125 0.153125 0.0765625 0.071875
0 0.46875 0.30390625 0.1203125 0.1109375
0 0.88046875 0.0203125 0.1125 0.040625
0 0.09140625 0.61328125 0.10625 0.1359375
0 0.03828125 0.5765625 0.0453125 0.075
0 0.06171875 0.85859375 0.0625 0.06875
0 0.8578125 0.76640625 0.109375 0.1375
0 0.71796875 0.78046875 0.053125 0.075
0 0.51875 0.7046875 0.1640625 0.1875
0 0.5140625 0.55625 0.0828125 0.1609375
0 0.67578125 0.61796875 0.0875 0.1203125
0 0.740625 0.42265625 0.0578125 0.1203125
0 0.8640625 0.46328125 0.1625 0.1484375
0 0.8375 0.93125 0.184375 0.1375