0 0.48828125 0.0484375 0.071875 0.096875
0 0.26484375 0.3046875 0.06875 0.0953125
0 0.21640625 0.3890625 0.065625 0.096875
0 0.19140625 0.2765625 0.0625 0.090625
0 0.359375 0.22734375 0.053125 0.0703125
0 0.20078125 0.49921875 0.084375 0.1171875
0 0.65859375 0.209375 0.0421875 0.1078125
0 0.6390625 0.0984375 0.059375 0.0890625
0 0.5921875 0.1171875 0.046875 0.0875
0 0.80078125 0.04140625 0.0421875 0.0625
0 0.77734375 0.309375 0.046875 0.0671875
0 0.83515625 0.45 0.0640625 0.0890625
0 0.69765625 0.0203125 0.0375 0.040625
0 0.8390625 0.00859375 0.040625 0.0171875
0 0.8375 0.0921875 0.046875 0.065625
0 0.92578125 0.59296875 0.034375 0.0515625
0 0.9546875 0.50234375 0.046875 0.0875
0 0.840625 0.528125 0.0546875 0.0828125
0 0.184375 0.86640625 0.05 0.0421875
0 0.096875 0.7015625 0.0546875 0.0359375
0 0.04453125 0.696875 0.05625 0.040625
0 0.19453125 0.96171875 0.0796875 0.059375
0 0.603125 0.715625 0.0890625 0.0625
0 0.834375 0.65703125 0.065625 0.078125
0 0.7671875 0.75 0.0578125 0.0734375
0 0.859375 0.8234375 0.0640625 0.1203125
0 0.7109375 0.7546875 0.0328125 0.05
0 0.73046875 0.71875 0.0421875 0.0609375