0 0.5921875 0.18046875 0.0359375 0.0625
0 0.8671875 0.1125 0.0875 0.0625
0 0.72890625 0.2 0.103125 0.1390625
0 0.6359375 0.01796875 0.053125 0.0359375
0 0.278125 0.5390625 0.096875 0.06875
0 0.18984375 0.60390625 0.06875 0.04375
0 0.4015625 0.64375 0.109375 0.0859375
0 0.49765625 0.62890625 0.11875 0.1125
0 0.25703125 0.64453125 0.1125 0.065625
0 0.8578125 0.74296875 0.128125 0.165625
0 0.9265625 0.5203125 0.065625 0.109375
0 0.79296875 0.678125 0.05 0.1015625
0 0.67578125 0.746875 0.0546875 0.0984375
0 0.7140625 0.8875 0.0515625 0.1234375
0 0.6578125 0.890625 0.046875 0.084375
0 0.83125 0.89921875 0.0609375 0.0859375