0 0.70546875 0.1515625 0.065625 0.08125
0 0.77578125 0.1203125 0.0625 0.084375
0 0.98203125 0.259375 0.0359375 0.08125
0 0.75703125 0.2234375 0.0578125 0.078125
0 0.6109375 0.1484375 0.021875 0.0609375
0 0.82734375 0.046875 0.078125 0.09375
0 0.4984375 0.08828125 0.0546875 0.071875
0 0.49921875 0.29140625 0.046875 0.0609375
0 0.39140625 0.04921875 0.0546875 0.05625
0 0.440625 0.090625 0.0546875 0.078125
0 0.36328125 0.34609375 0.0484375 0.0625
0 0.540625 0.34609375 0.0359375 0.0546875
0 0.10078125 0.24375 0.0390625 0.0546875
0 0.203125 0.23515625 0.0453125 0.071875
0 0.13203125 0.35859375 0.059375 0.06875
0 0.334375 0.38984375 0.0390625 0.05
0 0.1953125 0.11640625 0.0609375 0.078125
0 0.6125 0.84609375 0.0234375 0.1078125
0 0.84609375 0.759375 0.0875 0.203125
0 0.31640625 0.725 0.059375 0.0515625
0 0.33125 0.84609375 0.040625 0.0453125
0 0.23828125 0.9578125 0.040625 0.0421875
0 0.20546875 0.90546875 0.0484375 0.053125
0 0.321875 0.53125 0.065625 0.0625
0 0.2921875 0.575 0.0578125 0.05
0 0.3328125 0.6 0.05 0.0578125
0 0.23984375 0.628125 0.025 0.0265625
0 0.2484375 0.65859375 0.04375 0.034375
0 0.2578125 0.54453125 0.0421875 0.0359375
0 0.190625 0.540625 0.0421875 0.0359375
0 0.24296875 0.73125 0.046875 0.046875
0 0.27890625 0.60390625 0.08125 0.0515625