0 0.01015625 0.21875 0.0203125 0.08125
0 0.28515625 0.3296875 0.0484375 0.059375
0 0.22734375 0.24453125 0.0515625 0.075
0 0.19375 0.33828125 0.05625 0.0421875
0 0.06484375 0.215625 0.0625 0.1421875
0 0.159375 0.2859375 0.1046875 0.1078125
0 0.7578125 0.1484375 0.0890625 0.090625
0 0.74609375 0.3484375 0.0546875 0.021875
0 0.79140625 0.234375 0.046875 0.05625
0 0.84375 0.34921875 0.040625 0.0203125
0 0.63359375 0.3171875 0.0546875 0.059375
0 0.71875 0.265625 0.040625 0.06875
0 0.94140625 0.16875 0.0640625 0.084375
0 0.4046875 0.60078125 0.065625 0.1015625
0 0.4453125 0.8671875 0.209375 0.25
0 0.2203125 0.75 0.134375 0.1703125
0 0.23515625 0.6453125 0.0703125 0.103125
0 0.93203125 0.45078125 0.109375 0.140625
0 0.925 0.86328125 0.1140625 0.134375