0 0.19296875 0.2890625 0.084375 0.125
0 0.115625 0.43671875 0.0390625 0.0921875
0 0.02890625 0.49453125 0.034375 0.090625
0 0.2640625 0.34921875 0.053125 0.0609375
0 0.68828125 0.26328125 0.0953125 0.1078125
0 0.6859375 0.4484375 0.071875 0.09375
0 0.05 0.9015625 0.059375 0.1390625
0 0.20703125 0.9890625 0.08125 0.021875
0 0.72109375 0.8765625 0.0453125 0.0390625
0 0.87265625 0.85390625 0.0625 0.0234375
0 0.9265625 0.81640625 0.0484375 0.028125
0 0.86796875 0.796875 0.0671875 0.04375
0 0.94453125 0.76875 0.0609375 0.0359375
0 0.78984375 0.840625 0.059375 0.028125
0 0.825 0.81328125 0.0296875 0.028125
0 0.7390625 0.7984375 0.0828125 0.025
0 0.62265625 0.7421875 0.059375 0.03125