0 0.73515625 0.4546875 0.09375 0.203125
0 0.8140625 0.19296875 0.0328125 0.08125
0 0.91875 0.415625 0.03125 0.09375
0 0.87421875 0.48984375 0.0296875 0.078125
0 0.871875 0.3546875 0.03125 0.0765625
0 0.71484375 0.871875 0.0296875 0.025
0 0.653125 0.8984375 0.0296875 0.01875
0 0.74453125 0.85 0.0328125 0.0296875
0 0.8046875 0.89609375 0.034375 0.021875
0 0.80703125 0.85 0.0578125 0.0421875
0 0.8265625 0.8703125 0.0375 0.021875
0 0.76328125 0.8875 0.0796875 0.0390625
0 0.675 0.8640625 0.0390625 0.0328125
0 0.72265625 0.828125 0.0625 0.040625
0 0.2296875 0.86953125 0.08125 0.0546875
0 0.25546875 0.94140625 0.0625 0.0453125