0 0.275 0.4640625 0.0625 0.078125
0 0.07109375 0.38359375 0.0671875 0.0578125
0 0.07421875 0.3765625 0.021875 0.015625
0 0.79765625 0.23671875 0.1140625 0.1
0 0.98046875 0.5609375 0.0390625 0.0796875
0 0.7359375 0.49453125 0.1296875 0.1296875
0 0.88046875 0.49375 0.11875 0.121875
0 0.64765625 0.44921875 0.1078125 0.1234375
0 0.753125 0.32578125 0.0546875 0.0796875
0 0.3671875 0.7 0.065625 0.0859375
0 0.2890625 0.70625 0.0625 0.0515625
0 0.3953125 0.8578125 0.05 0.0546875
0 0.23046875 0.78203125 0.0671875 0.071875
0 0.3359375 0.9109375 0.0859375 0.078125
0 0.0453125 0.80390625 0.0671875 0.059375
0 0.96171875 0.82109375 0.0765625 0.1078125
0 0.7421875 0.690625 0.0671875 0.075
0 0.70390625 0.83046875 0.059375 0.028125
0 0.84140625 0.7515625 0.0640625 0.0625
0 0.8078125 0.90078125 0.0515625 0.0515625
0 0.6265625 0.75390625 0.0328125 0.0328125
0 0.64140625 0.83359375 0.0375 0.0375
0 0.67890625 0.7890625 0.040625 0.04375
0 0.89296875 0.815625 0.034375 0.0375
0 0.6328125 0.7734375 0.0328125 0.0265625