0 0.51171875 0.0484375 0.071875 0.096875
0 0.73515625 0.3046875 0.06875 0.0953125
0 0.78359375 0.3890625 0.065625 0.096875
0 0.80859375 0.2765625 0.0625 0.090625
0 0.640625 0.22734375 0.053125 0.0703125
0 0.79921875 0.49921875 0.084375 0.1171875
0 0.34140625 0.209375 0.0421875 0.1078125
0 0.3609375 0.0984375 0.059375 0.0890625
0 0.4078125 0.1171875 0.046875 0.0875
0 0.19921875 0.04140625 0.0421875 0.0625
0 0.22265625 0.309375 0.046875 0.0671875
0 0.16484375 0.45 0.0640625 0.0890625
0 0.30234375 0.0203125 0.0375 0.040625
0 0.1609375 0.00859375 0.040625 0.0171875
0 0.1625 0.0921875 0.046875 0.065625
0 0.07421875 0.59296875 0.034375 0.0515625
0 0.0453125 0.50234375 0.046875 0.0875
0 0.159375 0.528125 0.0546875 0.0828125
0 0.815625 0.86640625 0.05 0.0421875
0 0.903125 0.7015625 0.0546875 0.0359375
0 0.95546875 0.696875 0.05625 0.040625
0 0.80546875 0.96171875 0.0796875 0.059375
0 0.396875 0.715625 0.0890625 0.0625
0 0.165625 0.65703125 0.065625 0.078125
0 0.2328125 0.75 0.0578125 0.0734375
0 0.140625 0.8234375 0.0640625 0.1203125
0 0.2890625 0.7546875 0.0328125 0.05
0 0.26953125 0.71875 0.0421875 0.0609375