0 0.32265625 0.0265625 0.053125 0.053125
0 0.25234375 0.11328125 0.0640625 0.09375
0 0.059375 0.13125 0.08125 0.1765625
0 0.175 0.0625 0.1265625 0.125
0 0.73203125 0.146875 0.5140625 0.29375
0 0.81953125 0.33125 0.2296875 0.2265625
0 0.09296875 0.52265625 0.1515625 0.10625
0 0.31328125 0.7671875 0.0703125 0.1203125
0 0.1234375 0.64375 0.0765625 0.090625
0 0.03359375 0.58515625 0.0671875 0.1078125
0 0.4453125 0.921875 0.15 0.15625
0 0.94609375 0.85546875 0.1078125 0.1390625
0 0.45625 0.7546875 0.059375 0.0734375
0 0.43828125 0.67421875 0.0546875 0.0671875
0 0.6015625 0.69765625 0.1796875 0.196875
0 0.821875 0.65703125 0.109375 0.1359375