0 0.86796875 0.04765625 0.0578125 0.065625
0 0.21796875 0.21796875 0.2203125 0.396875
0 0.01640625 0.07109375 0.0328125 0.1421875
0 0.0578125 0.35546875 0.115625 0.1484375
0 0.2078125 0.41875 0.078125 0.0234375
0 0.46953125 0.51640625 0.0609375 0.0578125
0 0.6109375 0.51953125 0.071875 0.071875
0 0.57578125 0.6671875 0.04375 0.0734375
0 0.471875 0.6453125 0.0578125 0.04375
0 0.2390625 0.859375 0.0671875 0.0875
0 0.12265625 0.7828125 0.103125 0.0875
0 0.05859375 0.8625 0.0765625 0.078125
0 0.12421875 0.6875 0.0703125 0.0703125
0 0.13984375 0.61328125 0.08125 0.0859375