0 0.72890625 0.22109375 0.1171875 0.0953125
0 0.85390625 0.14296875 0.178125 0.2515625
0 0.7546875 0.18203125 0.0046875 0.009375
0 0.7859375 0.121875 0.09375 0.18125
0 0.965625 0.20390625 0.0625 0.1015625
0 0.76328125 0.02734375 0.0578125 0.0546875
0 0.259375 0.70390625 0.0640625 0.1140625
0 0.353125 0.66953125 0.0625 0.09375
0 0.3671875 0.8609375 0.0421875 0.1234375
0 0.1359375 0.70390625 0.0453125 0.1234375
0 0.0984375 0.6640625 0.046875 0.0921875
0 0.165625 0.79609375 0.04375 0.109375
0 0.71171875 0.675 0.0921875 0.1609375
0 0.61875 0.54296875 0.0671875 0.0921875
0 0.93203125 0.7859375 0.04375 0.0890625
0 0.6734375 0.63515625 0.075 0.11875
0 0.81953125 0.73828125 0.0734375 0.1109375
0 0.715625 0.54453125 0.0671875 0.090625
0 0.76640625 0.58203125 0.06875 0.128125