0 0.86640625 0.03984375 0.0265625 0.040625
0 0.69375 0.5 0.009375 0.0375
0 0.76875 0.40703125 0.015625 0.0453125
0 0.778125 0.28046875 0.01875 0.0578125
0 0.71875 0.29296875 0.021875 0.103125
0 0.71484375 0.19296875 0.0140625 0.0390625
0 0.8765625 0.3453125 0.025 0.040625
0 0.653125 0.47109375 0.015625 0.053125
0 0.65703125 0.35390625 0.0125 0.046875
0 0.66875 0.2140625 0.01875 0.0703125
0 0.13203125 0.40703125 0.0296875 0.0484375
0 0.33828125 0.471875 0.0421875 0.0453125
0 0.55 0.33125 0.0421875 0.046875
0 0.5 0.3984375 0.034375 0.0421875
0 0.2234375 0.16796875 0.0390625 0.0390625
0 0.1796875 0.1375 0.034375 0.0328125
0 0.1796875 0.19609375 0.034375 0.0328125
0 0.1890625 0.278125 0.0296875 0.04375
0 0.38828125 0.23828125 0.05 0.040625
0 0.4015625 0.20703125 0.0453125 0.0375
0 0.3640625 0.28359375 0.0390625 0.0515625
0 0.3390625 0.240625 0.0265625 0.040625
0 0.18125 0.4875 0.0703125 0.0453125
0 0.15 0.53125 0.040625 0.0640625
0 0.4109375 0.2984375 0.0359375 0.0375
0 0.734375 0.83125 0.084375 0.09375
0 0.85859375 0.7578125 0.05 0.05625
0 0.60625 0.8765625 0.03125 0.0453125
0 0.65625 0.94921875 0.075 0.1015625
0 0.6546875 0.8703125 0.0640625 0.0578125
0 0.6046875 0.83359375 0.028125 0.046875
0 0.60546875 0.73203125 0.0296875 0.140625
0 0.7984375 0.98984375 0.0828125 0.0203125
0 0.7765625 0.9109375 0.08125 0.071875
0 0.6125 0.96484375 0.04375 0.0703125
0 0.6875 0.7015625 0.0765625 0.0828125
0 0.8640625 0.86171875 0.0984375 0.125
0 0.8125 0.690625 0.0796875 0.0765625
0 0.82890625 0.61171875 0.1171875 0.0640625
0 0.909375 0.6640625 0.0875 0.1125
0 0.953125 0.6015625 0.09375 0.046875
0 0.66328125 0.6046875 0.0453125 0.05
0 0.3375 0.84140625 0.10625 0.165625
0 0.2859375 0.75078125 0.046875 0.0734375
0 0.140625 0.7328125 0.06875 0.090625