0 0.2078125 0.4671875 0.0359375 0.059375
0 0.32578125 0.2234375 0.0375 0.0546875
0 0.12578125 0.3734375 0.0359375 0.053125
0 0.14453125 0.39375 0.034375 0.046875
0 0.28359375 0.4703125 0.040625 0.0421875
0 0.21015625 0.2359375 0.0265625 0.040625
0 0.3234375 0.1390625 0.0421875 0.046875
0 0.4015625 0.159375 0.0265625 0.0375
0 0.828125 0.27578125 0.125 0.1359375
0 0.27265625 0.928125 0.096875 0.14375
0 0.24375 0.84765625 0.04375 0.0640625
0 0.13515625 0.8046875 0.0609375 0.08125
0 0.7953125 0.8171875 0.3734375 0.303125