0 0.17734375 0.44453125 0.0953125 0.1546875
0 0.21484375 0.584375 0.0953125 0.0984375
0 0.55234375 0.20703125 0.0609375 0.0765625
0 0.65703125 0.21015625 0.0625 0.103125
0 0.946875 0.5296875 0.053125 0.0828125
0 0.87890625 0.446875 0.04375 0.0796875
0 0.68359375 0.50625 0.053125 0.096875
0 0.80390625 0.28984375 0.0609375 0.0734375
0 0.90234375 0.365625 0.0625 0.0796875
0 0.434375 0.9875 0.0703125 0.025
0 0.07890625 0.96796875 0.05625 0.0640625
0 0.0984375 0.7265625 0.05625 0.0765625
0 0.3671875 0.740625 0.0421875 0.0515625
0 0.1046875 0.86171875 0.0578125 0.0640625
0 0.29453125 0.990625 0.0828125 0.01875
0 0.38125 0.92109375 0.0578125 0.059375
0 0.90859375 0.8046875 0.034375 0.05
0 0.7359375 0.82890625 0.03125 0.05
0 0.84765625 0.7359375 0.0359375 0.05
0 0.79921875 0.865625 0.059375 0.0515625