0 0.96015625 0.2765625 0.0625 0.1234375
0 0.9484375 0.440625 0.103125 0.1
0 0.678125 0.4625 0.0828125 0.1078125
0 0.95078125 0.5296875 0.0640625 0.059375
0 0.81171875 0.2296875 0.0453125 0.1015625
0 0.79765625 0.04453125 0.0515625 0.06875
0 0.8703125 0.29921875 0.0640625 0.0765625
0 0.925 0.18203125 0.059375 0.0890625
0 0.63515625 0.134375 0.071875 0.1140625
0 0.59140625 0.35625 0.078125 0.065625
0 0.628125 0.53203125 0.075 0.0546875
0 0.515625 0.23671875 0.05 0.1125
0 0.275 0.0359375 0.1046875 0.071875
0 0.2046875 0.60078125 0.078125 0.0828125
0 0.27265625 0.62578125 0.0734375 0.115625
0 0.46328125 0.7671875 0.059375 0.0984375
0 0.1890625 0.80078125 0.059375 0.0859375
0 0.31015625 0.9296875 0.0875 0.121875
0 0.20625 0.59921875 0.0703125 0.0796875