0 0.49765625 0.178125 0.0828125 0.134375
0 0.32890625 0.2625 0.096875 0.15
0 0.8765625 0.275 0.0828125 0.13125
0 0.775 0.19296875 0.1015625 0.115625
0 0.66875 0.2953125 0.128125 0.10625
0 0.646875 0.13203125 0.0640625 0.09375
0 0.73671875 0.32734375 0.0796875 0.04375
0 0.2546875 0.69375 0.0640625 0.128125
0 0.28984375 0.50625 0.0375 0.090625
0 0.2078125 0.53828125 0.040625 0.078125
0 0.20078125 0.88515625 0.025 0.0421875
0 0.13203125 0.62890625 0.046875 0.096875
0 0.11953125 0.5421875 0.025 0.05625
0 0.1875 0.4234375 0.0296875 0.0625
0 0.378125 0.8328125 0.0390625 0.084375
0 0.303125 0.86171875 0.059375 0.1390625
0 0.8203125 0.621875 0.025 0.0578125
0 0.81796875 0.521875 0.0328125 0.1
0 0.84921875 0.73203125 0.025 0.075
0 0.68203125 0.77890625 0.0203125 0.0734375
0 0.74765625 0.8015625 0.0203125 0.053125
0 0.80546875 0.91328125 0.0203125 0.0578125
0 0.83203125 0.890625 0.025 0.053125
0 0.7484375 0.4046875 0.034375 0.075
0 0.81640625 0.4203125 0.0390625 0.103125