0 0.69375 0.2234375 0.153125 0.2125
0 0.6703125 0.4765625 0.0828125 0.1328125
0 0.76875 0.265625 0.065625 0.1203125
0 0.8125 0.61328125 0.178125 0.13125
0 0.86796875 0.153125 0.0703125 0.1203125
0 0.8046875 0.04765625 0.071875 0.09375
0 0.85859375 0.025 0.0609375 0.05
0 0.6890625 0.0546875 0.075 0.10625
0 0.44765625 0.371875 0.0828125 0.11875
0 0.49296875 0.1265625 0.0359375 0.0640625
0 0.38984375 0.0390625 0.0546875 0.078125
0 0.40234375 0.2578125 0.096875 0.134375
0 0.34296875 0.315625 0.0859375 0.125
0 0.31953125 0.18671875 0.090625 0.1578125
0 0.271875 0.45546875 0.0984375 0.1421875
0 0.36484375 0.42265625 0.121875 0.1515625
0 0.33203125 0.5578125 0.13125 0.1515625
0 0.2640625 0.33671875 0.1078125 0.14375
0 0.32578125 0.05390625 0.0984375 0.1078125
0 0.21015625 0.50078125 0.08125 0.11875
0 0.49609375 0.35 0.0296875 0.1421875
0 0.47578125 0.2265625 0.0703125 0.121875
0 0.409375 0.1265625 0.121875 0.1453125
0 0.46640625 0.04140625 0.0890625 0.0828125
0 0.23359375 0.0734375 0.1109375 0.146875
0 0.23203125 0.21796875 0.1203125 0.153125
0 0.18203125 0.3859375 0.0859375 0.15
0 0.83828125 0.7984375 0.0453125 0.0734375
0 0.87109375 0.96953125 0.05 0.0609375
0 0.98203125 0.88359375 0.0359375 0.15625