0 0.67265625 0.13515625 0.0609375 0.0609375
0 0.90390625 0.25859375 0.0703125 0.071875
0 0.7640625 0.159375 0.0625 0.0734375
0 0.79140625 0.2953125 0.046875 0.0453125
0 0.8640625 0.346875 0.075 0.046875
0 0.59140625 0.07734375 0.0546875 0.0625
0 0.5296875 0.25625 0.0671875 0.059375
0 0.65390625 0.18359375 0.14375 0.084375
0 0.74375 0.2921875 0.0671875 0.065625
0 0.04609375 0.2890625 0.0921875 0.096875
0 0.48671875 0.45546875 0.0875 0.0984375
0 0.334375 0.80390625 0.109375 0.1546875
0 0.51875 0.80703125 0.14375 0.1796875
0 0.08359375 0.73828125 0.0234375 0.08125
0 0.06640625 0.76484375 0.0171875 0.0671875
0 0.0890625 0.65625 0.028125 0.0875
0 0.0671875 0.63671875 0.0109375 0.046875
0 0.053125 0.634375 0.0109375 0.059375
0 0.1390625 0.41875 0.0296875 0.0984375
0 0.1515625 0.55703125 0.0375 0.1375
0 0.1015625 0.51953125 0.0296875 0.1234375
0 0.10703125 0.4296875 0.025 0.075