0 0.8546875 0.22890625 0.0609375 0.0421875
0 0.953125 0.2203125 0.09375 0.0609375
0 0.92578125 0.1328125 0.1296875 0.075
0 0.7 0.134375 0.059375 0.1265625
0 0.75859375 0.03359375 0.0890625 0.0671875
0 0.8109375 0.215625 0.0625 0.0671875
0 0.3140625 0.1484375 0.1140625 0.0640625
0 0.2109375 0.06875 0.134375 0.0703125
0 0.46640625 0.16171875 0.0671875 0.0359375
0 0.1109375 0.03203125 0.09375 0.0640625
0 0.0296875 0.04296875 0.0421875 0.059375
0 0.19375 0.16484375 0.08125 0.0484375
0 0.6796875 0.3703125 0.01875 0.053125
0 0.69375 0.8390625 0.046875 0.0546875
0 0.75 0.775 0.0546875 0.04375
0 0.7171875 0.4296875 0.034375 0.0359375
0 0.7609375 0.85859375 0.04375 0.0375
0 0.8234375 0.73671875 0.040625 0.040625
0 0.7953125 0.671875 0.0328125 0.0375
0 0.10078125 0.66484375 0.14375 0.1125
0 0.2234375 0.284375 0.059375 0.06875
0 0.475 0.30859375 0.09375 0.0953125
0 0.50703125 0.6640625 0.128125 0.1828125
0 0.06015625 0.30625 0.1171875 0.1125
0 0.409375 0.92265625 0.0890625 0.1078125
0 0.33125 0.59296875 0.0890625 0.0859375
0 0.26484375 0.95078125 0.065625 0.0875
0 0.05390625 0.95625 0.1078125 0.0875