0 0.328125 0.45 0.1296875 0.1296875
0 0.378125 0.0625 0.109375 0.125
0 0.2421875 0.0578125 0.109375 0.109375
0 0.4703125 0.5328125 0.0828125 0.1203125
0 0.16796875 0.2359375 0.071875 0.103125
0 0.171875 0.55078125 0.0765625 0.1
0 0.8 0.40234375 0.04375 0.109375
0 0.70546875 0.39453125 0.0375 0.1171875
0 0.83125 0.03125 0.0359375 0.0625
0 0.865625 0.2625 0.04375 0.1421875
0 0.90625 0.27109375 0.025 0.06875
0 0.71875 0.56875 0.0234375 0.0625
0 0.8390625 0.11640625 0.0296875 0.0703125
0 0.79453125 0.08984375 0.0203125 0.0640625
0 0.7875 0.028125 0.025 0.05625
0 0.8421875 0.28671875 0.0203125 0.06875
0 0.82109375 0.44921875 0.0203125 0.0578125
0 0.71640625 0.175 0.025 0.0859375
0 0.7765625 0.13984375 0.01875 0.0578125
0 0.8203125 0.3078125 0.021875 0.0671875
0 0.81796875 0.2203125 0.0203125 0.0546875
0 0.825 0.35859375 0.0234375 0.059375
0 0.6921875 0.30859375 0.021875 0.059375
0 0.7421875 0.25234375 0.05 0.134375
0 0.75625 0.59140625 0.0375 0.0578125
0 0.7515625 0.5234375 0.03125 0.078125
0 0.7140625 0.3 0.021875 0.0625
0 0.8703125 0.5140625 0.034375 0.08125
0 0.90078125 0.31796875 0.028125 0.0671875
0 0.2703125 0.69453125 0.1171875 0.1453125
0 0.34296875 0.859375 0.1765625 0.209375
0 0.92734375 0.70234375 0.1453125 0.1640625