0 0.4765625 0.0109375 0.0984375 0.021875
0 0.21015625 0.0796875 0.071875 0.053125
0 0.5546875 0.5109375 0.05625 0.059375
0 0.29296875 0.1078125 0.078125 0.0703125
0 0.43203125 0.065625 0.0734375 0.075
0 0.94140625 0.01796875 0.0234375 0.0359375
0 0.92265625 0.0734375 0.021875 0.0484375
0 0.975 0.0953125 0.0203125 0.046875
0 0.8859375 0.0734375 0.0140625 0.046875
0 0.7765625 0.4390625 0.0375 0.0765625
0 0.9546875 0.346875 0.0296875 0.0984375
0 0.8734375 0.2859375 0.040625 0.0625
0 0.10390625 0.8234375 0.053125 0.034375
0 0.21640625 0.78671875 0.0484375 0.0234375
0 0.20703125 0.89765625 0.0546875 0.0203125
0 0.2453125 0.884375 0.05 0.0234375
0 0.390625 0.79921875 0.0359375 0.0296875
0 0.3484375 0.8125 0.0375 0.0203125
0 0.20703125 0.71328125 0.04375 0.034375
0 0.3578125 0.8640625 0.0515625 0.0296875
0 0.2859375 0.8921875 0.03125 0.0234375
0 0.17109375 0.9078125 0.03125 0.0234375
0 0.26484375 0.6921875 0.084375 0.065625
0 0.18828125 0.87734375 0.0375 0.021875
0 0.13125 0.89453125 0.0546875 0.0296875
0 0.2796875 0.840625 0.0328125 0.01875
0 0.3171875 0.85625 0.028125 0.0171875
0 0.68984375 0.953125 0.1 0.09375
0 0.78984375 0.69921875 0.125 0.159375