0 0.80703125 0.2890625 0.084375 0.125
0 0.884375 0.43671875 0.0390625 0.0921875
0 0.97109375 0.49453125 0.034375 0.090625
0 0.7359375 0.34921875 0.053125 0.0609375
0 0.31171875 0.26328125 0.0953125 0.1078125
0 0.3140625 0.4484375 0.071875 0.09375
0 0.95 0.9015625 0.059375 0.1390625
0 0.79296875 0.9890625 0.08125 0.021875
0 0.27890625 0.8765625 0.0453125 0.0390625
0 0.12734375 0.85390625 0.0625 0.0234375
0 0.0734375 0.81640625 0.0484375 0.028125
0 0.13203125 0.796875 0.0671875 0.04375
0 0.05546875 0.76875 0.0609375 0.0359375
0 0.21015625 0.840625 0.059375 0.028125
0 0.175 0.81328125 0.0296875 0.028125
0 0.2609375 0.7984375 0.0828125 0.025
0 0.37734375 0.7421875 0.059375 0.03125