0 0.69296875 0.103125 0.0546875 0.06875
0 0.92578125 0.1328125 0.046875 0.090625
0 0.959375 0.203125 0.071875 0.11875
0 0.809375 0.25703125 0.0515625 0.1265625
0 0.38359375 0.2296875 0.0390625 0.05
0 0.46875 0.27890625 0.040625 0.0375
0 0.34140625 0.18671875 0.04375 0.059375
0 0.2640625 0.2890625 0.0453125 0.0421875
0 0.25859375 0.19140625 0.078125 0.084375
0 0.23359375 0.2359375 0.0484375 0.0421875
0 0.31875 0.26640625 0.109375 0.0734375
0 0.4359375 0.209375 0.05 0.065625
0 0.36953125 0.140625 0.0828125 0.08125
0 0.96875 0.72578125 0.0625 0.10625
0 0.77109375 0.6171875 0.0859375 0.159375
0 0.77734375 0.8375 0.0578125 0.096875
0 0.87421875 0.61015625 0.0546875 0.078125
0 0.84609375 0.896875 0.04375 0.0765625
0 0.95703125 0.959375 0.0859375 0.08125
0 0.209375 0.85625 0.4078125 0.2875