0 0.20234375 0.13515625 0.0078125 0.0078125
0 0.31484375 0.103125 0.0453125 0.0671875
0 0.3515625 0.16796875 0.0546875 0.0734375
0 0.18046875 0.10390625 0.121875 0.096875
0 0.20234375 0.0421875 0.115625 0.084375
0 0.94765625 0.36875 0.0609375 0.1328125
0 0.73203125 0.409375 0.0765625 0.08125
0 0.9453125 0.1078125 0.08125 0.1125
0 0.6859375 0.09375 0.0359375 0.0703125
0 0.82890625 0.22890625 0.0890625 0.1109375
0 0.73828125 0.18203125 0.08125 0.1046875
0 0.87421875 0.29296875 0.075 0.10625
0 0.78046875 0.35703125 0.0390625 0.06875
0 0.26171875 0.5140625 0.1203125 0.1296875
0 0.68984375 0.69140625 0.10625 0.14375