0 0.803125 0.125 0.04375 0.025
0 0.85390625 0.1671875 0.046875 0.0265625
0 0.915625 0.20234375 0.028125 0.01875
0 0.87421875 0.353125 0.0359375 0.025
0 0.83515625 0.20234375 0.0296875 0.028125
0 0.81171875 0.090625 0.0296875 0.021875
0 0.68984375 0.090625 0.0234375 0.015625
0 0.64609375 0.05234375 0.0203125 0.0171875
0 0.75859375 0.01171875 0.021875 0.015625
0 0.840625 0.06796875 0.021875 0.0140625
0 0.70546875 0.059375 0.0234375 0.0171875
0 0.68828125 0.0578125 0.0234375 0.0234375
0 0.6734375 0.1328125 0.03125 0.0234375
0 0.79921875 0.18515625 0.021875 0.015625
0 0.796875 0.2 0.021875 0.0140625
0 0.759375 0.0765625 0.03125 0.021875
0 0.865625 0.1265625 0.025 0.0171875
0 0.865625 0.225 0.015625 0.0125
0 0.8390625 0.228125 0.0203125 0.0140625
0 0.85078125 0.2203125 0.0171875 0.0140625
0 0.86328125 0.20390625 0.0171875 0.0125
0 0.81796875 0.10390625 0.025 0.0140625
0 0.8703125 0.19453125 0.028125 0.01875
0 0.840625 0.134375 0.0171875 0.015625
0 0.821875 0.0734375 0.040625 0.0296875
0 0.13984375 0.12890625 0.115625 0.0578125
0 0.41015625 0.12890625 0.0984375 0.0984375
0 0.3 0.2515625 0.078125 0.06875
0 0.7765625 0.79453125 0.059375 0.1125
0 0.81484375 0.65859375 0.0296875 0.0734375
0 0.7515625 0.746875 0.0234375 0.0671875
0 0.78046875 0.50234375 0.06875 0.1296875
0 0.8453125 0.4515625 0.034375 0.0484375
0 0.75546875 0.40078125 0.03125 0.0234375
0 0.6984375 0.778125 0.025 0.06875
0 0.709375 0.87109375 0.0234375 0.08125
0 0.68515625 0.86796875 0.021875 0.05625
0 0.759375 0.89140625 0.028125 0.0578125
0 0.3203125 0.6203125 0.3765625 0.421875
0 0.02421875 0.75859375 0.0484375 0.1328125