0 0.1265625 0.33515625 0.084375 0.1265625
0 0.51171875 0.290625 0.1015625 0.1109375
0 0.1265625 0.34296875 0.096875 0.0875
0 0.42890625 0.23671875 0.1140625 0.153125
0 0.29140625 0.30078125 0.0875 0.075
0 0.065625 0.071875 0.1046875 0.0859375
0 0.17734375 0.2609375 0.0765625 0.078125
0 0.13828125 0.1859375 0.071875 0.08125
0 0.1046875 0.24375 0.128125 0.146875
0 0.0359375 0.33984375 0.071875 0.11875
0 0.15234375 0.11484375 0.0953125 0.1359375
0 0.3359375 0.2484375 0.1328125 0.1453125
0 0.81640625 0.2984375 0.071875 0.0859375
0 0.70078125 0.06875 0.065625 0.103125
0 0.79453125 0.0234375 0.05 0.046875
0 0.678125 0.34375 0.0515625 0.0578125
0 0.73046875 0.2046875 0.0390625 0.065625
0 0.7390625 0.12734375 0.034375 0.0578125
0 0.59765625 0.56015625 0.04375 0.0671875
0 0.62421875 0.4734375 0.0109375 0.06875
0 0.71171875 0.85390625 0.0609375 0.1265625
0 0.81640625 0.90859375 0.0859375 0.1015625
0 0.6828125 0.703125 0.059375 0.0828125
0 0.74609375 0.72109375 0.04375 0.0765625
0 0.88984375 0.74375 0.1 0.1703125
0 0.93984375 0.93671875 0.05 0.0890625
0 0.82578125 0.74296875 0.065625 0.084375
0 0.778125 0.5890625 0.0828125 0.0703125
0 0.67109375 0.59140625 0.0625 0.1140625