0 0.1375 0.4265625 0.05 0.059375
0 0.203125 0.52578125 0.05 0.046875
0 0.109375 0.2796875 0.05 0.05625
0 0.19296875 0.278125 0.0265625 0.0421875
0 0.2765625 0.38515625 0.03125 0.0421875
0 0.46875 0.48671875 0.05 0.053125
0 0.24609375 0.33359375 0.046875 0.053125
0 0.21875 0.2765625 0.04375 0.053125
0 0.3046875 0.53984375 0.0328125 0.040625
0 0.3734375 0.425 0.053125 0.06875
0 0.25390625 0.36796875 0.0421875 0.0609375
0 0.29765625 0.39296875 0.0296875 0.0375
0 0.82265625 0.26640625 0.1875 0.1375
0 0.89140625 0.43125 0.1640625 0.103125
0 0.621875 0.3140625 0.025 0.096875
0 0.32109375 0.79140625 0.1125 0.09375
0 0.42421875 0.75234375 0.0515625 0.046875
0 0.259375 0.7609375 0.0640625 0.059375
0 0.43125 0.8078125 0.075 0.0703125
0 0.85234375 0.765625 0.059375 0.0640625