0 0.7671875 0.10859375 0.2125 0.1375
0 0.9453125 0.24296875 0.06875 0.1109375
0 0.7671875 0.39375 0.1578125 0.13125
0 0.9296875 0.321875 0.071875 0.121875
0 0.3953125 0.278125 0.0390625 0.0421875
0 0.3 0.14765625 0.034375 0.0359375
0 0.45546875 0.1109375 0.028125 0.0328125
0 0.21484375 0.41875 0.0375 0.05625
0 0.278125 0.26484375 0.0390625 0.034375
0 0.2578125 0.22578125 0.04375 0.034375
0 0.4015625 0.18046875 0.03125 0.0359375
0 0.36484375 0.19296875 0.0171875 0.0390625
0 0.08359375 0.36796875 0.06875 0.053125
0 0.41875 0.11640625 0.0296875 0.034375
0 0.315625 0.18515625 0.028125 0.03125
0 0.34296875 0.1640625 0.03125 0.046875
0 0.375 0.121875 0.0265625 0.0359375
0 0.4546875 0.1796875 0.028125 0.034375
0 0.346875 0.11484375 0.028125 0.0328125
0 0.2734375 0.1359375 0.0421875 0.04375
0 0.19140625 0.15703125 0.03125 0.0328125
0 0.1375 0.4140625 0.034375 0.0421875
0 0.1390625 0.36796875 0.0375 0.046875
0 0.9203125 0.93125 0.08125 0.1125
0 0.721875 0.5546875 0.0546875 0.08125
0 0.790625 0.55546875 0.0578125 0.0515625
0 0.5109375 0.665625 0.01875 0.0765625
0 0.4796875 0.5875 0.0515625 0.078125
0 0.46953125 0.89609375 0.0515625 0.0609375
0 0.40625 0.95078125 0.05625 0.065625
0 0.2671875 0.9421875 0.059375 0.075
0 0.16875 0.76015625 0.0890625 0.115625
0 0.21015625 0.946875 0.11875 0.10625
0 0.3234375 0.9328125 0.0546875 0.071875
0 0.36875 0.89296875 0.05 0.065625