0 0.46484375 0.0796875 0.0453125 0.025
0 0.16875 0.27109375 0.040625 0.0421875
0 0.93515625 0.3734375 0.0375 0.0625
0 0.91171875 0.2984375 0.028125 0.0609375
0 0.94921875 0.18359375 0.0609375 0.059375
0 0.7828125 0.14375 0.0703125 0.1
0 0.3453125 0.91171875 0.1375 0.1265625
0 0.621875 0.9078125 0.0890625 0.0765625
0 0.06875 0.7265625 0.090625 0.0921875
0 0.49609375 0.83203125 0.115625 0.078125
0 0.515625 0.77734375 0.0609375 0.071875
0 0.290625 0.78125 0.06875 0.0703125
0 0.40859375 0.803125 0.103125 0.0765625
0 0.878125 0.80703125 0.0125 0.0375
0 0.86640625 0.88515625 0.015625 0.078125
0 0.90546875 0.75078125 0.0125 0.059375
0 0.81640625 0.51875 0.009375 0.059375
0 0.85546875 0.5765625 0.0109375 0.0390625
0 0.9 0.55390625 0.0109375 0.04375
0 0.91171875 0.6015625 0.0140625 0.0328125
0 0.815625 0.89765625 0.01875 0.046875
0 0.85546875 0.9640625 0.0203125 0.071875