0 0.29453125 0.1515625 0.065625 0.08125
0 0.22421875 0.1203125 0.0625 0.084375
0 0.01796875 0.259375 0.0359375 0.08125
0 0.24296875 0.2234375 0.0578125 0.078125
0 0.3890625 0.1484375 0.021875 0.0609375
0 0.17265625 0.046875 0.078125 0.09375
0 0.5015625 0.08828125 0.0546875 0.071875
0 0.50078125 0.29140625 0.046875 0.0609375
0 0.60859375 0.04921875 0.0546875 0.05625
0 0.559375 0.090625 0.0546875 0.078125
0 0.63671875 0.34609375 0.0484375 0.0625
0 0.459375 0.34609375 0.0359375 0.0546875
0 0.89921875 0.24375 0.0390625 0.0546875
0 0.796875 0.23515625 0.0453125 0.071875
0 0.86796875 0.35859375 0.059375 0.06875
0 0.665625 0.38984375 0.0390625 0.05
0 0.8046875 0.11640625 0.0609375 0.078125
0 0.3875 0.84609375 0.0234375 0.1078125
0 0.15390625 0.759375 0.0875 0.203125
0 0.68359375 0.725 0.059375 0.0515625
0 0.66875 0.84609375 0.040625 0.0453125
0 0.76171875 0.9578125 0.040625 0.0421875
0 0.79453125 0.90546875 0.0484375 0.053125
0 0.678125 0.53125 0.065625 0.0625
0 0.7078125 0.575 0.0578125 0.05
0 0.6671875 0.6 0.05 0.0578125
0 0.76015625 0.628125 0.025 0.0265625
0 0.7515625 0.65859375 0.04375 0.034375
0 0.7421875 0.54453125 0.0421875 0.0359375
0 0.809375 0.540625 0.0421875 0.0359375
0 0.75703125 0.73125 0.046875 0.046875
0 0.72109375 0.60390625 0.08125 0.0515625