0 0.66328125 0.1546875 0.1734375 0.2109375
0 0.7484375 0.1109375 0.075 0.11875
0 0.86328125 0.22109375 0.0796875 0.11875
0 0.79296875 0.3515625 0.08125 0.1421875
0 0.85390625 0.37421875 0.06875 0.1
0 0.6609375 0.3234375 0.084375 0.10625
0 0.32578125 0.334375 0.075 0.1171875
0 0.34375 0.17265625 0.053125 0.084375
0 0.16015625 0.30546875 0.059375 0.078125
0 0.04375 0.31015625 0.0609375 0.071875
0 0.309375 0.1453125 0.03125 0.040625
0 0.26796875 0.07734375 0.05625 0.04375
0 0.2375 0.346875 0.0578125 0.0609375
0 0.20546875 0.28359375 0.0390625 0.0546875
0 0.15625 0.22109375 0.0671875 0.090625
0 0.27265625 0.271875 0.0765625 0.1
0 0.10703125 0.34609375 0.0546875 0.0703125
0 0.11484375 0.29609375 0.046875 0.0640625
0 0.7578125 0.63203125 0.08125 0.0984375
0 0.5609375 0.77734375 0.0765625 0.115625
0 0.628125 0.89765625 0.059375 0.090625
0 0.63984375 0.49921875 0.05625 0.0640625
0 0.63984375 0.66484375 0.046875 0.075
0 0.61875 0.74609375 0.040625 0.0625
0 0.79296875 0.49609375 0.053125 0.0640625
0 0.2359375 0.88828125 0.025 0.0546875
0 0.0875 0.70625 0.028125 0.0546875
0 0.17421875 0.878125 0.0203125 0.0453125
0 0.19453125 0.8671875 0.0171875 0.0390625
0 0.22265625 0.78203125 0.0234375 0.0421875
0 0.190625 0.68359375 0.0203125 0.0421875
0 0.2296875 0.69453125 0.0234375 0.0453125
0 0.14296875 0.8359375 0.021875 0.0453125
0 0.1765625 0.828125 0.0234375 0.04375
0 0.20390625 0.796875 0.025 0.0640625
0 0.19921875 0.72734375 0.0265625 0.05
0 0.16796875 0.621875 0.0265625 0.0515625
0 0.15625 0.81796875 0.021875 0.0515625
0 0.1609375 0.90546875 0.028125 0.0578125
0 0.22578125 0.73046875 0.0203125 0.0453125
0 0.19375 0.60859375 0.025 0.0578125
0 0.11640625 0.64609375 0.0203125 0.0390625
0 0.134375 0.6734375 0.0171875 0.0390625
0 0.1546875 0.68515625 0.021875 0.05
0 0.0390625 0.6234375 0.021875 0.0515625
0 0.05859375 0.69140625 0.021875 0.05
0 0.0796875 0.65625 0.01875 0.0390625
0 0.09140625 0.67578125 0.0203125 0.0453125
0 0.23984375 0.75078125 0.0203125 0.05
0 0.25 0.7203125 0.01875 0.0375
0 0.19375 0.76953125 0.0265625 0.053125