0 0.11484375 0.025 0.0734375 0.05
0 0.4625 0.34609375 0.06875 0.0796875
0 0.5421875 0.3484375 0.059375 0.0671875
0 0.50703125 0.2609375 0.0609375 0.06875
0 0.44375 0.14765625 0.05625 0.0796875
0 0.18671875 0.40234375 0.084375 0.0875
0 0.18515625 0.46171875 0.078125 0.08125
0 0.19375 0.31171875 0.0734375 0.1
0 0.25546875 0.35 0.0515625 0.075
0 0.11796875 0.33515625 0.065625 0.0765625
0 0.4890625 0.77421875 0.1296875 0.0796875
0 0.33359375 0.78203125 0.0625 0.040625
0 0.12265625 0.83984375 0.1921875 0.109375
0 0.1328125 0.9171875 0.10625 0.0875
0 0.30390625 0.86875 0.1046875 0.0671875
0 0.39765625 0.96171875 0.075 0.0640625
0 0.5296875 0.92890625 0.1828125 0.0890625
0 0.446875 0.70078125 0.2140625 0.0640625
0 0.7203125 0.803125 0.0796875 0.09375